11 74
11 87
10 80
11 89
9 91
8 79
11 74
11 85
11 79
11 91
8 92
9 83
11 71
11 87
10 80
10 88
8 91
8 89
11 69
10 83
10 78
10 79
8 84
8 90
10 79
10 81
10 87
10 71
9 76
8 81
10 75
11 68
11 82
11 70
9 66
9 77
11 86
11 67
11 81
11 87
9 68
9 65
11 77
11 71
11 71
11 79
8 81
9 65
11 69
11 87
11 67
11 75
8 75
8 77
11 69
11 77
10 71
11 69
8 69
8 74
11 69
10 67
10 83
10 65
9 65
9 63
11 74
10 70
10 61
11 71
8 76
9 67
11 65
11 77
11 65
11 61
9 67
8 77
11 69
11 55
11 75
11 64
9 63
9 61
11 76
11 63
11 59
11 79
9 65
9 63
11 58
11 77
10 65
11 55
9 67
9 77
11 64
10 59
11 82
10 62
8 59
9 55
10 79
11 61
11 53
11 75
8 63
8 61
11 50
11 81
11 64
11 45
9 63
9 73
11 65
11 49
10 77
11 61
8 55
9 45
11 73
10 59
11 50
11 65
8 79
8 66
11 45
11 67
10 68
10 46
8 45
8 61
11 79
10 45
11 63
10 79
8 58
8 49
11 55
11 78
10 55
11 51
8 71
8 77
10 56
11 43
11 71
11 59
8 46
8 44
11 67
10 63
11 43
11 67
8 73
9 72
11 43
11 61
11 77
10 43
9 43
8 53
11 75
10 49
11 43
11 74
8 76
9 53
11 43
10 69
10 57
11 41
9 48
9 65
11 75
11 43
11 62
11 71
8 57
8 42
11 49
10 75
11 47
10 41
9 61
8 67
10 55
11 39
10 65
11 68
8 43
8 43
11 61
11 71
10 44
10 61
8 67
9 70
11 44
11 41
11 67
10 49
8 42
8 36
10 63
10 68
11 39
11 61
9 65
8 69
11 43
9 43
10 65
10 41
9 41
9 40
10 65
11 51
11 41
9 62
8 65
8 66
11 41
10 62
11 69
11 40
8 41
8 37
11 64
10 42
10 37
10 58
9 64
8 63
11 40
9 59
11 64
11 39
8 37
8 47
11 59
10 37
11 39
10 65
9 64
8 57
10 37
10 58
11 60
11 37
8 36
8 57
10 63
11 35
11 37
10 60
8 59
8 44
9 35
10 54
10 56
11 34
8 35
7 54
11 58
11 33
11 35
10 54
9 56
8 35
9 33
9 53
9 51
9 30
7 29
7 48
10 47
11 25
9 25
8 37
7 37
7 37
7 23
7 38
8 35
8 24
7 23
7 37
8 37
9 23
7 36
7 37
7 35
7 35
7 23
7 38
8 35
7 23
7 23
6 38
8 35
8 22
7 38
7 34
7 34
7 30
7 24
7 37
7 36
7 22
7 36
6 36
8 34
7 23
7 37
8 35
7 36
7 22
7 36
7 33
7 32
7 23
6 37
6 38
8 34
7 21
7 35
8 34
7 33
6 22
7 37
7 34
8 21
7 24
6 35
6 34
7 32
7 23
7 37
8 34
6 21
6 21
7 35
8 34
8 21
7 37
6 35
6 33
8 21
7 35
7 33
7 30
6 22
6 23
7 34
7 34
7 21
7 34
6 33
6 33
7 22
7 36
8 34
8 22
6 21
6 37
7 33
8 25
7 28
7 33
7 34
6 31
7 22
7 34
7 32
7 21
6 35
6 34
8 34
7 21
7 34
8 33
6 32
6 22
7 35
7 33
8 21
7 37
6 34
6 33
7 29
7 28
7 33
7 31
6 20
6 22
7 34
7 31
7 21
7 34
6 33
6 34
8 21
7 34
7 33
7 21
6 34
6 34
8 33
7 21
7 34
8 33
6 31
6 21
7 34
8 33
8 21
7 34
6 34
6 33
7 22
7 34
6 33
7 22
6 20
6 34
6 33
7 21
7 45
6 46
7 41
4 37
7 44
6 43
8 36
7 45
6 45
6 46
7 38
7 47
7 44
7 32
6 31
6 44
7 45
7 36
7 51
7 48
7 47
6 35
7 50
9 49
8 38
8 52
4 52
4 54
7 41
7 58
9 57
14 46
7 59
6 60
8 57
7 46
8 61
9 57
7 47
13 52
8 61
9 56
10 59
8 59
7 57
6 52
13 64
10 60
9 52
8 71
4 74
4 74
9 61
8 74
10 72
12 66
4 76
4 80
18 74
24 77
18 73
8 64
7 82
4 88
8 93
8 83
13 90
9 96
11 82
7 95
7 111
9 103
14 115
21 113
6 111
7 122
8 163
9 219
7 255
7 267
4 272
4 269
9 278
4 273
10 282
16 286
4 286
4 287
7 282
8 282
8 286
8 283
4 287
4 278
7 287
8 282
8 283
9 285
4 278
4 278
8 282
7 283
9 278
8 281
4 278
4 276
7 280
9 285
7 278
8 274
4 281
4 277
7 271
7 273
8 279
8 276
4 280
6 279
7 278
8 278
7 278
9 281
6 278
4 274
8 281
7 277
8 279
7 282
4 276
6 273
8 271
7 270
7 271
8 275
4 270
4 276
9 273
8 274
7 270
7 275
6 284
4 275
7 274
8 269
7 273
7 272
4 267
6 286
8 270
8 277
8 259
7 269
4 262
6 263
7 269
8 266
8 270
8 261
6 256
4 264
7 252
7 261
8 264
8 263
4 258
4 263
7 261
7 266
7 276
8 264
6 262
4 260
8 266
7 256
7 256
7 262
4 259
6 261
8 272
8 261
7 255
7 257
5 259
4 252
8 260
7 263
8 257
7 265
4 258
6 256
7 261
7 262
7 250
8 258
4 256
4 258
7 256
7 270
8 255
8 258
5 258
6 265
6 246
7 254
7 261
8 253
5 264
6 260
8 255
7 256
7 257
6 249
6 260
5 261
8 250
8 252
8 258
7 255
4 251
5 253
7 256
8 252
8 250
7 251
5 250
6 246
7 249
7 244
8 252
7 249
5 246
6 242
6 248
7 238
7 235
7 246
6 244
6 238
9 240
7 248
7 233
7 243
4 246
4 231
8 230
8 246
7 236
8 234
6 235
6 237
8 233
7 234
8 233
8 231
6 230
6 229
7 225
8 230
7 226
8 231
6 232
6 226
8 227
7 224
7 228
7 217
4 218
7 230
7 227
8 222
7 228
7 221
6 222
6 223
8 226
7 216
10 222
7 230
5 214
5 218
7 219
8 214
7 216
8 214
6 212
6 210
8 210
7 218
8 211
8 219
6 213
4 199
8 209
8 215
7 205
8 208
6 215
6 214
9 206
8 210
7 206
8 203
4 207
6 211
7 201
9 204
7 210
9 200
6 209
6 206
7 204
7 199
8 199
8 197
7 201
7 200
7 200
8 195
7 201
7 197
6 197
6 191
