1.000082e+00 1.000040e+00
1.000027e+00 1.000013e+00
1.000022e+00 1.000011e+00
1.000022e+00 1.000012e+00
1.000018e+00 1.000011e+00
1.000018e+00 1.000010e+00
1.000020e+00 1.000010e+00
1.000020e+00 1.000010e+00
1.000019e+00 1.000010e+00
1.000022e+00 1.000011e+00
1.000020e+00 1.000011e+00
1.000018e+00 1.000010e+00
1.000019e+00 1.000010e+00
1.000020e+00 1.000011e+00
1.000019e+00 1.000010e+00
1.000021e+00 1.000011e+00
1.000019e+00 1.000011e+00
1.000017e+00 1.000010e+00
1.000018e+00 1.000010e+00
1.000020e+00 1.000011e+00
1.000017e+00 1.000010e+00
1.000019e+00 1.000011e+00
1.000021e+00 1.000012e+00
1.000016e+00 1.000009e+00
1.000018e+00 1.000010e+00
1.000022e+00 1.000012e+00
1.000017e+00 1.000009e+00
1.000020e+00 1.000011e+00
1.000020e+00 1.000012e+00
1.000021e+00 1.000012e+00
1.000018e+00 1.000010e+00
1.000021e+00 1.000012e+00
1.000020e+00 1.000011e+00
1.000019e+00 1.000011e+00
1.000021e+00 1.000013e+00
1.000021e+00 1.000012e+00
1.000019e+00 1.000010e+00
1.000022e+00 1.000012e+00
1.000023e+00 1.000012e+00
1.000020e+00 1.000011e+00
1.000022e+00 1.000013e+00
1.000023e+00 1.000013e+00
1.000023e+00 1.000012e+00
1.000022e+00 1.000012e+00
1.000024e+00 1.000013e+00
1.000022e+00 1.000012e+00
1.000021e+00 1.000012e+00
1.000022e+00 1.000013e+00
1.000022e+00 1.000012e+00
1.000020e+00 1.000011e+00
1.000022e+00 1.000013e+00
1.000021e+00 1.000012e+00
1.000022e+00 1.000013e+00
1.000020e+00 1.000012e+00
1.000023e+00 1.000013e+00
1.000022e+00 1.000013e+00
1.000022e+00 1.000013e+00
1.000022e+00 1.000013e+00
1.000020e+00 1.000012e+00
1.000023e+00 1.000014e+00
1.000023e+00 1.000013e+00
1.000022e+00 1.000012e+00
1.000023e+00 1.000013e+00
1.000023e+00 1.000013e+00
1.000022e+00 1.000013e+00
1.000021e+00 1.000013e+00
1.000023e+00 1.000013e+00
1.000024e+00 1.000014e+00
1.000021e+00 1.000012e+00
1.000023e+00 1.000014e+00
1.000022e+00 1.000013e+00
1.000023e+00 1.000014e+00
1.000020e+00 1.000012e+00
1.000024e+00 1.000014e+00
1.000024e+00 1.000014e+00
1.000022e+00 1.000013e+00
1.000028e+00 1.000017e+00
1.000024e+00 1.000014e+00
1.000024e+00 1.000014e+00
1.000022e+00 1.000013e+00
1.000025e+00 1.000015e+00
1.000024e+00 1.000014e+00
1.000020e+00 1.000013e+00
1.000025e+00 1.000016e+00
1.000026e+00 1.000015e+00
1.000022e+00 1.000013e+00
1.000024e+00 1.000014e+00
1.000026e+00 1.000015e+00
1.000024e+00 1.000016e+00
1.000021e+00 1.000013e+00
1.000025e+00 1.000015e+00
1.000026e+00 1.000015e+00
1.000022e+00 1.000013e+00
1.000025e+00 1.000015e+00
1.000028e+00 1.000018e+00
1.000024e+00 1.000015e+00
1.000022e+00 1.000013e+00
1.000026e+00 1.000015e+00
1.000026e+00 1.000016e+00
1.000021e+00 1.000012e+00
1.000024e+00 1.000015e+00
1.000027e+00 1.000018e+00
1.000029e+00 1.000017e+00
1.000021e+00 1.000012e+00
1.000025e+00 1.000016e+00
1.000028e+00 1.000017e+00
1.000025e+00 1.000016e+00
1.000020e+00 1.000013e+00
1.000026e+00 1.000016e+00
1.000030e+00 1.000018e+00
1.000020e+00 1.000013e+00
1.000026e+00 1.000016e+00
1.000033e+00 1.000022e+00
1.000030e+00 1.000019e+00
1.000021e+00 1.000013e+00
1.000026e+00 1.000016e+00
1.000033e+00 1.000020e+00
1.000022e+00 1.000014e+00
1.000025e+00 1.000016e+00
1.000029e+00 1.000020e+00
1.000035e+00 1.000022e+00
1.000024e+00 1.000014e+00
1.000028e+00 1.000018e+00
1.000035e+00 1.000022e+00
1.000027e+00 1.000017e+00
1.000021e+00 1.000013e+00
1.000027e+00 1.000016e+00
1.000036e+00 1.000023e+00
1.000026e+00 1.000016e+00
1.000027e+00 1.000016e+00
1.000030e+00 1.000019e+00
1.000036e+00 1.000023e+00
1.000028e+00 1.000017e+00
1.000026e+00 1.000016e+00
1.000034e+00 1.000022e+00
1.000030e+00 1.000018e+00
1.000020e+00 1.000013e+00
1.000029e+00 1.000019e+00
1.000033e+00 1.000021e+00
1.000031e+00 1.000019e+00
1.000024e+00 1.000015e+00
1.000031e+00 1.000020e+00
1.000039e+00 1.000026e+00
1.000032e+00 1.000021e+00
1.000023e+00 1.000014e+00
1.000031e+00 1.000020e+00
1.000040e+00 1.000026e+00
1.000022e+00 1.000014e+00
1.000031e+00 1.000021e+00
1.000033e+00 1.000022e+00
1.000044e+00 1.000028e+00
1.000023e+00 1.000014e+00
1.000031e+00 1.000020e+00
1.000043e+00 1.000030e+00
1.000033e+00 1.000022e+00
1.000019e+00 1.000013e+00
1.000030e+00 1.000020e+00
1.000039e+00 1.000026e+00
1.000025e+00 1.000016e+00
1.000028e+00 1.000018e+00
1.000034e+00 1.000024e+00
1.000036e+00 1.000024e+00
1.000032e+00 1.000020e+00
1.000027e+00 1.000017e+00
1.000034e+00 1.000022e+00
1.000040e+00 1.000026e+00
1.000018e+00 1.000012e+00
1.000029e+00 1.000020e+00
1.000035e+00 1.000023e+00
1.000049e+00 1.000032e+00
1.000024e+00 1.000015e+00
1.000034e+00 1.000023e+00
1.000036e+00 1.000025e+00
1.000051e+00 1.000036e+00
1.000024e+00 1.000015e+00
1.000033e+00 1.000022e+00
1.000043e+00 1.000029e+00
1.000024e+00 1.000016e+00
1.000028e+00 1.000020e+00
1.000037e+00 1.000026e+00
1.000039e+00 1.000026e+00
1.000037e+00 1.000023e+00
1.000031e+00 1.000021e+00
1.000038e+00 1.000025e+00
1.000047e+00 1.000033e+00
1.000049e+00 1.000034e+00
1.000028e+00 1.000018e+00
1.000039e+00 1.000027e+00
1.000059e+00 1.000041e+00
1.000025e+00 1.000017e+00
1.000037e+00 1.000026e+00
1.000040e+00 1.000028e+00
1.000052e+00 1.000035e+00
1.000022e+00 1.000015e+00
1.000034e+00 1.000022e+00
1.000040e+00 1.000027e+00
1.000062e+00 1.000044e+00
1.000025e+00 1.000017e+00
1.000033e+00 1.000023e+00
1.000040e+00 1.000028e+00
1.000052e+00 1.000037e+00
1.000029e+00 1.000020e+00
1.000041e+00 1.000029e+00
1.000042e+00 1.000030e+00
1.000067e+00 1.000046e+00
1.000026e+00 1.000017e+00
1.000040e+00 1.000028e+00
1.000055e+00 1.000040e+00
1.000056e+00 1.000040e+00
1.000014e+00 1.000010e+00
1.000035e+00 1.000025e+00
1.000043e+00 1.000029e+00
1.000038e+00 1.000025e+00
1.000032e+00 1.000022e+00
1.000043e+00 1.000031e+00
1.000045e+00 1.000033e+00
1.000068e+00 1.000048e+00
1.000031e+00 1.000023e+00
1.000045e+00 1.000031e+00
1.000072e+00 1.000049e+00
1.000039e+00 1.000028e+00
1.000020e+00 1.000014e+00
1.000041e+00 1.000030e+00
1.000053e+00 1.000038e+00
1.000026e+00 1.000018e+00
1.000035e+00 1.000026e+00
1.000046e+00 1.000033e+00
1.000047e+00 1.000034e+00
1.000053e+00 1.000038e+00
1.000045e+00 1.000032e+00
1.000048e+00 1.000034e+00
1.000081e+00 1.000059e+00
1.000020e+00 1.000014e+00
1.000030e+00 1.000022e+00
1.000046e+00 1.000033e+00
1.000068e+00 1.000048e+00
1.000022e+00 1.000015e+00
1.000041e+00 1.000030e+00
1.000050e+00 1.000036e+00
1.000052e+00 1.000038e+00
1.000042e+00 1.000030e+00
1.000037e+00 1.000027e+00
1.000051e+00 1.000038e+00
1.000082e+00 1.000060e+00
1.000016e+00 1.000010e+00
1.000039e+00 1.000029e+00
1.000050e+00 1.000036e+00
1.000087e+00 1.000065e+00
1.000023e+00 1.000017e+00
1.000048e+00 1.000036e+00
1.000055e+00 1.000041e+00
1.000063e+00 1.000047e+00
1.000035e+00 1.000025e+00
1.000041e+00 1.000031e+00
1.000054e+00 1.000041e+00
1.000075e+00 1.000055e+00
1.000015e+00 1.000010e+00
1.000046e+00 1.000035e+00
1.000055e+00 1.000039e+00
1.000105e+00 1.000079e+00
1.000028e+00 1.000020e+00
1.000054e+00 1.000041e+00
1.000061e+00 1.000046e+00
1.000081e+00 1.000060e+00
1.000031e+00 1.000021e+00
1.000047e+00 1.000036e+00
1.000061e+00 1.000046e+00
1.000072e+00 1.000052e+00
1.000024e+00 1.000017e+00
1.000052e+00 1.000040e+00
1.000061e+00 1.000044e+00
1.000133e+00 1.000100e+00
1.000031e+00 1.000022e+00
1.000067e+00 1.000048e+00
1.000076e+00 1.000056e+00
1.000108e+00 1.000081e+00
1.000014e+00 1.000007e+00
1.000071e+00 1.000055e+00
1.000097e+00 1.000072e+00
1.000256e+00 1.000192e+00
1.000053e+00 1.000035e+00
1.000147e+00 1.000111e+00
1.000161e+00 1.000119e+00
1.000228e+00 1.000173e+00
1.000100e+00 1.000073e+00
1.000165e+00 1.000125e+00
1.000152e+00 1.000116e+00
1.000178e+00 1.000137e+00
1.000043e+00 1.000029e+00
1.000162e+00 1.000125e+00
1.000153e+00 1.000118e+00
1.000292e+00 1.000228e+00
1.000086e+00 1.000061e+00
1.000170e+00 1.000132e+00
1.000166e+00 1.000127e+00
1.000253e+00 1.000197e+00
1.000128e+00 1.000097e+00
1.000172e+00 1.000132e+00
1.000158e+00 1.000123e+00
1.000203e+00 1.000157e+00
1.000071e+00 1.000052e+00
1.000172e+00 1.000132e+00
1.000170e+00 1.000131e+00
1.000128e+00 1.000087e+00
1.000097e+00 1.000073e+00
1.000182e+00 1.000142e+00
1.000171e+00 1.000131e+00
1.000283e+00 1.000222e+00
1.000158e+00 1.000121e+00
1.000186e+00 1.000144e+00
1.000172e+00 1.000134e+00
1.000240e+00 1.000188e+00
1.000114e+00 1.000087e+00
1.000184e+00 1.000143e+00
1.000195e+00 1.000152e+00
1.000058e+00 1.000042e+00
1.000150e+00 1.000118e+00
1.000186e+00 1.000146e+00
1.000174e+00 1.000135e+00
1.000311e+00 1.000246e+00
1.000183e+00 1.000141e+00
1.000194e+00 1.000151e+00
1.000194e+00 1.000153e+00
1.000277e+00 1.000219e+00
1.000155e+00 1.000119e+00
1.000192e+00 1.000150e+00
1.000235e+00 1.000185e+00
1.000110e+00 1.000085e+00
1.000192e+00 1.000152e+00
1.000194e+00 1.000153e+00
1.000192e+00 1.000151e+00
1.000077e+00 1.000050e+00
1.000193e+00 1.000152e+00
1.000188e+00 1.000148e+00
1.000239e+00 1.000191e+00
1.000325e+00 1.000260e+00
1.000200e+00 1.000155e+00
1.000208e+00 1.000164e+00
1.000282e+00 1.000224e+00
1.000163e+00 1.000128e+00
1.000211e+00 1.000168e+00
1.000199e+00 1.000157e+00
1.000244e+00 1.000193e+00
1.000123e+00 1.000097e+00
1.000209e+00 1.000166e+00
1.000206e+00 1.000164e+00
1.000291e+00 1.000234e+00
1.000107e+00 1.000074e+00
1.000211e+00 1.000167e+00
1.000202e+00 1.000161e+00
1.000335e+00 1.000269e+00
1.000213e+00 1.000168e+00
1.000223e+00 1.000178e+00
1.000193e+00 1.000154e+00
1.000303e+00 1.000243e+00
1.000191e+00 1.000152e+00
1.000222e+00 1.000177e+00
1.000273e+00 1.000219e+00
1.000350e+00 1.000283e+00
1.000154e+00 1.000121e+00
1.000230e+00 1.000184e+00
1.000241e+00 1.000194e+00
1.000110e+00 1.000088e+00
1.000222e+00 1.000179e+00
1.000210e+00 1.000169e+00
1.000221e+00 1.000178e+00
1.000228e+00 1.000173e+00
1.000203e+00 1.000163e+00
1.000220e+00 1.000177e+00
1.000342e+00 1.000278e+00
1.000148e+00 1.000117e+00
1.000229e+00 1.000186e+00
1.000230e+00 1.000184e+00
1.000322e+00 1.000262e+00
1.000214e+00 1.000172e+00
1.000243e+00 1.000196e+00
1.000222e+00 1.000180e+00
1.000295e+00 1.000241e+00
1.000181e+00 1.000146e+00
1.000238e+00 1.000193e+00
1.000271e+00 1.000220e+00
1.000155e+00 1.000125e+00
1.000240e+00 1.000195e+00
1.000249e+00 1.000203e+00
1.000250e+00 1.000202e+00
1.000137e+00 1.000104e+00
1.000251e+00 1.000204e+00
1.000244e+00 1.000199e+00
1.000315e+00 1.000258e+00
1.000364e+00 1.000297e+00
1.000242e+00 1.000195e+00
1.000250e+00 1.000205e+00
1.000370e+00 1.000304e+00
1.000257e+00 1.000209e+00
1.000265e+00 1.000217e+00
1.000247e+00 1.000202e+00
1.000365e+00 1.000299e+00
1.000256e+00 1.000209e+00
1.000268e+00 1.000220e+00
1.000340e+00 1.000281e+00
1.000185e+00 1.000139e+00
1.000236e+00 1.000194e+00
1.000268e+00 1.000220e+00
1.000333e+00 1.000274e+00
1.000228e+00 1.000187e+00
1.000277e+00 1.000228e+00
1.000258e+00 1.000213e+00
1.000326e+00 1.000269e+00
1.000213e+00 1.000175e+00
1.000276e+00 1.000228e+00
1.000311e+00 1.000257e+00
1.000198e+00 1.000164e+00
1.000280e+00 1.000232e+00
1.000285e+00 1.000237e+00
1.000298e+00 1.000246e+00
1.000185e+00 1.000154e+00
1.000285e+00 1.000238e+00
1.000297e+00 1.000247e+00
1.000388e+00 1.000323e+00
1.000209e+00 1.000164e+00
1.000305e+00 1.000253e+00
1.000305e+00 1.000255e+00
1.000282e+00 1.000214e+00
1.000328e+00 1.000273e+00
1.000294e+00 1.000245e+00
1.000311e+00 1.000260e+00
1.000382e+00 1.000300e+00
1.000302e+00 1.000251e+00
1.000315e+00 1.000262e+00
1.000404e+00 1.000313e+00
1.000267e+00 1.000218e+00
1.000368e+00 1.000285e+00
1.000343e+00 1.000281e+00
1.000450e+00 1.000362e+00
1.000324e+00 1.000262e+00
1.000327e+00 1.000267e+00
1.000402e+00 1.000326e+00
1.000382e+00 1.000301e+00
1.000299e+00 1.000239e+00
1.000339e+00 1.000275e+00
1.000359e+00 1.000279e+00
1.000320e+00 1.000259e+00
1.000332e+00 1.000270e+00
1.000356e+00 1.000289e+00
1.000336e+00 1.000260e+00
1.000344e+00 1.000278e+00
1.000364e+00 1.000296e+00
1.000314e+00 1.000239e+00
1.000346e+00 1.000282e+00
1.000361e+00 1.000293e+00
1.000382e+00 1.000307e+00
1.000277e+00 1.000225e+00
1.000371e+00 1.000300e+00
1.000393e+00 1.000316e+00
1.000541e+00 1.000425e+00
1.000602e+00 1.000465e+00
1.000414e+00 1.000331e+00
1.000447e+00 1.000358e+00
1.000350e+00 1.000282e+00
1.000394e+00 1.000319e+00
1.000402e+00 1.000325e+00
1.000486e+00 1.000392e+00
1.000400e+00 1.000321e+00
1.000417e+00 1.000336e+00
1.000509e+00 1.000410e+00
1.000422e+00 1.000341e+00
1.000434e+00 1.000351e+00
1.000399e+00 1.000323e+00
1.000548e+00 1.000442e+00
1.000453e+00 1.000366e+00
1.000444e+00 1.000361e+00
1.000573e+00 1.000465e+00
1.000417e+00 1.000337e+00
1.000481e+00 1.000389e+00
1.000483e+00 1.000391e+00
1.000374e+00 1.000303e+00
1.000463e+00 1.000377e+00
1.000525e+00 1.000427e+00
1.000731e+00 1.000590e+00
1.000988e+00 1.000794e+00
1.000632e+00 1.000514e+00
1.000602e+00 1.000489e+00
1.000512e+00 1.000418e+00
1.000507e+00 1.000416e+00
1.000673e+00 1.000543e+00
1.000918e+00 1.000740e+00
1.000638e+00 1.000522e+00
1.000568e+00 1.000465e+00
1.000441e+00 1.000363e+00
1.000527e+00 1.000434e+00
1.000534e+00 1.000440e+00
1.000769e+00 1.000623e+00
1.000787e+00 1.000647e+00
1.000666e+00 1.000548e+00
1.000684e+00 1.000563e+00
1.000606e+00 1.000501e+00
1.000576e+00 1.000478e+00
1.000609e+00 1.000504e+00
1.000785e+00 1.000649e+00
1.000683e+00 1.000566e+00
1.000696e+00 1.000577e+00
1.000594e+00 1.000495e+00
1.000601e+00 1.000500e+00
1.000607e+00 1.000505e+00
1.000796e+00 1.000664e+00
1.000767e+00 1.000640e+00
1.000870e+00 1.000725e+00
1.001063e+00 1.000893e+00
1.001373e+00 1.001149e+00
1.001613e+00 1.001353e+00
1.001313e+00 1.001135e+00
1.002055e+00 1.001766e+00
1.000593e+00 1.000304e+00
1.000811e+00 1.000520e+00
1.000901e+00 1.000663e+00
1.000980e+00 1.000441e+00
1.000882e+00 1.000400e+00
1.000783e+00 1.000352e+00
1.000785e+00 1.000583e+00
1.000756e+00 1.000359e+00
1.000873e+00 1.000678e+00
1.000983e+00 1.000541e+00
1.000815e+00 1.000380e+00
1.000754e+00 1.000472e+00
1.000743e+00 1.000544e+00
1.000643e+00 1.000297e+00
1.000787e+00 1.000584e+00
1.000839e+00 1.000408e+00
1.000735e+00 1.000353e+00
1.000768e+00 1.000533e+00
1.000669e+00 1.000291e+00
1.000656e+00 1.000497e+00
1.000797e+00 1.000602e+00
1.000877e+00 1.000414e+00
1.000750e+00 1.000368e+00
1.000589e+00 1.000281e+00
1.000649e+00 1.000508e+00
1.000572e+00 1.000283e+00
1.000674e+00 1.000551e+00
1.000740e+00 1.000373e+00
1.000652e+00 1.000324e+00
1.000622e+00 1.000498e+00
1.000593e+00 1.000288e+00
1.000597e+00 1.000495e+00
1.000683e+00 1.000565e+00
1.000551e+00 1.000282e+00
1.000592e+00 1.000305e+00
1.000554e+00 1.000269e+00
1.000579e+00 1.000423e+00
1.000532e+00 1.000262e+00
1.000537e+00 1.000450e+00
1.000658e+00 1.000536e+00
1.000578e+00 1.000297e+00
1.000644e+00 1.000506e+00
1.000553e+00 1.000266e+00
1.000611e+00 1.000409e+00
1.000674e+00 1.000529e+00
1.000678e+00 1.000310e+00
1.000608e+00 1.000290e+00
1.000604e+00 1.000480e+00
1.000603e+00 1.000381e+00
1.000584e+00 1.000274e+00
1.000670e+00 1.000516e+00
1.000805e+00 1.000365e+00
1.000658e+00 1.000291e+00
1.000603e+00 1.000459e+00
1.000630e+00 1.000430e+00
1.000607e+00 1.000282e+00
1.000563e+00 1.000405e+00
1.000613e+00 1.000449e+00
1.000644e+00 1.000301e+00
1.000568e+00 1.000281e+00
1.000543e+00 1.000411e+00
1.000534e+00 1.000259e+00
1.000632e+00 1.000476e+00
1.000566e+00 1.000261e+00
1.000562e+00 1.000262e+00
1.000516e+00 1.000246e+00
1.000492e+00 1.000405e+00
1.000523e+00 1.000435e+00
1.000588e+00 1.000488e+00
1.000523e+00 1.000267e+00
1.000524e+00 1.000262e+00
1.000526e+00 1.000256e+00
1.000525e+00 1.000254e+00
1.000534e+00 1.000312e+00
1.000512e+00 1.000435e+00
1.000603e+00 1.000489e+00
1.000547e+00 1.000277e+00
1.000588e+00 1.000324e+00
1.000540e+00 1.000271e+00
1.000526e+00 1.000259e+00
1.000608e+00 1.000447e+00
1.000633e+00 1.000451e+00
1.000549e+00 1.000286e+00
1.000528e+00 1.000261e+00
1.000510e+00 1.000255e+00
1.000507e+00 1.000238e+00
1.000526e+00 1.000406e+00
1.000592e+00 1.000449e+00
1.000576e+00 1.000285e+00
1.000541e+00 1.000451e+00
1.000525e+00 1.000356e+00
1.000529e+00 1.000261e+00
1.000611e+00 1.000471e+00
1.000585e+00 1.000274e+00
1.000547e+00 1.000259e+00
1.000510e+00 1.000247e+00
1.000538e+00 1.000373e+00
1.000515e+00 1.000243e+00
1.000514e+00 1.000392e+00
1.000588e+00 1.000387e+00
1.000549e+00 1.000251e+00
1.000562e+00 1.000365e+00
1.000498e+00 1.000245e+00
1.000481e+00 1.000383e+00
1.000528e+00 1.000416e+00
1.000491e+00 1.000232e+00
1.000510e+00 1.000241e+00
1.000512e+00 1.000236e+00
1.000529e+00 1.000299e+00
1.000470e+00 1.000233e+00
1.000527e+00 1.000415e+00
1.000556e+00 1.000289e+00
1.000489e+00 1.000254e+00
1.000463e+00 1.000239e+00
1.000466e+00 1.000248e+00
1.000457e+00 1.000260e+00
1.000476e+00 1.000367e+00
1.000456e+00 1.000237e+00
1.000519e+00 1.000285e+00
1.000481e+00 1.000266e+00
1.000463e+00 1.000252e+00
1.000442e+00 1.000220e+00
1.000467e+00 1.000350e+00
1.000453e+00 1.000221e+00
1.000459e+00 1.000236e+00
1.000489e+00 1.000360e+00
1.000450e+00 1.000247e+00
1.000489e+00 1.000408e+00
1.000455e+00 1.000357e+00
1.000457e+00 1.000304e+00
1.000464e+00 1.000229e+00
1.000458e+00 1.000222e+00
1.000430e+00 1.000344e+00
1.000454e+00 1.000331e+00
1.000513e+00 1.000424e+00
1.000494e+00 1.000258e+00
1.000463e+00 1.000232e+00
1.000467e+00 1.000219e+00
1.000466e+00 1.000284e+00
1.000481e+00 1.000315e+00
1.000503e+00 1.000394e+00
1.000458e+00 1.000242e+00
1.000422e+00 1.000220e+00
1.000448e+00 1.000222e+00
1.000449e+00 1.000205e+00
1.000471e+00 1.000302e+00
1.000505e+00 1.000378e+00
1.000499e+00 1.000239e+00
1.000533e+00 1.000270e+00
1.000485e+00 1.000255e+00
1.000455e+00 1.000341e+00
1.000462e+00 1.000219e+00
1.000451e+00 1.000317e+00
1.000466e+00 1.000302e+00
1.000441e+00 1.000199e+00
1.000458e+00 1.000353e+00
1.000467e+00 1.000244e+00
1.000448e+00 1.000248e+00
1.000502e+00 1.000375e+00
1.000540e+00 1.000263e+00
1.000485e+00 1.000230e+00
1.000444e+00 1.000210e+00
1.000459e+00 1.000364e+00
1.000368e+00 1.000206e+00
1.000336e+00 1.000280e+00
1.000336e+00 1.000203e+00
1.000333e+00 1.000177e+00
1.000365e+00 1.000267e+00
1.000371e+00 1.000198e+00
1.000355e+00 1.000197e+00
1.000350e+00 1.000307e+00
1.000338e+00 1.000237e+00
1.000369e+00 1.000215e+00
1.000315e+00 1.000180e+00
1.000339e+00 1.000290e+00
1.000351e+00 1.000192e+00
1.000351e+00 1.000289e+00
1.000354e+00 1.000255e+00
1.000342e+00 1.000199e+00
1.000364e+00 1.000290e+00
1.000336e+00 1.000184e+00
1.000380e+00 1.000253e+00
1.000455e+00 1.000356e+00
1.000379e+00 1.000183e+00
1.000397e+00 1.000205e+00
1.000394e+00 1.000198e+00
1.000383e+00 1.000249e+00
1.000351e+00 1.000195e+00
1.000348e+00 1.000266e+00
1.000330e+00 1.000169e+00
1.000327e+00 1.000171e+00
1.000389e+00 1.000274e+00
1.000347e+00 1.000173e+00
1.000379e+00 1.000314e+00
1.000403e+00 1.000330e+00
1.000369e+00 1.000207e+00
1.000352e+00 1.000194e+00
1.000340e+00 1.000178e+00
1.000358e+00 1.000218e+00
1.000360e+00 1.000188e+00
1.000374e+00 1.000299e+00
1.000387e+00 1.000235e+00
1.000339e+00 1.000188e+00
1.000349e+00 1.000290e+00
1.000327e+00 1.000175e+00
1.000344e+00 1.000178e+00
1.000348e+00 1.000270e+00
1.000391e+00 1.000279e+00
1.000389e+00 1.000197e+00
1.000385e+00 1.000258e+00
1.000423e+00 1.000353e+00
1.000363e+00 1.000179e+00
1.000335e+00 1.000254e+00
1.000359e+00 1.000240e+00
1.000361e+00 1.000168e+00
1.000381e+00 1.000257e+00
1.000434e+00 1.000335e+00
1.000389e+00 1.000204e+00
1.000379e+00 1.000303e+00
1.000349e+00 1.000177e+00
1.000377e+00 1.000189e+00
1.000333e+00 1.000155e+00
1.000365e+00 1.000269e+00
1.000366e+00 1.000176e+00
1.000361e+00 1.000264e+00
1.000354e+00 1.000277e+00
1.000369e+00 1.000200e+00
1.000313e+00 1.000179e+00
1.000304e+00 1.000166e+00
1.000327e+00 1.000205e+00
1.000305e+00 1.000223e+00
1.000293e+00 1.000186e+00
1.000328e+00 1.000190e+00
1.000306e+00 1.000182e+00
1.000313e+00 1.000211e+00
1.000327e+00 1.000209e+00
1.000313e+00 1.000233e+00
1.000302e+00 1.000150e+00
