12 89
9 67
7 117
8 80
8 64
7 85
13 135
9 87
9 144
11 144
8 99
8 109
9 162
10 139
10 121
9 167
10 147
8 112
9 123
9 159
10 117
10 119
8 159
7 157
10 119
9 118
9 155
10 110
8 112
8 125
10 148
10 111
9 129
11 151
8 140
8 119
9 153
11 149
10 117
9 151
7 157
10 141
10 118
9 151
11 137
10 120
8 129
7 152
11 138
9 121
9 154
10 141
8 122
8 130
9 157
10 129
9 122
9 158
10 145
8 136
9 129
9 145
10 131
9 131
8 157
8 144
10 126
9 129
10 142
10 121
8 131
8 143
11 141
9 126
9 153
10 151
8 137
8 127
9 154
10 146
9 134
9 153
9 144
8 143
9 131
9 147
10 142
9 136
8 154
8 147
9 133
9 135
9 145
9 130
8 137
8 143
10 141
9 129
9 148
10 141
8 144
8 135
9 146
10 139
9 143
9 146
9 147
8 148
9 146
10 146
9 138
9 155
8 160
9 153
9 153
9 154
10 156
9 147
7 151
8 156
9 152
9 163
10 158
9 149
8 149
8 155
10 154
9 150
10 160
9 143
8 151
8 156
10 160
9 149
9 163
9 144
8 162
8 160
10 158
9 147
10 157
10 154
7 159
8 165
10 159
9 153
10 159
9 155
8 161
8 162
10 157
9 162
10 162
9 162
8 159
8 158
9 161
9 166
9 162
9 170
8 162
8 155
9 171
10 162
9 161
10 167
8 170
7 163
10 163
9 160
10 170
9 171
8 165
8 173
10 170
9 172
9 171
10 166
8 172
8 168
10 164
9 161
9 172
9 176
8 167
8 178
9 176
10 166
9 169
10 170
8 171
8 164
9 177
10 174
9 172
10 184
8 177
8 164
9 184
10 164
9 171
9 185
8 181
8 161
9 184
10 163
9 173
9 166
7 193
8 182
9 185
15 193
8 130
9 190
8 175
7 153
10 186
10 170
9 163
9 177
8 192
8 171
9 180
9 177
9 166
9 175
19 179
7 160
9 164
9 170
23 168
9 170
8 180
7 164
9 162
21 153
10 163
8 155
8 165
8 167
8 150
9 160
8 152
44 142
13 145
7 137
9 140
22 134
8 139
23 131
7 122
29 125
7 119
7 120
7 118
5 117
6 117
4 111
6 108
7 108
7 111
7 105
4 113
4 107
7 98
7 93
4 95
7 93
4 91
4 88
7 86
7 80
7 78
7 79
4 76
4 80
7 85
7 75
10 85
7 75
4 76
6 87
7 84
7 78
7 82
7 79
4 81
4 84
8 86
7 82
8 85
7 91
4 85
7 94
8 91
7 92
9 94
7 104
4 100
4 108
18 109
19 117
10 117
15 129
4 145
4 151
9 192
8 233
7 269
8 303
4 304
4 320
7 334
8 341
7 350
4 347
12 333
6 339
8 338
9 337
9 337
8 334
4 335
4 324
9 333
8 333
10 327
10 332
4 323
4 328
9 320
9 325
9 325
5 324
4 325
4 329
9 317
9 327
8 326
4 327
4 325
10 315
9 319
7 320
10 318
9 314
7 313
4 312
4 308
9 317
9 322
8 319
9 309
8 316
9 320
4 324
4 323
10 310
7 311
4 316
8 307
10 319
8 314
10 305
8 315
4 307
4 313
4 317
8 312
10 312
8 315
8 315
8 316
4 320
7 311
9 311
8 306
4 304
4 312
9 320
9 307
4 311
4 311
9 311
10 315
9 324
4 322
4 318
4 319
11 309
9 312
9 312
9 314
9 313
4 312
4 306
9 311
4 315
4 310
8 315
4 313
9 304
12 311
9 312
11 311
4 310
4 310
4 313
10 314
9 321
4 322
4 324
4 322
7 324
9 323
10 326
10 322
9 322
8 321
4 319
8 330
9 323
4 325
11 319
4 321
4 322
10 331
8 328
4 327
4 327
4 331
10 322
10 320
9 326
4 328
12 324
8 321
4 318
4 329
11 325
9 316
12 319
4 318
4 320
10 325
7 328
4 328
4 324
9 320
4 314
10 331
4 327
9 322
11 324
4 318
4 311
10 327
8 321
12 329
8 325
4 322
4 322
4 318
4 326
10 338
10 322
7 324
4 320
9 323
7 327
9 316
4 312
4 315
9 321
8 318
4 316
4 316
11 319
4 321
8 309
9 319
4 317
12 315
9 313
4 316
4 316
11 316
9 311
10 314
8 313
4 317
4 313
9 318
4 321
10 308
11 318
4 319
4 320
9 319
4 318
10 316
11 304
4 313
4 315
8 319
13 319
9 311
10 318
4 315
4 311
9 320
4 310
7 308
12 308
8 310
4 307
4 304
7 309
10 305
10 319
4 317
4 316
9 304
11 314
10 312
9 322
4 323
4 319
4 321
13 310
9 306
4 317
4 312
4 319
10 319
10 306
9 314
6 312
4 309
4 308
9 313
9 301
10 310
7 312
4 315
4 311
7 308
10 310
11 308
8 316
4 309
4 312
