1.000348e+00 1.000248e+00
1.000305e+00 1.000177e+00
1.000502e+00 1.000212e+00
1.000195e+00 1.000082e+00
1.000198e+00 1.000085e+00
1.000201e+00 1.000086e+00
1.000090e+00 1.000039e+00
1.000118e+00 1.000056e+00
1.000163e+00 1.000078e+00
1.000080e+00 1.000040e+00
1.000102e+00 1.000059e+00
1.000110e+00 1.000063e+00
1.000146e+00 1.000084e+00
1.000080e+00 1.000044e+00
1.000096e+00 1.000055e+00
1.000130e+00 1.000075e+00
1.000051e+00 1.000028e+00
1.000081e+00 1.000046e+00
1.000093e+00 1.000049e+00
1.000129e+00 1.000072e+00
1.000078e+00 1.000041e+00
1.000096e+00 1.000051e+00
1.000103e+00 1.000057e+00
1.000137e+00 1.000075e+00
1.000084e+00 1.000043e+00
1.000106e+00 1.000054e+00
1.000142e+00 1.000074e+00
1.000088e+00 1.000045e+00
1.000108e+00 1.000059e+00
1.000103e+00 1.000057e+00
1.000117e+00 1.000061e+00
1.000089e+00 1.000047e+00
1.000102e+00 1.000054e+00
1.000081e+00 1.000041e+00
1.000080e+00 1.000046e+00
1.000097e+00 1.000056e+00
1.000103e+00 1.000055e+00
1.000071e+00 1.000037e+00
1.000083e+00 1.000046e+00
1.000110e+00 1.000062e+00
1.000145e+00 1.000083e+00
1.000061e+00 1.000032e+00
1.000086e+00 1.000048e+00
1.000120e+00 1.000067e+00
1.000073e+00 1.000038e+00
1.000091e+00 1.000050e+00
1.000105e+00 1.000060e+00
1.000134e+00 1.000077e+00
1.000077e+00 1.000041e+00
1.000099e+00 1.000053e+00
1.000143e+00 1.000083e+00
1.000081e+00 1.000043e+00
1.000100e+00 1.000058e+00
1.000109e+00 1.000063e+00
1.000151e+00 1.000086e+00
1.000084e+00 1.000045e+00
1.000109e+00 1.000060e+00
1.000147e+00 1.000085e+00
1.000065e+00 1.000036e+00
1.000094e+00 1.000055e+00
1.000113e+00 1.000063e+00
1.000141e+00 1.000080e+00
1.000090e+00 1.000049e+00
1.000117e+00 1.000065e+00
1.000129e+00 1.000076e+00
1.000118e+00 1.000065e+00
1.000098e+00 1.000054e+00
1.000121e+00 1.000067e+00
1.000105e+00 1.000056e+00
1.000095e+00 1.000053e+00
1.000114e+00 1.000067e+00
1.000121e+00 1.000071e+00
1.000090e+00 1.000048e+00
1.000102e+00 1.000057e+00
1.000123e+00 1.000070e+00
1.000087e+00 1.000047e+00
1.000097e+00 1.000058e+00
1.000113e+00 1.000067e+00
1.000129e+00 1.000073e+00
1.000089e+00 1.000049e+00
1.000112e+00 1.000064e+00
1.000131e+00 1.000076e+00
1.000098e+00 1.000055e+00
1.000096e+00 1.000056e+00
1.000117e+00 1.000067e+00
1.000136e+00 1.000078e+00
1.000101e+00 1.000057e+00
1.000122e+00 1.000069e+00
1.000124e+00 1.000074e+00
1.000130e+00 1.000077e+00
1.000110e+00 1.000061e+00
1.000131e+00 1.000074e+00
1.000135e+00 1.000075e+00
1.000114e+00 1.000064e+00
1.000123e+00 1.000074e+00
1.000127e+00 1.000076e+00
1.000106e+00 1.000059e+00
1.000116e+00 1.000066e+00
1.000132e+00 1.000076e+00
1.000100e+00 1.000056e+00
1.000111e+00 1.000067e+00
1.000118e+00 1.000071e+00
1.000140e+00 1.000082e+00
1.000102e+00 1.000059e+00
1.000120e+00 1.000069e+00
1.000137e+00 1.000080e+00
1.000091e+00 1.000053e+00
1.000113e+00 1.000069e+00
1.000128e+00 1.000073e+00
1.000116e+00 1.000068e+00
1.000114e+00 1.000066e+00
1.000128e+00 1.000075e+00
1.000126e+00 1.000075e+00
1.000102e+00 1.000061e+00
1.000119e+00 1.000068e+00
1.000137e+00 1.000079e+00
1.000108e+00 1.000064e+00
1.000122e+00 1.000071e+00
1.000149e+00 1.000090e+00
1.000119e+00 1.000069e+00
1.000122e+00 1.000071e+00
1.000131e+00 1.000076e+00
1.000107e+00 1.000062e+00
1.000128e+00 1.000076e+00
1.000133e+00 1.000081e+00
1.000129e+00 1.000078e+00
1.000114e+00 1.000068e+00
1.000140e+00 1.000085e+00
1.000120e+00 1.000070e+00
1.000133e+00 1.000079e+00
1.000127e+00 1.000078e+00
1.000147e+00 1.000091e+00
1.000114e+00 1.000067e+00
1.000144e+00 1.000087e+00
1.000141e+00 1.000083e+00
1.000129e+00 1.000076e+00
1.000132e+00 1.000081e+00
1.000150e+00 1.000092e+00
1.000114e+00 1.000067e+00
1.000131e+00 1.000078e+00
1.000131e+00 1.000079e+00
1.000118e+00 1.000071e+00
1.000148e+00 1.000092e+00
1.000140e+00 1.000086e+00
1.000115e+00 1.000070e+00
1.000138e+00 1.000083e+00
1.000128e+00 1.000079e+00
1.000133e+00 1.000080e+00
1.000141e+00 1.000087e+00
1.000145e+00 1.000090e+00
1.000129e+00 1.000079e+00
1.000146e+00 1.000090e+00
1.000120e+00 1.000074e+00
1.000136e+00 1.000083e+00
1.000147e+00 1.000092e+00
1.000128e+00 1.000079e+00
1.000139e+00 1.000086e+00
1.000151e+00 1.000094e+00
1.000144e+00 1.000089e+00
1.000160e+00 1.000099e+00
1.000129e+00 1.000079e+00
1.000131e+00 1.000082e+00
1.000148e+00 1.000092e+00
1.000126e+00 1.000079e+00
1.000151e+00 1.000095e+00
1.000136e+00 1.000085e+00
1.000130e+00 1.000083e+00
1.000158e+00 1.000100e+00
1.000133e+00 1.000083e+00
1.000138e+00 1.000086e+00
1.000138e+00 1.000087e+00
1.000140e+00 1.000088e+00
1.000149e+00 1.000095e+00
1.000140e+00 1.000089e+00
1.000139e+00 1.000089e+00
1.000145e+00 1.000092e+00
1.000158e+00 1.000100e+00
1.000146e+00 1.000092e+00
1.000136e+00 1.000088e+00
1.000149e+00 1.000097e+00
1.000137e+00 1.000087e+00
1.000145e+00 1.000093e+00
1.000153e+00 1.000098e+00
1.000153e+00 1.000098e+00
1.000146e+00 1.000094e+00
1.000135e+00 1.000088e+00
1.000162e+00 1.000104e+00
1.000133e+00 1.000086e+00
1.000166e+00 1.000108e+00
1.000144e+00 1.000093e+00
1.000152e+00 1.000100e+00
1.000150e+00 1.000098e+00
1.000164e+00 1.000107e+00
1.000142e+00 1.000092e+00
1.000164e+00 1.000107e+00
1.000144e+00 1.000094e+00
1.000147e+00 1.000097e+00
1.000157e+00 1.000103e+00
1.000168e+00 1.000111e+00
1.000144e+00 1.000094e+00
1.000161e+00 1.000107e+00
1.000157e+00 1.000102e+00
1.000148e+00 1.000099e+00
1.000162e+00 1.000108e+00
1.000166e+00 1.000110e+00
1.000145e+00 1.000096e+00
1.000173e+00 1.000115e+00
1.000168e+00 1.000111e+00
1.000213e+00 1.000144e+00
1.000185e+00 1.000118e+00
1.000151e+00 1.000099e+00
1.000091e+00 1.000061e+00
1.000186e+00 1.000127e+00
1.000196e+00 1.000127e+00
1.000132e+00 1.000087e+00
1.000192e+00 1.000131e+00
1.000169e+00 1.000114e+00
1.000173e+00 1.000115e+00
1.000185e+00 1.000124e+00
1.000188e+00 1.000126e+00
1.000180e+00 1.000121e+00
1.000170e+00 1.000113e+00
1.000176e+00 1.000119e+00
1.000184e+00 1.000120e+00
1.000181e+00 1.000123e+00
1.000190e+00 1.000127e+00
1.000173e+00 1.000118e+00
1.000184e+00 1.000123e+00
1.000184e+00 1.000124e+00
1.000194e+00 1.000129e+00
1.000182e+00 1.000125e+00
1.000198e+00 1.000132e+00
1.000175e+00 1.000118e+00
1.000201e+00 1.000136e+00
1.000191e+00 1.000128e+00
1.000194e+00 1.000133e+00
1.000183e+00 1.000125e+00
1.000239e+00 1.000157e+00
1.000189e+00 1.000127e+00
1.000186e+00 1.000127e+00
1.000238e+00 1.000158e+00
1.000196e+00 1.000132e+00
1.000249e+00 1.000166e+00
1.000193e+00 1.000134e+00
1.000280e+00 1.000194e+00
1.000275e+00 1.000184e+00
1.000214e+00 1.000145e+00
1.000253e+00 1.000177e+00
1.000246e+00 1.000166e+00
1.000300e+00 1.000211e+00
1.000265e+00 1.000177e+00
1.000230e+00 1.000163e+00
1.000545e+00 1.000378e+00
1.000410e+00 1.000271e+00
1.000569e+00 1.000391e+00
1.000946e+00 1.000636e+00
1.000511e+00 1.000351e+00
1.000759e+00 1.000515e+00
1.000745e+00 1.000507e+00
1.000562e+00 1.000391e+00
1.000741e+00 1.000523e+00
1.000523e+00 1.000361e+00
1.000839e+00 1.000574e+00
1.000966e+00 1.000671e+00
1.000622e+00 1.000423e+00
1.000792e+00 1.000572e+00
1.001483e+00 1.001014e+00
1.000633e+00 1.000451e+00
1.001021e+00 1.000713e+00
1.001197e+00 1.000838e+00
1.000670e+00 1.000471e+00
1.001014e+00 1.000745e+00
1.000709e+00 1.000504e+00
1.000895e+00 1.000657e+00
1.001286e+00 1.000932e+00
1.001380e+00 1.000953e+00
1.001136e+00 1.000813e+00
1.001040e+00 1.000737e+00
1.000733e+00 1.000518e+00
1.001047e+00 1.000755e+00
1.001384e+00 1.000976e+00
1.000847e+00 1.000588e+00
1.000888e+00 1.000610e+00
1.000952e+00 1.000667e+00
1.000883e+00 1.000595e+00
1.001118e+00 1.000787e+00
1.001420e+00 1.000982e+00
1.001281e+00 1.000872e+00
1.000971e+00 1.000676e+00
1.001106e+00 1.000761e+00
1.000804e+00 1.000549e+00
1.001128e+00 1.000779e+00
1.001537e+00 1.001049e+00
1.000889e+00 1.000607e+00
1.000889e+00 1.000613e+00
1.001250e+00 1.000858e+00
1.000791e+00 1.000546e+00
1.001104e+00 1.000756e+00
1.001474e+00 1.001012e+00
1.001715e+00 1.001181e+00
1.001079e+00 1.000744e+00
1.001344e+00 1.000927e+00
1.000921e+00 1.000639e+00
1.001054e+00 1.000729e+00
1.001412e+00 1.000979e+00
1.001680e+00 1.001164e+00
1.001045e+00 1.000727e+00
1.001285e+00 1.000895e+00
1.001394e+00 1.000972e+00
1.001181e+00 1.000844e+00
1.001758e+00 1.001251e+00
1.002085e+00 1.001477e+00
1.002515e+00 1.001797e+00
1.002116e+00 1.001558e+00
1.002631e+00 1.001933e+00
1.003641e+00 1.002659e+00
1.001206e+00 1.000471e+00
1.001044e+00 1.000700e+00
1.001144e+00 1.000515e+00
1.001185e+00 1.000550e+00
1.001353e+00 1.000547e+00
1.001494e+00 1.000848e+00
1.001431e+00 1.000967e+00
1.001656e+00 1.000851e+00
1.001365e+00 1.000587e+00
1.001298e+00 1.000793e+00
1.001249e+00 1.000578e+00
1.001201e+00 1.000489e+00
1.001225e+00 1.000833e+00
1.001292e+00 1.000601e+00
1.001303e+00 1.000555e+00
1.001238e+00 1.000794e+00
1.001218e+00 1.000720e+00
1.001427e+00 1.001098e+00
1.001816e+00 1.001275e+00
1.001988e+00 1.000946e+00
1.001595e+00 1.000718e+00
1.001369e+00 1.000882e+00
1.001420e+00 1.000960e+00
1.002023e+00 1.001172e+00
1.002476e+00 1.001731e+00
1.001697e+00 1.000721e+00
1.001430e+00 1.000655e+00
1.001601e+00 1.001110e+00
1.001507e+00 1.000704e+00
1.001419e+00 1.000650e+00
1.001331e+00 1.000907e+00
1.001416e+00 1.001002e+00
1.002129e+00 1.001003e+00
1.001974e+00 1.000906e+00
1.001642e+00 1.000781e+00
1.001645e+00 1.001140e+00
1.001387e+00 1.000940e+00
1.001248e+00 1.000793e+00
1.001248e+00 1.000582e+00
1.001792e+00 1.000912e+00
1.002473e+00 1.001138e+00
1.001858e+00 1.000865e+00
1.001523e+00 1.001072e+00
1.001613e+00 1.001131e+00
1.001550e+00 1.000734e+00
1.001440e+00 1.000674e+00
1.001571e+00 1.001104e+00
1.001419e+00 1.000656e+00
1.001252e+00 1.000859e+00
1.001390e+00 1.000978e+00
1.001982e+00 1.000935e+00
1.002685e+00 1.001237e+00
1.002357e+00 1.001090e+00
1.001852e+00 1.000848e+00
1.001528e+00 1.001034e+00
1.001313e+00 1.000834e+00
1.001394e+00 1.000651e+00
1.001962e+00 1.001280e+00
1.001960e+00 1.000908e+00
1.001729e+00 1.000777e+00
1.001386e+00 1.000929e+00
1.001447e+00 1.001023e+00
1.002040e+00 1.000976e+00
1.001936e+00 1.000903e+00
1.001693e+00 1.000797e+00
1.002234e+00 1.001520e+00
1.002445e+00 1.001600e+00
1.001890e+00 1.000850e+00
1.001507e+00 1.000694e+00
1.001491e+00 1.001023e+00
1.002109e+00 1.001142e+00
1.003001e+00 1.001391e+00
1.003277e+00 1.001525e+00
1.001949e+00 1.000891e+00
1.001658e+00 1.001135e+00
1.001507e+00 1.000978e+00
1.001417e+00 1.000947e+00
1.001339e+00 1.000658e+00
1.001492e+00 1.001087e+00
1.001726e+00 1.000859e+00
1.001677e+00 1.000791e+00
1.002052e+00 1.001366e+00
1.002703e+00 1.001312e+00
1.002481e+00 1.001194e+00
1.002607e+00 1.001815e+00
1.002100e+00 1.000983e+00
1.001610e+00 1.000775e+00
1.001584e+00 1.001116e+00
1.001409e+00 1.000668e+00
1.001874e+00 1.001279e+00
1.001964e+00 1.001231e+00
1.002176e+00 1.001228e+00
1.001894e+00 1.000898e+00
1.001723e+00 1.001202e+00
1.002281e+00 1.001563e+00
1.003092e+00 1.001974e+00
1.003184e+00 1.001552e+00
1.002761e+00 1.001343e+00
1.002124e+00 1.001025e+00
1.001764e+00 1.000832e+00
1.001543e+00 1.001030e+00
1.001363e+00 1.000923e+00
1.001242e+00 1.000838e+00
1.001368e+00 1.000945e+00
1.001407e+00 1.000685e+00
1.001484e+00 1.000739e+00
1.002069e+00 1.001390e+00
1.001781e+00 1.000849e+00
1.001791e+00 1.001264e+00
1.002089e+00 1.001399e+00
1.001867e+00 1.000868e+00
1.001739e+00 1.001190e+00
1.002135e+00 1.001349e+00
1.002975e+00 1.001717e+00
1.003164e+00 1.001566e+00
1.002315e+00 1.001114e+00
1.001861e+00 1.000881e+00
1.001743e+00 1.001183e+00
1.002282e+00 1.001539e+00
1.001732e+00 1.000799e+00
1.001544e+00 1.000990e+00
1.001595e+00 1.001110e+00
1.002133e+00 1.001074e+00
1.001978e+00 1.000945e+00
1.001583e+00 1.001008e+00
1.001297e+00 1.000626e+00
1.001337e+00 1.000945e+00
1.001567e+00 1.001027e+00
1.001385e+00 1.000696e+00
1.001579e+00 1.001086e+00
1.002082e+00 1.001429e+00
1.002875e+00 1.001880e+00
1.002003e+00 1.000990e+00
1.002047e+00 1.001424e+00
1.001840e+00 1.000898e+00
1.002395e+00 1.001611e+00
1.002147e+00 1.001070e+00
1.001559e+00 1.000773e+00
1.001664e+00 1.001163e+00
1.001873e+00 1.001072e+00
1.001574e+00 1.000792e+00
1.001560e+00 1.001078e+00
1.001210e+00 1.000600e+00
1.001205e+00 1.000856e+00
1.001400e+00 1.000995e+00
1.001572e+00 1.000815e+00
1.002009e+00 1.001053e+00
1.002731e+00 1.001464e+00
1.002223e+00 1.001097e+00
1.001591e+00 1.000790e+00
1.001376e+00 1.000938e+00
1.001460e+00 1.001026e+00
1.001376e+00 1.000707e+00
1.001468e+00 1.001034e+00
1.001289e+00 1.000648e+00
1.001644e+00 1.001172e+00
1.002049e+00 1.001410e+00
1.001518e+00 1.000756e+00
1.001412e+00 1.000734e+00
1.001832e+00 1.001234e+00
1.002593e+00 1.001362e+00
1.001890e+00 1.000933e+00
1.001874e+00 1.001333e+00
1.001652e+00 1.000840e+00
1.001558e+00 1.000781e+00
1.002045e+00 1.001345e+00
1.001505e+00 1.000732e+00
1.001318e+00 1.000881e+00
1.001465e+00 1.000989e+00
1.001634e+00 1.000836e+00
1.001354e+00 1.000657e+00
1.001209e+00 1.000797e+00
1.001030e+00 1.000500e+00
1.001035e+00 1.000705e+00
1.001138e+00 1.000809e+00
1.001270e+00 1.000665e+00
1.001366e+00 1.000672e+00
1.001765e+00 1.001168e+00
1.001492e+00 1.000744e+00
1.001147e+00 1.000559e+00
1.001175e+00 1.000809e+00
1.001355e+00 1.000734e+00
1.001310e+00 1.000677e+00
1.001827e+00 1.001010e+00
1.001487e+00 1.000761e+00
1.001113e+00 1.000565e+00
1.001129e+00 1.000794e+00
1.001308e+00 1.000912e+00
1.001409e+00 1.000738e+00
1.001036e+00 1.000519e+00
1.001011e+00 1.000714e+00
1.001035e+00 1.000540e+00
1.001161e+00 1.000816e+00
1.001272e+00 1.000679e+00
1.001274e+00 1.000679e+00
1.001732e+00 1.001179e+00
1.001758e+00 1.000926e+00
1.001362e+00 1.000700e+00
1.001179e+00 1.000817e+00
1.001275e+00 1.000902e+00
1.001749e+00 1.000926e+00
1.001955e+00 1.001003e+00
1.001547e+00 1.000811e+00
1.001327e+00 1.000834e+00
1.001414e+00 1.000909e+00
1.001620e+00 1.001051e+00
1.001543e+00 1.000758e+00
1.001230e+00 1.000602e+00
1.001052e+00 1.000671e+00
1.001047e+00 1.000658e+00
1.001137e+00 1.000759e+00
1.001297e+00 1.000658e+00
1.001747e+00 1.000891e+00
1.001296e+00 1.000617e+00
1.001144e+00 1.000740e+00
1.001479e+00 1.000952e+00
1.001653e+00 1.000870e+00
1.001750e+00 1.000916e+00
1.001488e+00 1.000749e+00
1.001132e+00 1.000561e+00
1.001062e+00 1.000702e+00
1.001168e+00 1.000785e+00
1.001227e+00 1.000848e+00
1.001408e+00 1.000792e+00
1.001366e+00 1.000707e+00
1.001110e+00 1.000576e+00
1.000972e+00 1.000649e+00
1.001061e+00 1.000749e+00
1.001203e+00 1.000851e+00
1.001370e+00 1.000748e+00
1.001425e+00 1.000759e+00
1.001124e+00 1.000601e+00
1.000927e+00 1.000486e+00
1.000980e+00 1.000703e+00
1.001135e+00 1.000791e+00
1.001310e+00 1.000715e+00
