1 3.190369e-02 5.568527e-02 9.821501e-07 3.484095e-02
2 2.836639e-03 5.099671e-03 8.175290e-07 3.160094e-03
3 8.862720e-03 1.561307e-02 7.438714e-07 9.691246e-03
4 3.229228e-03 5.827017e-03 6.436156e-07 3.601920e-03
5 5.285874e-03 8.894924e-03 5.980112e-07 5.805129e-03
6 1.800893e-03 2.937582e-03 4.975758e-07 2.086625e-03
7 7.365160e-03 1.264839e-02 4.605692e-07 8.088870e-03
8 2.188176e-03 3.524843e-03 4.042391e-07 2.527073e-03
9 4.549866e-03 8.829564e-03 3.765352e-07 4.991673e-03
10 1.844881e-03 2.898629e-03 3.305754e-07 2.114256e-03
11 3.699912e-03 7.233478e-03 3.175447e-07 4.211070e-03
12 2.848336e-03 4.700567e-03 2.949104e-07 3.130077e-03
13 2.020281e-03 3.075491e-03 2.774003e-07 2.180290e-03
14 2.622739e-03 4.002092e-03 2.596662e-07 2.819121e-03
15 1.743662e-03 2.812263e-03 2.450585e-07 1.861889e-03
16 2.424789e-03 3.690955e-03 2.341403e-07 2.599983e-03
17 1.534009e-03 2.426966e-03 2.251698e-07 1.642156e-03
18 2.176196e-03 3.297772e-03 2.218153e-07 2.293813e-03
19 2.055795e-03 2.880381e-03 2.161585e-07 2.194112e-03
20 1.533385e-03 1.976262e-03 2.119360e-07 1.620762e-03
21 2.089076e-03 3.023286e-03 2.087789e-07 2.256022e-03
22 1.513672e-03 2.023412e-03 2.062370e-07 1.628811e-03
23 2.090928e-03 3.212575e-03 2.044613e-07 2.308313e-03
24 1.253353e-03 1.870402e-03 2.029769e-07 1.360363e-03
25 2.267786e-03 3.549599e-03 2.020787e-07 2.527559e-03
26 9.462975e-04 1.467231e-03 2.011383e-07 1.034828e-03
27 2.667832e-03 4.229434e-03 2.009205e-07 2.987513e-03
28 5.757182e-04 9.544692e-04 2.001780e-07 6.393010e-04
29 3.084974e-03 4.881317e-03 2.000078e-07 3.467213e-03
30 9.079220e-04 1.492896e-03 1.997751e-07 1.023823e-03
31 1.706699e-03 2.688984e-03 1.996496e-07 1.915952e-03
32 6.010285e-04 9.568825e-04 1.994732e-07 6.749699e-04
33 1.715008e-03 2.721238e-03 1.994274e-07 1.927044e-03
34 3.995219e-04 6.230062e-04 1.992861e-07 4.464373e-04
35 1.357032e-03 2.159709e-03 1.992466e-07 1.524970e-03
36 3.362033e-04 5.289200e-04 1.991798e-07 3.738764e-04
37 8.445480e-04 1.349020e-03 1.991461e-07 9.463613e-04
38 3.385100e-04 5.311437e-04 1.991154e-07 3.739882e-04
1 4.919921e-02 9.069222e-02 9.380032e-03 5.381322e-02
2 1.133312e-02 6.379625e-02 6.338919e-03 1.854074e-02
3 1.259789e-02 5.242562e-02 4.233672e-03 1.756820e-02
4 9.771316e-03 4.282354e-02 3.766017e-03 1.366654e-02
5 9.066429e-03 4.038215e-02 9.162352e-06 1.252286e-02
6 9.478894e-04 2.679235e-03 4.288529e-06 1.006087e-03
7 1.695159e-03 3.331738e-03 2.321470e-06 1.937480e-03
8 1.194327e-03 3.947890e-03 1.343450e-06 1.565580e-03
9 6.086336e-04 2.327646e-03 8.348852e-07 7.836388e-04
10 8.736259e-04 2.121634e-03 5.401705e-07 1.141919e-03
11 1.061829e-03 3.974068e-03 3.948258e-07 1.472644e-03
12 5.159521e-04 1.863209e-03 3.013450e-07 6.170646e-04
13 2.860084e-03 8.524929e-03 2.976790e-07 3.651717e-03
14 9.222838e-04 1.447852e-03 2.320905e-07 1.023552e-03
15 6.069574e-03 1.121355e-02 2.253603e-07 6.660920e-03
16 1.189135e-03 2.293475e-03 2.156049e-07 1.362773e-03
17 4.295236e-03 7.230273e-03 2.129764e-07 4.685099e-03
18 1.556947e-03 2.893618e-03 2.100178e-07 1.768414e-03
19 2.423096e-03 4.283754e-03 2.083769e-07 2.691369e-03
20 1.216266e-03 2.373749e-03 2.067802e-07 1.342410e-03
21 2.735123e-03 4.966691e-03 2.061754e-07 3.070278e-03
22 7.397237e-04 1.452342e-03 2.050812e-07 8.102664e-04
23 2.799064e-03 4.638471e-03 2.049386e-07 3.108066e-03
24 5.875443e-04 1.075614e-03 2.040507e-07 6.220387e-04
25 2.103254e-03 3.670515e-03 2.038435e-07 2.382359e-03
26 5.105699e-04 8.796526e-04 2.034296e-07 5.395453e-04
27 1.248277e-03 2.328844e-03 2.032391e-07 1.438669e-03
28 4.938677e-04 8.712654e-04 2.030640e-07 5.259526e-04
29 7.016599e-04 1.366658e-03 2.029364e-07 7.917173e-04
30 4.454231e-04 8.048487e-04 2.028297e-07 4.771318e-04
1 2.029277e-02 9.071943e-02 6.109068e-04 2.773255e-02
2 1.232936e-02 1.608868e-02 8.219449e-06 1.287325e-02
3 4.220739e-03 7.306976e-03 4.081116e-06 4.385309e-03
4 1.204269e-03 1.673230e-03 2.134865e-06 1.276009e-03
5 4.726550e-03 8.934457e-03 1.333221e-06 4.990975e-03
6 7.253137e-04 2.410361e-03 7.832455e-07 8.983322e-04
7 1.270151e-03 3.476791e-03 5.248883e-07 1.396404e-03
8 7.735490e-04 2.941396e-03 3.826582e-07 1.109409e-03
9 1.740592e-03 6.179813e-03 3.118085e-07 2.486805e-03
10 1.236602e-03 2.297581e-03 2.629122e-07 1.406016e-03
11 3.076155e-03 1.053197e-02 2.485603e-07 4.557127e-03
12 1.572573e-03 2.739187e-03 2.296915e-07 1.778405e-03
13 2.730664e-03 7.765160e-03 2.256442e-07 3.660518e-03
14 1.284945e-03 1.866686e-03 2.124400e-07 1.406087e-03
15 3.934090e-03 9.125980e-03 2.098820e-07 4.847030e-03
16 1.801256e-03 2.898907e-03 2.064989e-07 2.013368e-03
17 2.081713e-03 4.463255e-03 2.045741e-07 2.492165e-03
18 1.435752e-03 2.151452e-03 2.028708e-07 1.583266e-03
19 2.347504e-03 4.658629e-03 2.022287e-07 2.761464e-03
20 1.017876e-03 1.480103e-03 2.010799e-07 1.111881e-03
21 2.487936e-03 4.176217e-03 2.008405e-07 2.819488e-03
22 6.853905e-04 9.837569e-04 2.001470e-07 7.397413e-04
23 2.240185e-03 3.223483e-03 1.999729e-07 2.491149e-03
24 5.317713e-04 7.230149e-04 1.996316e-07 5.609549e-04
25 1.605045e-03 2.174588e-03 1.994970e-07 1.789552e-03
26 4.856155e-04 7.205024e-04 1.993386e-07 5.152508e-04
27 9.396367e-04 1.271728e-03 1.992526e-07 1.054209e-03
28 4.331152e-04 6.404385e-04 1.991792e-07 4.662104e-04
29 5.051221e-04 7.516750e-04 1.991129e-07 5.549862e-04
30 3.588167e-04 5.406247e-04 1.990579e-07 3.824509e-04
1 3.777057e-02 9.073734e-02 6.812733e-03 3.935049e-02
2 3.207241e-02 5.435310e-02 1.900048e-03 3.345213e-02
3 1.211829e-02 2.863733e-02 1.178616e-03 1.285223e-02
4 8.900222e-03 2.251674e-02 4.778816e-04 9.424770e-03
5 4.888239e-03 1.425560e-02 7.350032e-06 5.142788e-03
6 3.152157e-03 4.365649e-03 3.608927e-06 3.235927e-03
7 2.630285e-03 3.859037e-03 2.019128e-06 2.675593e-03
8 1.753647e-03 3.548029e-03 1.218377e-06 2.029627e-03
9 5.044109e-04 2.003492e-03 7.546511e-07 6.644097e-04
10 1.297097e-03 3.526955e-03 5.245390e-07 1.603314e-03
11 1.101604e-03 1.952732e-03 3.707183e-07 1.135077e-03
12 3.363327e-03 7.034731e-03 3.381400e-07 3.545451e-03
13 8.663112e-04 1.143330e-03 2.537720e-07 9.143978e-04
14 4.182583e-03 1.193625e-02 2.422275e-07 5.515047e-03
15 1.308546e-03 1.662790e-03 2.241890e-07 1.385275e-03
16 2.823660e-03 7.416312e-03 2.195813e-07 3.698325e-03
17 1.553091e-03 2.314037e-03 2.142168e-07 1.655565e-03
18 1.949855e-03 4.215196e-03 2.116733e-07 2.328154e-03
19 1.278364e-03 1.585900e-03 2.094979e-07 1.357921e-03
20 1.900993e-03 3.909332e-03 2.086549e-07 2.278581e-03
21 1.053739e-03 1.218519e-03 2.075625e-07 1.123804e-03
22 1.566848e-03 2.740647e-03 2.070995e-07 1.793419e-03
23 8.928237e-04 1.048304e-03 2.066752e-07 9.535995e-04
24 1.143171e-03 1.576231e-03 2.064159e-07 1.253556e-03
25 7.558941e-04 9.244534e-04 2.062326e-07 8.106176e-04
26 7.731570e-04 9.910540e-04 2.060975e-07 8.419046e-04
27 5.916066e-04 7.239307e-04 2.059912e-07 6.341060e-04
1 6.232798e-02 9.083668e-02 1.037876e-02 6.284571e-02
2 5.070450e-02 6.711265e-02 7.071905e-03 5.090158e-02
3 3.220776e-02 5.538117e-02 4.209883e-03 3.267323e-02
4 2.335503e-02 4.270453e-02 2.068366e-03 2.366533e-02
5 1.583693e-02 2.989282e-02 1.112863e-03 1.601305e-02
6 1.085094e-02 2.188167e-02 7.742318e-06 1.097385e-02
7 1.128397e-03 2.640139e-03 4.487268e-06 1.306470e-03
8 2.501718e-03 3.423412e-03 2.444202e-06 2.569779e-03
9 1.654143e-03 3.420591e-03 1.395641e-06 2.030985e-03
10 1.750224e-03 2.743567e-03 8.924746e-07 1.829975e-03
11 1.468714e-03 2.613778e-03 5.637288e-07 1.668456e-03
12 4.952534e-03 5.626069e-03 4.449762e-07 5.034958e-03
13 1.089011e-03 1.380572e-03 3.110889e-07 1.107922e-03
14 6.604224e-03 8.425797e-03 2.794369e-07 6.726218e-03
15 1.713164e-03 1.988688e-03 2.483543e-07 1.732203e-03
16 3.445258e-03 4.633684e-03 2.363692e-07 3.514408e-03
17 1.367175e-03 1.402987e-03 2.260958e-07 1.378231e-03
18 2.803456e-03 4.053925e-03 2.228403e-07 2.898103e-03
19 1.165330e-03 1.094801e-03 2.193885e-07 1.185710e-03
20 1.955101e-03 2.561552e-03 2.180233e-07 2.004739e-03
21 1.140582e-03 1.029473e-03 2.171285e-07 1.166713e-03
22 1.237650e-03 1.327482e-03 2.166030e-07 1.258952e-03
23 9.518795e-04 8.831830e-04 2.162719e-07 9.779114e-04
24 8.163277e-04 7.820443e-04 2.160542e-07 8.393774e-04
25 6.812123e-04 6.562915e-04 2.159089e-07 7.049706e-04
1 7.850327e-03 9.706279e-03 2.215223e-07 8.330991e-03
2 3.562920e-03 4.949900e-03 2.189138e-07 3.812917e-03
3 5.958041e-03 7.368475e-03 2.176185e-07 6.338179e-03
4 3.562249e-03 4.841437e-03 2.162303e-07 3.815038e-03
5 4.688032e-03 5.824161e-03 2.152935e-07 4.988026e-03
6 3.264484e-03 4.369773e-03 2.144904e-07 3.493758e-03
7 3.670187e-03 4.570577e-03 2.138995e-07 3.896240e-03
8 2.799579e-03 3.671826e-03 2.134248e-07 2.986838e-03
9 2.842384e-03 3.575607e-03 2.130544e-07 3.017528e-03
10 2.326542e-03 3.020249e-03 2.127718e-07 2.479032e-03
11 2.156981e-03 2.745013e-03 2.125583e-07 2.290304e-03
12 1.821076e-03 2.350984e-03 2.124000e-07 1.937779e-03
13 1.587404e-03 2.042189e-03 2.122835e-07 1.687114e-03
14 1.339093e-03 1.735080e-03 2.121989e-07 1.424889e-03
15 1.127012e-03 1.465859e-03 2.121378e-07 1.199741e-03
16 9.380276e-04 1.228207e-03 2.120937e-07 9.997962e-04
17 7.772212e-04 1.024546e-03 2.120619e-07 8.294679e-04
18 6.421594e-04 8.523357e-04 2.120389e-07 6.862461e-04
1 8.947646e-03 9.264229e-03 2.112955e-07 9.502666e-03
2 3.988322e-03 5.112026e-03 2.102902e-07 4.278278e-03
3 5.082561e-03 5.579482e-03 2.100341e-07 5.445503e-03
4 2.926218e-03 3.711067e-03 2.090987e-07 3.141200e-03
5 4.465909e-03 4.783622e-03 2.089080e-07 4.763171e-03
6 2.261201e-03 2.855263e-03 2.083769e-07 2.428335e-03
7 3.490133e-03 3.734761e-03 2.082009e-07 3.703738e-03
8 1.824631e-03 2.275836e-03 2.079825e-07 1.957631e-03
9 2.442844e-03 2.645543e-03 2.078736e-07 2.588009e-03
10 1.474562e-03 1.790649e-03 2.077913e-07 1.577195e-03
11 1.556229e-03 1.732309e-03 2.077409e-07 1.652131e-03
12 1.096862e-03 1.300451e-03 2.077089e-07 1.171608e-03
13 9.289855e-04 1.078147e-03 2.076884e-07 9.927476e-04
14 6.971785e-04 8.374611e-04 2.076752e-07 7.487106e-04
15 5.294828e-04 6.483500e-04 2.076670e-07 5.709563e-04
1 6.256306e-03 6.931585e-03 2.101298e-07 6.688639e-03
2 3.622645e-03 4.468030e-03 2.098071e-07 3.886399e-03
3 3.030534e-03 3.456305e-03 2.096080e-07 3.259582e-03
4 2.406955e-03 2.887923e-03 2.094427e-07 2.574792e-03
5 2.286224e-03 2.521275e-03 2.093490e-07 2.455852e-03
6 1.638951e-03 1.937094e-03 2.092776e-07 1.747134e-03
7 1.499343e-03 1.656421e-03 2.092384e-07 1.604993e-03
8 1.060762e-03 1.239414e-03 2.092152e-07 1.129689e-03
9 8.492406e-04 9.662080e-04 2.092025e-07 9.072788e-04
10 5.962449e-04 7.010897e-04 2.091958e-07 6.363975e-04
11 4.202525e-04 5.011302e-04 2.091922e-07 4.492737e-04
1 1.668061e-03 2.023565e-03 2.101083e-07 1.791970e-03
2 1.003261e-03 1.231241e-03 2.100931e-07 1.075957e-03
3 7.358645e-04 8.952362e-04 2.100856e-07 7.881375e-04
4 4.960950e-04 6.108401e-04 2.100819e-07 5.311030e-04
5 3.308893e-04 4.139159e-04 2.100801e-07 3.541628e-04
1 3.679087e-03 4.431936e-03 2.095536e-07 3.941736e-03
2 1.368529e-03 1.713101e-03 2.094834e-07 1.466572e-03
3 1.555313e-03 1.801891e-03 2.094523e-07 1.657211e-03
4 9.397261e-04 1.123494e-03 2.094371e-07 1.003417e-03
5 7.254378e-04 8.455852e-04 2.094297e-07 7.729541e-04
6 4.909527e-04 5.790280e-04 2.094262e-07 5.238316e-04
7 3.335839e-04 3.955915e-04 2.094246e-07 3.562955e-04
1 6.888787e-03 8.322944e-03 2.087131e-07 7.367725e-03
2 1.604153e-03 2.102676e-03 2.082159e-07 1.729235e-03
3 3.318252e-03 3.839265e-03 2.080850e-07 3.529686e-03
4 1.509999e-03 1.897753e-03 2.079858e-07 1.625828e-03
5 1.728147e-03 1.967299e-03 2.079349e-07 1.834360e-03
6 1.093756e-03 1.310725e-03 2.079058e-07 1.168461e-03
7 9.195319e-04 1.073654e-03 2.078889e-07 9.775923e-04
8 6.630394e-04 7.970188e-04 2.078792e-07 7.068561e-04
9 4.914495e-04 6.007589e-04 2.078736e-07 5.243280e-04
1 6.832527e-03 8.113922e-03 2.075771e-07 7.280251e-03
2 1.831630e-03 2.431838e-03 2.069392e-07 1.979571e-03
3 3.523659e-03 4.037773e-03 2.067473e-07 3.743434e-03
4 1.708528e-03 2.166700e-03 2.065934e-07 1.839020e-03
5 1.997318e-03 2.258690e-03 2.065068e-07 2.118486e-03
6 1.294929e-03 1.558019e-03 2.064521e-07 1.383086e-03
7 1.161024e-03 1.338271e-03 2.064173e-07 1.232941e-03
8 8.660362e-04 1.034536e-03 2.063955e-07 9.225438e-04
9 6.831203e-04 8.236481e-04 2.063816e-07 7.276583e-04
10 5.241056e-04 6.469424e-04 2.063727e-07 5.591061e-04
1 4.635168e-03 5.333446e-03 2.065427e-07 4.924959e-03
2 1.824153e-03 2.377966e-03 2.062495e-07 1.964681e-03
3 2.492454e-03 2.816381e-03 2.061072e-07 2.648415e-03
4 1.519675e-03 1.874004e-03 2.060105e-07 1.624152e-03
5 1.486949e-03 1.689836e-03 2.059480e-07 1.579851e-03
6 1.090943e-03 1.291674e-03 2.059076e-07 1.161535e-03
7 9.102078e-04 1.055735e-03 2.058809e-07 9.686280e-04
8 7.105160e-04 8.453034e-04 2.058634e-07 7.569480e-04
9 5.622390e-04 6.805516e-04 2.058517e-07 5.994546e-04
1 1.509060e-02 1.611513e-02 1.992344e-07 1.518945e-02
2 8.290652e-03 8.007646e-03 1.921601e-07 8.308484e-03
3 2.210253e-03 5.057202e-03 1.872817e-07 2.741426e-03
4 2.340708e-03 5.269942e-03 1.818902e-07 2.926397e-03
5 2.127117e-03 4.715472e-03 1.792294e-07 2.639674e-03
6 2.112455e-03 4.684736e-03 1.736005e-07 2.611214e-03
7 1.998383e-03 4.720489e-03 1.711518e-07 2.476584e-03
8 2.097294e-03 4.499374e-03 1.678414e-07 2.558583e-03
9 1.754374e-03 3.929905e-03 1.649740e-07 2.181933e-03
10 1.842360e-03 3.883289e-03 1.621479e-07 2.220486e-03
11 1.614500e-03 3.562460e-03 1.598140e-07 1.998396e-03
12 1.624942e-03 3.404002e-03 1.572883e-07 1.946724e-03
13 1.463115e-03 3.737978e-03 1.556859e-07 1.799351e-03
14 1.417000e-03 2.959814e-03 1.530472e-07 1.688890e-03
15 1.324248e-03 4.419015e-03 1.517780e-07 1.630366e-03
16 1.315603e-03 2.860909e-03 1.499712e-07 1.572560e-03
17 1.161631e-03 2.872912e-03 1.483653e-07 1.394375e-03
18 1.107161e-03 2.612562e-03 1.467910e-07 1.314206e-03
19 1.025113e-03 2.963056e-03 1.454260e-07 1.225797e-03
20 9.446833e-04 2.351688e-03 1.440112e-07 1.114252e-03
21 9.002790e-04 3.186887e-03 1.429316e-07 1.090310e-03
22 8.021643e-04 2.023752e-03 1.415384e-07 9.389724e-04
23 8.087663e-04 3.674410e-03 1.411119e-07 1.037346e-03
24 6.786449e-04 1.649255e-03 1.392334e-07 7.881872e-04
25 7.632859e-04 4.412086e-03 1.385480e-07 1.114043e-03
26 6.601547e-04 2.249011e-03 1.375045e-07 8.196589e-04
27 6.294023e-04 2.919206e-03 1.367193e-07 8.524799e-04
28 5.654315e-04 1.921586e-03 1.356723e-07 7.262737e-04
1 1.813896e-02 2.498769e-02 1.360363e-07 1.994402e-02
2 9.954685e-03 1.031074e-02 1.340161e-07 9.971758e-03
3 4.335499e-03 6.696531e-03 1.325186e-07 4.910776e-03
4 1.735245e-03 4.532244e-03 1.311375e-07 2.107989e-03
5 4.761964e-03 6.656086e-03 1.300861e-07 5.258208e-03
6 1.345684e-03 4.829089e-03 1.295484e-07 1.727923e-03
7 4.719891e-03 6.390354e-03 1.273711e-07 5.160030e-03
8 1.156817e-03 5.034757e-03 1.258178e-07 1.593036e-03
9 1.471783e-03 3.250538e-03 1.244271e-07 1.822662e-03
10 3.375395e-03 4.626491e-03 1.241649e-07 3.684088e-03
11 1.205207e-03 2.802592e-03 1.225070e-07 1.510882e-03
12 3.209434e-03 4.630916e-03 1.219884e-07 3.492921e-03
13 1.879395e-03 3.485657e-03 1.212031e-07 2.146194e-03
14 1.821198e-03 2.803938e-03 1.206042e-07 1.990493e-03
15 1.598540e-03 2.910678e-03 1.198976e-07 1.801269e-03
16 1.779689e-03 2.966361e-03 1.195940e-07 1.945733e-03
17 1.341662e-03 2.445009e-03 1.187869e-07 1.503098e-03
18 1.753173e-03 3.221627e-03 1.184961e-07 1.937649e-03
19 1.526446e-03 2.386467e-03 1.180381e-07 1.664841e-03
20 1.204571e-03 2.065740e-03 1.176834e-07 1.322966e-03
21 1.356888e-03 2.014059e-03 1.172793e-07 1.479288e-03
22 1.109388e-03 2.617711e-03 1.170857e-07 1.248065e-03
23 1.202147e-03 1.913624e-03 1.166418e-07 1.318287e-03
24 1.042785e-03 3.722829e-03 1.164741e-07 1.247806e-03
25 1.057397e-03 1.590764e-03 1.162165e-07 1.158041e-03
26 9.454388e-04 2.138669e-03 1.160101e-07 1.058471e-03
27 9.070156e-04 1.421577e-03 1.157950e-07 9.983261e-04
28 8.799676e-04 2.760404e-03 1.156576e-07 1.027144e-03
29 7.727879e-04 1.241461e-03 1.154532e-07 8.539062e-04
30 8.320067e-04 3.548852e-03 1.154188e-07 1.051410e-03
31 6.526468e-04 1.056217e-03 1.151714e-07 7.233294e-04
32 7.953104e-04 4.210119e-03 1.150994e-07 1.106286e-03
33 6.649138e-04 1.863652e-03 1.149942e-07 7.799734e-04
34 6.071294e-04 2.430575e-03 1.149125e-07 7.659311e-04
35 5.428756e-04 1.637188e-03 1.148306e-07 6.505530e-04
1 1.960433e-02 3.197055e-02 1.193215e-07 2.223658e-02
2 9.930882e-03 1.240272e-02 1.176723e-07 9.973039e-03
3 6.909089e-03 9.257507e-03 1.171833e-07 7.647895e-03
4 2.091174e-03 2.890213e-03 1.162430e-07 2.255123e-03
5 4.485532e-03 5.700755e-03 1.157892e-07 4.901047e-03
6 2.491930e-03 3.302905e-03 1.151376e-07 2.682396e-03
7 2.605554e-03 3.433537e-03 1.145901e-07 2.797032e-03
8 2.102981e-03 3.076414e-03 1.140457e-07 2.262423e-03
9 2.574831e-03 4.066611e-03 1.137322e-07 2.776230e-03
10 1.707078e-03 3.135415e-03 1.131759e-07 1.854457e-03
11 2.717313e-03 5.143888e-03 1.129238e-07 3.022901e-03
12 1.870758e-03 2.462264e-03 1.125722e-07 2.004165e-03
13 1.856660e-03 3.235430e-03 1.123227e-07 2.024450e-03
14 1.513529e-03 2.094938e-03 1.120164e-07 1.628678e-03
15 1.960781e-03 3.706669e-03 1.119177e-07 2.182429e-03
16 1.152743e-03 1.686096e-03 1.115875e-07 1.250524e-03
17 2.031516e-03 3.889632e-03 1.114794e-07 2.275757e-03
18 1.365715e-03 2.004110e-03 1.113340e-07 1.458550e-03
19 1.266087e-03 2.093791e-03 1.112203e-07 1.366324e-03
20 1.131730e-03 1.672054e-03 1.111208e-07 1.209545e-03
21 1.167248e-03 1.959891e-03 1.110491e-07 1.264988e-03
22 9.078766e-04 1.342925e-03 1.109837e-07 9.710068e-04
23 1.039295e-03 1.786901e-03 1.109446e-07 1.132782e-03
24 7.289308e-04 1.072247e-03 1.109028e-07 7.813377e-04
25 8.511743e-04 1.624417e-03 1.108824e-07 9.283551e-04
26 5.926883e-04 8.661142e-04 1.108614e-07 6.377869e-04
1 1.745429e-02 3.099330e-02 1.140740e-07 1.937473e-02
2 8.849139e-03 1.025860e-02 1.128666e-07 8.890142e-03
3 5.609395e-03 1.306029e-02 1.127243e-07 6.628771e-03
4 2.260104e-03 3.445516e-03 1.120444e-07 2.474388e-03
5 3.521769e-03 1.016269e-02 1.118925e-07 4.262180e-03
6 2.519538e-03 3.803051e-03 1.114686e-07 2.760450e-03
7 2.393141e-03 7.079574e-03 1.113084e-07 2.907301e-03
8 2.263600e-03 3.542327e-03 1.110364e-07 2.498515e-03
9 2.013446e-03 4.772589e-03 1.109033e-07 2.325091e-03
10 1.967262e-03 2.879755e-03 1.106476e-07 2.148193e-03
11 1.898685e-03 5.636549e-03 1.105659e-07 2.261510e-03
12 1.748386e-03 2.688931e-03 1.104378e-07 1.923378e-03
13 1.534641e-03 3.506730e-03 1.103574e-07 1.748567e-03
14 1.406866e-03 2.092527e-03 1.102660e-07 1.536462e-03
15 1.394300e-03 3.881206e-03 1.102444e-07 1.625552e-03
16 1.052868e-03 1.528817e-03 1.101662e-07 1.144068e-03
17 1.247703e-03 3.710103e-03 1.101492e-07 1.481158e-03
18 8.936387e-04 1.524449e-03 1.101258e-07 9.865542e-04
19 7.867783e-04 1.520747e-03 1.101113e-07 8.891552e-04
20 5.834140e-04 9.981621e-04 1.101014e-07 6.417078e-04
1 1.595604e-02 4.290922e-02 1.120414e-07 2.033543e-02
2 1.144449e-02 1.265244e-02 1.112575e-07 1.150908e-02
3 3.300804e-03 1.242604e-02 1.111608e-07 4.722540e-03
4 1.959826e-03 4.303703e-03 1.106857e-07 2.398970e-03
5 3.112784e-03 1.084446e-02 1.106016e-07 4.167904e-03
6 2.225385e-03 4.711281e-03 1.103043e-07 2.660111e-03
7 2.133958e-03 7.922098e-03 1.102107e-07 2.924343e-03
8 1.911108e-03 4.432259e-03 1.100428e-07 2.337597e-03
9 1.752085e-03 5.848280e-03 1.100052e-07 2.277108e-03
10 1.542280e-03 3.348715e-03 1.098310e-07 1.865569e-03
11 1.634649e-03 6.010357e-03 1.097938e-07 2.231032e-03
12 1.289567e-03 3.106932e-03 1.097324e-07 1.576060e-03
13 1.208507e-03 4.147871e-03 1.097145e-07 1.595830e-03
14 8.475000e-04 1.919457e-03 1.096672e-07 1.016555e-03
15 1.077974e-03 4.063601e-03 1.096565e-07 1.497584e-03
16 6.665652e-04 1.839515e-03 1.096438e-07 8.263584e-04
17 5.943642e-04 2.127058e-03 1.096377e-07 7.911280e-04
18 3.492472e-04 9.318962e-04 1.096331e-07 4.202435e-04
1 1.856916e-02 4.374230e-02 1.112334e-07 2.240157e-02
2 1.207345e-02 1.220630e-02 1.106099e-07 1.210129e-02
3 2.486647e-03 1.195752e-02 1.104647e-07 4.026194e-03
4 1.781628e-03 4.563803e-03 1.101813e-07 2.356065e-03
5 2.510663e-03 1.017503e-02 1.100869e-07 3.596622e-03
6 2.012597e-03 5.000715e-03 1.099167e-07 2.582429e-03
7 1.648507e-03 6.849477e-03 1.099134e-07 2.368876e-03
8 1.604868e-03 3.652139e-03 1.097054e-07 2.022040e-03
9 1.588176e-03 7.672349e-03 1.096744e-07 2.454235e-03
10 1.182775e-03 2.982776e-03 1.096100e-07 1.499497e-03
11 1.277640e-03 5.382166e-03 1.095884e-07 1.855714e-03
12 1.013057e-03 2.947878e-03 1.095608e-07 1.313526e-03
13 8.060087e-04 2.950738e-03 1.095451e-07 1.088000e-03
14 6.094314e-04 1.772744e-03 1.095335e-07 7.653236e-04
15 5.579737e-04 2.282338e-03 1.095287e-07 7.779951e-04
16 3.152790e-04 8.242810e-04 1.095247e-07 3.701797e-04
1 2.012360e-02 4.494160e-02 1.111162e-07 2.218903e-02
2 1.232190e-02 1.202203e-02 1.105700e-07 1.232499e-02
3 2.025668e-03 1.068145e-02 1.103992e-07 3.378521e-03
4 1.704302e-03 4.465018e-03 1.101647e-07 2.252058e-03
5 2.478714e-03 9.250804e-03 1.100739e-07 3.334629e-03
6 2.047988e-03 5.211096e-03 1.099367e-07 2.581551e-03
7 1.503784e-03 5.848834e-03 1.098756e-07 2.034919e-03
8 1.681851e-03 4.473057e-03 1.097609e-07 2.105050e-03
9 1.303177e-03 6.075117e-03 1.097295e-07 1.843659e-03
10 1.184029e-03 3.349407e-03 1.096837e-07 1.462613e-03
11 1.114285e-03 3.750969e-03 1.096602e-07 1.441577e-03
12 8.302158e-04 2.707091e-03 1.096348e-07 1.020656e-03
13 7.694372e-04 2.537100e-03 1.096237e-07 9.748500e-04
14 5.623197e-04 2.123765e-03 1.096150e-07 7.134621e-04
15 3.797530e-04 6.287051e-04 1.096098e-07 4.196416e-04
1 2.008697e-02 3.580294e-02 1.112499e-07 2.101677e-02
2 1.225822e-02 1.225596e-02 1.107492e-07 1.226019e-02
3 1.936621e-03 7.667844e-03 1.105612e-07 2.951691e-03
4 1.747274e-03 3.882074e-03 1.103573e-07 2.231286e-03
5 2.388431e-03 6.242271e-03 1.102763e-07 2.949827e-03
6 1.365939e-03 2.756266e-03 1.100919e-07 1.691427e-03
7 2.239975e-03 6.819749e-03 1.100422e-07 2.918578e-03
8 1.587974e-03 3.019672e-03 1.099647e-07 1.875407e-03
9 1.322466e-03 3.805868e-03 1.099324e-07 1.704506e-03
10 1.111533e-03 1.905682e-03 1.098765e-07 1.270231e-03
11 1.134967e-03 3.069194e-03 1.098680e-07 1.466926e-03
12 6.880944e-04 9.617746e-04 1.098356e-07 7.565057e-04
13 7.363967e-04 1.648851e-03 1.098274e-07 8.775854e-04
14 4.136460e-04 5.328512e-04 1.098200e-07 4.458592e-04
1 2.009188e-02 2.985579e-02 1.115726e-07 2.063849e-02
2 1.210229e-02 1.218386e-02 1.110633e-07 1.210611e-02
3 2.279560e-03 8.040616e-03 1.109293e-07 3.476349e-03
4 1.599188e-03 2.829334e-03 1.107212e-07 1.965150e-03
5 2.581168e-03 6.737227e-03 1.106497e-07 3.333950e-03
6 1.846320e-03 3.004407e-03 1.105324e-07 2.167695e-03
7 1.624179e-03 4.243062e-03 1.104980e-07 2.124626e-03
8 1.350421e-03 1.887813e-03 1.103899e-07 1.530684e-03
9 1.544055e-03 3.794548e-03 1.103661e-07 2.043870e-03
10 1.065775e-03 1.587554e-03 1.103308e-07 1.212908e-03
11 1.029565e-03 1.929544e-03 1.103099e-07 1.229188e-03
12 7.016807e-04 8.613844e-04 1.102925e-07 7.714524e-04
13 6.359135e-04 8.598982e-04 1.102824e-07 7.064567e-04
14 4.673434e-04 5.542841e-04 1.102755e-07 5.073123e-04
1 1.751284e-02 1.991487e-02 1.118756e-07 1.768216e-02
2 1.179556e-02 1.165405e-02 1.114504e-07 1.179624e-02
3 1.603676e-03 5.266983e-03 1.113817e-07 2.375646e-03
4 2.289710e-03 3.142367e-03 1.111377e-07 2.623661e-03
5 1.678906e-03 5.570300e-03 1.110734e-07 2.545989e-03
6 1.227232e-03 2.014965e-03 1.109893e-07 1.482059e-03
7 1.721543e-03 3.914742e-03 1.109591e-07 2.172691e-03
8 9.030364e-04 1.198907e-03 1.108987e-07 1.031291e-03
9 1.186724e-03 2.309119e-03 1.108749e-07 1.424351e-03
10 6.839014e-04 7.929455e-04 1.108569e-07 7.562767e-04
11 6.701813e-04 8.179488e-04 1.108456e-07 7.366117e-04
12 4.902094e-04 5.284832e-04 1.108380e-07 5.320370e-04
1 1.660351e-02 2.039948e-02 1.123534e-07 1.727071e-02
2 8.608730e-03 8.497075e-03 1.117289e-07 8.609028e-03
3 2.990648e-03 9.526578e-03 1.116974e-07 4.664758e-03
4 1.442467e-03 1.946082e-03 1.115586e-07 1.649201e-03
5 1.859804e-03 5.153235e-03 1.115523e-07 2.572597e-03
6 1.070105e-03 1.225103e-03 1.114430e-07 1.181214e-03
7 1.180793e-03 2.266556e-03 1.114111e-07 1.422489e-03
8 8.394422e-04 9.708557e-04 1.113881e-07 9.205149e-04
9 7.334663e-04 9.346851e-04 1.113722e-07 8.093342e-04
10 5.987806e-04 6.312525e-04 1.113610e-07 6.495160e-04
1 1.595072e-02 1.992557e-02 1.125371e-07 1.673272e-02
2 8.280836e-03 8.213651e-03 1.119705e-07 8.281790e-03
3 2.760465e-03 8.226166e-03 1.119388e-07 4.151693e-03
4 1.308302e-03 1.845452e-03 1.118432e-07 1.498109e-03
5 1.597249e-03 4.238360e-03 1.118174e-07 2.158222e-03
6 9.485901e-04 1.136235e-03 1.117608e-07 1.048658e-03
7 9.600781e-04 1.700400e-03 1.117382e-07 1.122054e-03
8 7.169616e-04 8.413629e-04 1.117224e-07 7.854524e-04
9 5.959217e-04 6.510837e-04 1.117113e-07 6.497431e-04
10 4.901016e-04 5.252466e-04 1.117037e-07 5.310958e-04
