1.000004e+00 1.000002e+00
1.000013e+00 1.000005e+00
1.000015e+00 1.000004e+00
1.000024e+00 1.000009e+00
1.000020e+00 1.000010e+00
1.000008e+00 1.000003e+00
1.000010e+00 1.000002e+00
1.000011e+00 1.000002e+00
1.000009e+00 1.000002e+00
1.000009e+00 1.000002e+00
1.000011e+00 1.000003e+00
1.000011e+00 1.000004e+00
1.000012e+00 1.000005e+00
1.000178e+00 1.000021e+00
1.000035e+00 1.000010e+00
1.000016e+00 1.000004e+00
1.000012e+00 1.000003e+00
1.000007e+00 1.000002e+00
1.000010e+00 1.000001e+00
1.000012e+00 1.000002e+00
1.000014e+00 1.000002e+00
1.000015e+00 1.000002e+00
1.000016e+00 1.000003e+00
1.000018e+00 1.000004e+00
1.000015e+00 1.000003e+00
