12 89
9 68
8 137
9 90
8 93
7 132
11 148
9 102
9 165
10 145
8 106
8 123
9 170
10 112
10 130
9 164
9 148
8 119
9 130
9 165
10 110
10 127
8 163
7 158
10 109
10 124
9 154
10 118
8 121
8 125
10 150
10 122
9 130
11 153
8 114
8 122
9 159
11 146
10 125
9 162
7 155
9 141
9 121
9 157
11 142
9 126
8 135
7 161
11 142
10 129
9 164
10 137
8 127
8 133
9 166
11 139
10 134
9 166
10 149
7 143
9 137
9 154
21 135
9 136
8 163
8 150
10 135
9 143
10 149
9 133
19 131
9 148
14 148
21 128
9 159
15 151
8 140
11 129
15 159
16 150
23 129
9 157
8 142
18 147
19 133
19 156
158 148
21 137
7 143
7 150
23 142
21 138
9 150
41 133
24 130
7 140
12 143
13 130
13 154
13 146
8 148
21 126
24 150
28 146
9 136
43 150
26 146
22 138
19 150
11 144
36 135
18 154
19 156
23 155
31 148
24 155
107 151
18 145
7 158
15 158
24 157
28 155
22 161
28 152
18 151
19 161
31 167
24 157
31 164
9 169
8 163
8 165
10 164
9 170
43 178
44 172
34 162
7 161
26 166
54 154
33 146
20 140
7 146
19 145
7 145
25 149
22 144
28 142
8 157
18 164
27 167
12 182
8 185
9 183
4 201
7 193
7 214
8 260
7 319
8 401
4 412
4 408
7 469
4 483
7 488
12 509
6 505
4 509
8 509
8 513
10 513
8 511
4 508
7 508
9 503
8 511
4 505
9 503
7 519
4 509
9 494
9 498
4 494
8 504
4 495
8 495
9 506
8 513
4 502
4 492
9 512
7 502
9 504
9 506
4 500
4 496
9 510
9 507
9 491
10 477
9 485
8 467
4 458
4 455
4 457
4 449
11 441
11 443
4 440
4 444
11 448
8 451
4 451
4 454
10 450
4 446
4 450
9 462
10 454
4 452
4 452
10 457
10 458
9 461
10 462
4 457
4 460
9 459
9 469
4 471
4 460
11 473
8 459
4 456
4 446
4 456
11 458
11 467
4 462
4 462
10 457
8 467
4 464
4 453
11 465
4 445
4 451
11 453
10 456
10 457
4 451
4 459
9 438
9 445
4 443
9 457
8 457
4 446
9 432
10 443
4 444
7 454
4 456
9 442
4 442
11 447
4 440
9 425
9 445
4 444
4 451
10 448
11 432
9 438
4 442
4 448
4 449
10 435
11 426
8 443
4 437
4 438
4 443
11 436
10 428
9 422
4 423
4 429
9 447
4 451
10 420
10 420
4 414
4 419
9 426
8 439
9 419
4 428
4 425
10 418
10 429
7 434
4 430
9 419
4 418
4 419
11 417
9 430
4 432
4 441
9 421
4 422
4 421
10 421
10 422
4 427
4 433
9 436
10 426
9 422
4 426
4 431
4 431
10 427
10 422
9 417
8 415
4 416
4 420
4 424
4 431
10 429
10 413
9 415
4 420
4 417
11 415
9 402
9 414
9 414
4 413
4 415
10 407
11 415
9 412
4 416
4 414
4 407
11 415
10 404
4 412
10 410
4 417
4 412
10 399
10 409
10 407
9 399
4 401
4 403
10 395
10 412
9 414
10 406
4 408
4 415
9 411
4 403
10 409
9 410
4 411
4 416
10 405
9 400
9 398
10 413
4 406
4 412
9 415
9 410
4 404
10 404
4 410
4 411
10 407
10 407
9 399
4 398
9 392
4 391
4 394
10 405
12 406
8 404
4 399
4 401
4 402
11 403
10 407
4 410
4 400
4 399
