1.000356e+00 1.000254e+00
1.000343e+00 1.000191e+00
1.000390e+00 1.000156e+00
1.000144e+00 1.000063e+00
1.000146e+00 1.000067e+00
1.000159e+00 1.000073e+00
1.000086e+00 1.000040e+00
1.000107e+00 1.000051e+00
1.000142e+00 1.000074e+00
1.000084e+00 1.000044e+00
1.000098e+00 1.000056e+00
1.000105e+00 1.000061e+00
1.000132e+00 1.000076e+00
1.000079e+00 1.000044e+00
1.000091e+00 1.000051e+00
1.000118e+00 1.000067e+00
1.000054e+00 1.000029e+00
1.000082e+00 1.000047e+00
1.000091e+00 1.000048e+00
1.000125e+00 1.000067e+00
1.000079e+00 1.000041e+00
1.000095e+00 1.000050e+00
1.000101e+00 1.000056e+00
1.000134e+00 1.000072e+00
1.000086e+00 1.000043e+00
1.000100e+00 1.000052e+00
1.000130e+00 1.000068e+00
1.000085e+00 1.000044e+00
1.000102e+00 1.000057e+00
1.000098e+00 1.000055e+00
1.000100e+00 1.000050e+00
1.000079e+00 1.000043e+00
1.000097e+00 1.000052e+00
1.000074e+00 1.000039e+00
1.000083e+00 1.000048e+00
1.000094e+00 1.000054e+00
1.000102e+00 1.000055e+00
1.000073e+00 1.000039e+00
1.000084e+00 1.000048e+00
1.000109e+00 1.000061e+00
1.000135e+00 1.000077e+00
1.000064e+00 1.000035e+00
1.000090e+00 1.000048e+00
1.000118e+00 1.000066e+00
1.000078e+00 1.000042e+00
1.000095e+00 1.000051e+00
1.000106e+00 1.000061e+00
1.000130e+00 1.000074e+00
1.000082e+00 1.000044e+00
1.000099e+00 1.000055e+00
1.000138e+00 1.000078e+00
1.000085e+00 1.000045e+00
1.000104e+00 1.000059e+00
1.000111e+00 1.000063e+00
1.000146e+00 1.000081e+00
1.000089e+00 1.000048e+00
1.000112e+00 1.000063e+00
1.000145e+00 1.000080e+00
1.000071e+00 1.000039e+00
1.000101e+00 1.000056e+00
1.000118e+00 1.000063e+00
1.000143e+00 1.000077e+00
1.000097e+00 1.000055e+00
1.000127e+00 1.000068e+00
1.000135e+00 1.000076e+00
1.000128e+00 1.000069e+00
1.000105e+00 1.000055e+00
1.000130e+00 1.000069e+00
1.000115e+00 1.000060e+00
1.000109e+00 1.000057e+00
1.000122e+00 1.000069e+00
1.000131e+00 1.000072e+00
1.000096e+00 1.000054e+00
1.000110e+00 1.000062e+00
1.000138e+00 1.000075e+00
1.000094e+00 1.000052e+00
1.000110e+00 1.000061e+00
1.000126e+00 1.000070e+00
1.000144e+00 1.000079e+00
1.000100e+00 1.000055e+00
1.000128e+00 1.000071e+00
1.000155e+00 1.000085e+00
1.000134e+00 1.000071e+00
1.000104e+00 1.000058e+00
1.000139e+00 1.000077e+00
1.000158e+00 1.000087e+00
1.000114e+00 1.000064e+00
1.000148e+00 1.000082e+00
1.000157e+00 1.000085e+00
1.000176e+00 1.000095e+00
1.000129e+00 1.000071e+00
1.000156e+00 1.000086e+00
1.000159e+00 1.000085e+00
1.000138e+00 1.000077e+00
1.000146e+00 1.000081e+00
1.000173e+00 1.000094e+00
1.000143e+00 1.000078e+00
1.000145e+00 1.000079e+00
1.000167e+00 1.000092e+00
1.000117e+00 1.000064e+00
1.000134e+00 1.000074e+00
1.000161e+00 1.000089e+00
1.000178e+00 1.000097e+00
1.000123e+00 1.000068e+00
1.000162e+00 1.000088e+00
1.000163e+00 1.000090e+00
1.000118e+00 1.000066e+00
1.000144e+00 1.000079e+00
1.000162e+00 1.000088e+00
1.000140e+00 1.000077e+00
1.000153e+00 1.000085e+00
1.000175e+00 1.000096e+00
1.000190e+00 1.000104e+00
1.000117e+00 1.000066e+00
1.000166e+00 1.000091e+00
1.000190e+00 1.000104e+00
1.000134e+00 1.000074e+00
1.000184e+00 1.000102e+00
1.000214e+00 1.000117e+00
1.000160e+00 1.000089e+00
1.000161e+00 1.000089e+00
1.000203e+00 1.000112e+00
1.000141e+00 1.000078e+00
1.000180e+00 1.000099e+00
1.000200e+00 1.000111e+00
1.000234e+00 1.000128e+00
1.000155e+00 1.000086e+00
1.000209e+00 1.000115e+00
1.000189e+00 1.000104e+00
1.000193e+00 1.000104e+00
1.000225e+00 1.000123e+00
1.000255e+00 1.000137e+00
1.000177e+00 1.000097e+00
1.000217e+00 1.000116e+00
1.000215e+00 1.000116e+00
1.000210e+00 1.000113e+00
1.000232e+00 1.000125e+00
1.000295e+00 1.000157e+00
1.000168e+00 1.000092e+00
1.000262e+00 1.000141e+00
1.000449e+00 1.000239e+00
1.000261e+00 1.000141e+00
1.000419e+00 1.000224e+00
1.000510e+00 1.000272e+00
1.000700e+00 1.000373e+00
1.000489e+00 1.000263e+00
1.000681e+00 1.000365e+00
1.000434e+00 1.000234e+00
1.000572e+00 1.000308e+00
1.000632e+00 1.000341e+00
1.000307e+00 1.000168e+00
1.000569e+00 1.000311e+00
1.000786e+00 1.000428e+00
1.000613e+00 1.000336e+00
1.001050e+00 1.000573e+00
1.000891e+00 1.000491e+00
1.001044e+00 1.000575e+00
1.000968e+00 1.000543e+00
1.001311e+00 1.000745e+00
1.001331e+00 1.000798e+00
1.002008e+00 1.001154e+00
1.002159e+00 1.001280e+00
1.002391e+00 1.001484e+00
1.003412e+00 1.002089e+00
1.003103e+00 1.002110e+00
1.001551e+00 1.000781e+00
1.001858e+00 1.001173e+00
1.002241e+00 1.001131e+00
1.002018e+00 1.000918e+00
1.001893e+00 1.001173e+00
1.001699e+00 1.000755e+00
1.001783e+00 1.001095e+00
1.002027e+00 1.001284e+00
1.002029e+00 1.000931e+00
1.001802e+00 1.000822e+00
1.001929e+00 1.001161e+00
1.002643e+00 1.001233e+00
1.002229e+00 1.000956e+00
1.002056e+00 1.001178e+00
1.002161e+00 1.001338e+00
1.002095e+00 1.000913e+00
1.001987e+00 1.000819e+00
1.002409e+00 1.001255e+00
1.002401e+00 1.001031e+00
1.002362e+00 1.001439e+00
1.002201e+00 1.000962e+00
1.001913e+00 1.000827e+00
1.001949e+00 1.001135e+00
1.002478e+00 1.001549e+00
1.003339e+00 1.001567e+00
1.002493e+00 1.001060e+00
1.002175e+00 1.001229e+00
1.002041e+00 1.000861e+00
1.001973e+00 1.001194e+00
1.002579e+00 1.001253e+00
1.003439e+00 1.001549e+00
1.002742e+00 1.001169e+00
1.002239e+00 1.000966e+00
1.002414e+00 1.000921e+00
1.002158e+00 1.000990e+00
1.002072e+00 1.000892e+00
1.002087e+00 1.000990e+00
1.002274e+00 1.001445e+00
1.002537e+00 1.001204e+00
1.003273e+00 1.001516e+00
1.004279e+00 1.001899e+00
1.003124e+00 1.001379e+00
1.002360e+00 1.001357e+00
1.002491e+00 1.001580e+00
1.002840e+00 1.001331e+00
1.002226e+00 1.001028e+00
1.002260e+00 1.001409e+00
1.003138e+00 1.001467e+00
1.004396e+00 1.001911e+00
1.002852e+00 1.001270e+00
1.002840e+00 1.001812e+00
1.003692e+00 1.001756e+00
1.003247e+00 1.001485e+00
1.002780e+00 1.001373e+00
1.003349e+00 1.002089e+00
1.003949e+00 1.002376e+00
1.002932e+00 1.001325e+00
1.002589e+00 1.001217e+00
1.002514e+00 1.001559e+00
1.002393e+00 1.001118e+00
1.002968e+00 1.001797e+00
1.003385e+00 1.001988e+00
1.002769e+00 1.001283e+00
1.002734e+00 1.001268e+00
1.003429e+00 1.002127e+00
1.004349e+00 1.001954e+00
1.003439e+00 1.001526e+00
1.002833e+00 1.001752e+00
1.002994e+00 1.001881e+00
1.003680e+00 1.001780e+00
1.004591e+00 1.002183e+00
1.003478e+00 1.001602e+00
1.002672e+00 1.001646e+00
1.002705e+00 1.001741e+00
1.003015e+00 1.001831e+00
1.002710e+00 1.001295e+00
1.002725e+00 1.001713e+00
1.003356e+00 1.002127e+00
1.004200e+00 1.002086e+00
1.003066e+00 1.001407e+00
1.003054e+00 1.001896e+00
1.003724e+00 1.001778e+00
1.003277e+00 1.001506e+00
1.002737e+00 1.001340e+00
1.002289e+00 1.001073e+00
1.002318e+00 1.001469e+00
1.002662e+00 1.001347e+00
1.002436e+00 1.001177e+00
1.002268e+00 1.001165e+00
1.002872e+00 1.001815e+00
1.002884e+00 1.001330e+00
1.002388e+00 1.001450e+00
1.002540e+00 1.001579e+00
1.002579e+00 1.001218e+00
1.002235e+00 1.001086e+00
1.002991e+00 1.001871e+00
1.003238e+00 1.001521e+00
1.003344e+00 1.002055e+00
1.002811e+00 1.001307e+00
1.003521e+00 1.002098e+00
1.002970e+00 1.001377e+00
1.003511e+00 1.002147e+00
1.003072e+00 1.001462e+00
1.002513e+00 1.001512e+00
1.002580e+00 1.001585e+00
1.003477e+00 1.001627e+00
1.003056e+00 1.001405e+00
1.002242e+00 1.001087e+00
1.002142e+00 1.001355e+00
1.002297e+00 1.001436e+00
1.002564e+00 1.001262e+00
1.003201e+00 1.001558e+00
1.002808e+00 1.001322e+00
1.002086e+00 1.001002e+00
1.002033e+00 1.001282e+00
1.002214e+00 1.001403e+00
1.002500e+00 1.001261e+00
1.003203e+00 1.001568e+00
1.002702e+00 1.001246e+00
1.002116e+00 1.001305e+00
1.001885e+00 1.001173e+00
1.002008e+00 1.001287e+00
1.002270e+00 1.001174e+00
1.002172e+00 1.001041e+00
1.002728e+00 1.001575e+00
1.002241e+00 1.001089e+00
1.001789e+00 1.000891e+00
1.001908e+00 1.001251e+00
1.002205e+00 1.001160e+00
1.002103e+00 1.001038e+00
1.001922e+00 1.000939e+00
1.001649e+00 1.000826e+00
1.002152e+00 1.001355e+00
1.002525e+00 1.001473e+00
1.001891e+00 1.000920e+00
1.001746e+00 1.000853e+00
1.001888e+00 1.001179e+00
1.002588e+00 1.001493e+00
1.002090e+00 1.001008e+00
1.002058e+00 1.001322e+00
1.002383e+00 1.001429e+00
1.001917e+00 1.000932e+00
1.001887e+00 1.001169e+00
1.002310e+00 1.001390e+00
1.003189e+00 1.001687e+00
1.002253e+00 1.001085e+00
1.002377e+00 1.001498e+00
1.003203e+00 1.001535e+00
1.002581e+00 1.001232e+00
1.002172e+00 1.001251e+00
1.002782e+00 1.001608e+00
1.002880e+00 1.001462e+00
1.002297e+00 1.001108e+00
1.001864e+00 1.000927e+00
1.001784e+00 1.001145e+00
1.002209e+00 1.001363e+00
1.003063e+00 1.001593e+00
1.003161e+00 1.001555e+00
1.002286e+00 1.001136e+00
1.001817e+00 1.000922e+00
1.001696e+00 1.001107e+00
1.001657e+00 1.001072e+00
1.002018e+00 1.001097e+00
1.002421e+00 1.001403e+00
1.002344e+00 1.001207e+00
1.002972e+00 1.001518e+00
1.002556e+00 1.001259e+00
1.001860e+00 1.000937e+00
1.001683e+00 1.001082e+00
1.001833e+00 1.001169e+00
1.002134e+00 1.001124e+00
1.001719e+00 1.000864e+00
1.001498e+00 1.000952e+00
1.001360e+00 1.000703e+00
1.001431e+00 1.000928e+00
1.001636e+00 1.001041e+00
1.001850e+00 1.000945e+00
1.001612e+00 1.000830e+00
1.001323e+00 1.000684e+00
1.001299e+00 1.000852e+00
1.001741e+00 1.001092e+00
1.001909e+00 1.001048e+00
1.001984e+00 1.001030e+00
1.001658e+00 1.000839e+00
1.001428e+00 1.000925e+00
1.001821e+00 1.001107e+00
1.001539e+00 1.000788e+00
1.001604e+00 1.001038e+00
1.001794e+00 1.000959e+00
1.001591e+00 1.000813e+00
1.001400e+00 1.000726e+00
1.001322e+00 1.000848e+00
1.001292e+00 1.000846e+00
1.001432e+00 1.000948e+00
1.001605e+00 1.000863e+00
1.001410e+00 1.000732e+00
1.001335e+00 1.000821e+00
1.001319e+00 1.000851e+00
1.001246e+00 1.000649e+00
1.001306e+00 1.000877e+00
1.001516e+00 1.000961e+00
1.001484e+00 1.000777e+00
1.001814e+00 1.001036e+00
1.001612e+00 1.000821e+00
1.001474e+00 1.000942e+00
1.001634e+00 1.001061e+00
1.001813e+00 1.000960e+00
1.001523e+00 1.000794e+00
1.001436e+00 1.000926e+00
1.001355e+00 1.000715e+00
1.001296e+00 1.000676e+00
1.001348e+00 1.000891e+00
1.001479e+00 1.000800e+00
1.001468e+00 1.000767e+00
1.001375e+00 1.000895e+00
1.001851e+00 1.001071e+00
1.001571e+00 1.000814e+00
1.001638e+00 1.001069e+00
1.001854e+00 1.001018e+00
1.001557e+00 1.000816e+00
1.001374e+00 1.000887e+00
1.001301e+00 1.000862e+00
1.001806e+00 1.001051e+00
1.001551e+00 1.000807e+00
1.001576e+00 1.001034e+00
1.002156e+00 1.001136e+00
1.001785e+00 1.000918e+00
1.001330e+00 1.000697e+00
1.001320e+00 1.000879e+00
1.001454e+00 1.000933e+00
1.001599e+00 1.000878e+00
1.002035e+00 1.001114e+00
1.001766e+00 1.000911e+00
1.001425e+00 1.000735e+00
1.001726e+00 1.001132e+00
1.001947e+00 1.001243e+00
1.002088e+00 1.001122e+00
