10 145
12 154
10 156
10 173
9 171
5 179
7 163
7 179
7 189
7 172
4 174
4 177
7 177
7 173
7 189
7 171
5 161
5 169
7 168
7 157
7 164
6 161
4 167
4 160
7 158
7 164
7 168
7 159
4 154
4 164
7 164
6 174
7 156
7 169
4 163
6 149
7 149
7 152
8 143
7 158
4 158
4 158
8 140
7 156
6 157
7 148
4 160
4 162
8 152
7 138
7 151
8 138
4 144
6 148
7 158
7 130
7 145
5 154
7 139
4 141
7 152
9 150
7 125
7 147
4 148
8 151
7 144
7 155
8 149
7 135
4 144
4 147
8 116
7 152
5 150
8 104
4 136
4 144
10 149
7 114
7 146
8 139
4 115
4 117
7 147
8 118
7 148
7 153
7 131
4 122
7 144
10 130
7 99
7 157
4 156
4 154
8 129
7 150
8 115
7 147
4 154
4 147
8 107
7 142
7 144
7 95
4 133
4 151
7 146
7 115
7 144
9 117
4 110
7 144
7 147
8 112
7 138
7 141
4 143
7 94
7 147
7 144
7 93
7 143
4 146
4 142
8 135
7 141
9 116
7 128
4 139
4 136
9 86
7 134
7 136
8 82
4 100
4 130
7 128
8 105
7 128
5 129
7 78
4 92
7 126
9 109
7 126
7 128
4 124
8 80
7 120
5 126
9 95
7 130
4 134
4 131
12 113
11 129
5 129
23 130
4 134
4 136
4 142
9 126
28 129
9 105
4 110
7 144
7 141
9 105
7 148
4 149
4 152
8 133
7 162
4 172
9 166
7 178
4 174
4 176
9 204
4 205
4 222
10 306
4 313
4 321
4 337
4 350
10 424
4 428
4 428
9 442
13 433
9 439
8 429
9 432
4 431
7 433
8 431
9 424
8 423
9 416
4 406
4 412
9 411
9 419
9 413
8 418
4 419
4 411
9 416
9 421
10 421
9 411
4 412
4 414
9 426
10 413
4 407
10 410
4 410
4 404
9 413
9 413
4 407
9 394
8 412
4 404
10 406
10 412
10 402
6 403
4 402
4 404
4 413
4 413
10 400
11 408
4 417
4 414
10 413
4 402
4 398
13 403
4 407
4 408
10 422
11 422
9 425
4 427
4 430
4 431
4 428
4 428
13 423
10 444
4 447
4 443
12 433
4 428
4 428
11 422
4 431
9 438
13 466
4 463
4 471
14 446
8 472
4 470
4 484
4 491
13 474
11 476
4 482
4 484
4 488
4 481
11 488
11 480
4 474
4 474
4 473
13 480
9 498
10 474
4 467
4 463
4 457
4 458
4 461
15 478
9 481
10 476
11 472
4 465
4 466
12 503
4 501
4 500
4 501
4 498
4 486
18 495
4 494
8 509
4 513
13 512
4 510
4 506
4 509
13 508
14 505
9 517
4 516
4 516
4 505
13 492
13 500
4 503
4 495
9 497
4 498
4 497
4 495
16 498
12 494
4 497
4 502
4 496
4 496
4 497
16 500
11 498
10 480
9 494
4 505
4 513
4 513
18 503
10 503
9 518
4 516
4 520
4 514
6 508
12 518
13 505
4 509
10 521
10 527
4 526
4 535
4 530
13 522
11 525
4 514
4 512
12 524
9 517
10 506
4 508
13 522
4 521
4 525
6 526
14 511
12 514
10 514
4 507
10 498
4 489
4 492
4 491
16 511
4 525
4 521
9 526
4 524
4 522
17 507
11 505
9 503
4 508
4 506
9 486
14 507
4 506
4 509
4 510
4 508
12 519
10 504
12 510
10 487
4 485
4 488
4 487
12 491
4 491
4 499
12 499
4 487
4 481
4 482
18 509
10 486
11 477
4 474
4 469
4 473
13 492
4 485
6 485
11 475
13 492
4 485
4 485
4 498
4 499
12 494
4 495
4 498
4 498
17 514
12 493
