17 137
18 119
20 126
18 131
18 164
16 165
14 167
17 169
16 166
16 165
15 165
15 165
17 169
16 178
15 173
15 174
16 186
16 191
15 202
14 187
15 193
13 195
15 199
15 210
15 210
14 209
15 214
15 215
15 218
17 236
15 209
15 204
17 212
15 211
16 175
15 196
16 177
16 176
16 178
16 181
16 189
16 182
17 193
20 206
15 205
14 201
16 218
19 235
16 247
16 239
18 251
17 262
15 276
15 293
15 348
16 379
19 401
26 387
26 390
30 403
25 388
25 386
28 391
25 366
25 377
27 372
29 383
23 394
23 390
21 384
21 389
24 391
24 386
26 385
22 390
22 390
22 393
24 393
20 395
24 400
22 403
21 407
25 416
23 433
22 459
30 487
28 540
24 557
21 613
18 600
19 589
10 608
7 608
33 606
4 610
13 609
27 614
7 616
13 608
7 624
4 625
103 601
13 596
93 565
81 569
58 565
22 562
146 567
