1.000035e+00 1.000010e+00
1.000054e+00 1.000014e+00
1.000044e+00 1.000009e+00
1.000038e+00 1.000009e+00
1.000050e+00 1.000014e+00
1.000048e+00 1.000015e+00
1.000051e+00 1.000017e+00
1.000052e+00 1.000018e+00
1.000056e+00 1.000020e+00
1.000056e+00 1.000020e+00
1.000051e+00 1.000015e+00
1.000054e+00 1.000014e+00
1.000051e+00 1.000015e+00
1.000060e+00 1.000017e+00
1.000068e+00 1.000017e+00
1.000066e+00 1.000017e+00
1.000073e+00 1.000019e+00
1.000074e+00 1.000023e+00
1.000078e+00 1.000022e+00
1.000084e+00 1.000023e+00
1.000088e+00 1.000028e+00
1.000090e+00 1.000028e+00
1.000105e+00 1.000029e+00
1.000089e+00 1.000024e+00
1.000105e+00 1.000027e+00
1.000109e+00 1.000029e+00
1.000124e+00 1.000039e+00
1.000121e+00 1.000038e+00
1.000128e+00 1.000037e+00
1.000112e+00 1.000036e+00
1.000143e+00 1.000049e+00
1.000140e+00 1.000051e+00
1.000134e+00 1.000044e+00
1.000128e+00 1.000037e+00
1.000126e+00 1.000043e+00
1.000131e+00 1.000052e+00
1.000130e+00 1.000042e+00
1.000132e+00 1.000047e+00
1.000202e+00 1.000080e+00
1.000174e+00 1.000058e+00
1.000202e+00 1.000075e+00
1.000218e+00 1.000077e+00
1.000183e+00 1.000069e+00
1.000193e+00 1.000069e+00
1.000229e+00 1.000088e+00
1.000233e+00 1.000088e+00
1.000251e+00 1.000107e+00
1.000234e+00 1.000095e+00
1.000325e+00 1.000134e+00
1.000277e+00 1.000109e+00
1.000353e+00 1.000121e+00
1.000354e+00 1.000114e+00
1.000403e+00 1.000134e+00
1.000492e+00 1.000187e+00
1.000690e+00 1.000269e+00
1.000869e+00 1.000369e+00
1.001427e+00 1.000626e+00
1.002497e+00 1.000894e+00
1.003362e+00 1.001105e+00
1.003443e+00 1.001210e+00
1.003778e+00 1.001327e+00
1.004259e+00 1.001464e+00
1.004004e+00 1.001412e+00
1.004226e+00 1.001636e+00
1.004577e+00 1.001593e+00
1.004330e+00 1.001533e+00
1.004343e+00 1.001402e+00
1.004917e+00 1.001845e+00
1.004967e+00 1.001660e+00
1.005129e+00 1.001612e+00
1.005360e+00 1.001945e+00
1.005547e+00 1.001764e+00
1.005205e+00 1.001680e+00
1.005309e+00 1.001897e+00
1.005285e+00 1.001742e+00
1.005390e+00 1.001814e+00
1.005791e+00 1.002016e+00
1.005902e+00 1.001963e+00
1.006335e+00 1.002060e+00
1.006146e+00 1.002164e+00
1.006871e+00 1.002338e+00
1.007302e+00 1.002328e+00
1.007231e+00 1.002447e+00
1.007272e+00 1.002472e+00
1.007974e+00 1.002665e+00
1.007255e+00 1.002505e+00
1.007439e+00 1.002597e+00
1.008385e+00 1.003007e+00
1.010259e+00 1.003903e+00
1.013535e+00 1.005273e+00
1.017612e+00 1.006856e+00
1.022506e+00 1.009798e+00
1.028729e+00 1.012841e+00
1.033360e+00 1.014786e+00
1.040098e+00 1.017809e+00
1.044712e+00 1.020965e+00
1.049585e+00 1.023592e+00
1.055448e+00 1.026714e+00
1.060360e+00 1.029839e+00
1.066454e+00 1.033024e+00
1.073263e+00 1.036053e+00
1.063200e+00 1.020532e+00
1.066978e+00 1.028688e+00
1.058800e+00 1.020054e+00
1.054652e+00 1.024856e+00
1.053297e+00 1.024426e+00
1.057979e+00 1.025225e+00
1.047385e+00 1.017421e+00
