53 13102
5 13023
7 13093
14 13205
17 13374
12 13423
11 13520
11 13605
13 13688
15 13767
20 13835
26 13985
18 14164
18 14264
23 14478
12 14552
18 14672
18 14933
11 15150
19 15352
13 15495
10 15569
10 15554
13 15636
14 15667
14 15683
13 15763
14 15622
16 15537
17 15278
22 15042
15 14710
22 14695
15 14559
10 14274
12 14072
39 14090
30 14248
24 14144
13 13916
8 13744
10 13571
22 13455
12 13329
12 13188
9 13056
10 12948
7 12827
10 12717
7 12608
9 12537
8 12396
8 12582
19 16138
43 13360
44 13258
30 13128
7 12753
6 12535
5 12467
5 12234
5 11850
5 11625
6 11336
5 11106
5 10858
5 10671
5 10504
5 10348
5 10175
4 9994
4 9836
4 9665
4 9530
4 9374
4 9250
4 9102
4 8962
4 8872
4 8746
113 7055
