1 2.654216e-02 5.513859e-02 4.826301e-08 3.014819e-02
2 9.947319e-03 2.253202e-02 4.804315e-08 1.059664e-02
3 5.296292e-03 1.831510e-02 4.675598e-08 5.940932e-03
4 4.461064e-03 1.833815e-02 4.628669e-08 5.094891e-03
5 4.250638e-03 3.220637e-02 4.598303e-08 5.626370e-03
6 3.703372e-03 1.756420e-02 4.551796e-08 4.394999e-03
7 4.000105e-03 1.859579e-02 4.534810e-08 4.981667e-03
8 2.701711e-03 1.171181e-02 4.492158e-08 3.293176e-03
9 3.414726e-03 1.404519e-02 4.488841e-08 4.237896e-03
10 3.594119e-03 2.062570e-02 4.486196e-08 4.702801e-03
11 5.243751e-03 3.547628e-02 4.477624e-08 7.346422e-03
12 3.380790e-03 2.434940e-02 4.454708e-08 4.744075e-03
13 3.018173e-03 2.651793e-02 4.453263e-08 4.208865e-03
14 3.818613e-03 2.628367e-02 4.433732e-08 4.814270e-03
15 3.005309e-03 1.728648e-02 4.419748e-08 4.225199e-03
16 1.898512e-03 9.522263e-03 4.394894e-08 2.337898e-03
17 5.496357e-03 2.881376e-02 4.383272e-08 8.127378e-03
18 2.670552e-03 1.679160e-02 4.365815e-08 3.830193e-03
19 4.168360e-03 2.130470e-02 4.357555e-08 5.294684e-03
20 2.462237e-03 2.797354e-02 4.346042e-08 3.322176e-03
21 2.196841e-03 2.451087e-02 4.337654e-08 3.002485e-03
22 5.200471e-03 3.334772e-02 4.333038e-08 7.753689e-03
23 3.647504e-03 3.123908e-02 4.317310e-08 5.933309e-03
24 1.930615e-03 1.562173e-02 4.311132e-08 2.680280e-03
25 1.624157e-03 1.218569e-02 4.274790e-08 2.258414e-03
26 3.334497e-03 2.143800e-02 4.267135e-08 4.505302e-03
27 5.671862e-03 3.612578e-02 4.265848e-08 8.828284e-03
28 1.988805e-03 1.914416e-02 4.256206e-08 2.935937e-03
29 2.655499e-03 3.833522e-02 4.255622e-08 4.806402e-03
30 1.442943e-03 1.838746e-02 4.234327e-08 2.106086e-03
31 3.315752e-03 2.504532e-02 4.229454e-08 5.561088e-03
32 1.107236e-03 9.920030e-03 4.217356e-08 1.497418e-03
33 3.255550e-03 3.149946e-02 4.212954e-08 5.146884e-03
34 1.545873e-03 1.231637e-02 4.209578e-08 2.284249e-03
35 3.126396e-03 4.546641e-02 4.205016e-08 6.334304e-03
36 1.394919e-03 1.187661e-02 4.191995e-08 1.993936e-03
37 2.800332e-03 3.616570e-02 4.191952e-08 6.360072e-03
38 3.414694e-03 5.295145e-02 4.188798e-08 7.187873e-03
39 1.102250e-03 4.460661e-03 4.172747e-08 1.461970e-03
40 3.671388e-03 6.604426e-02 4.172480e-08 8.556676e-03
41 1.391820e-03 4.153158e-02 4.171761e-08 3.538885e-03
42 1.364125e-03 4.553262e-02 4.171633e-08 3.951481e-03
43 8.369615e-04 1.634536e-02 4.170839e-08 1.851875e-03
44 5.131469e-04 4.228848e-03 4.169331e-08 8.242662e-04
45 4.652324e-04 3.403468e-03 4.166477e-08 7.410210e-04
46 3.493909e-03 6.911206e-02 4.164263e-08 8.383037e-03
47 9.276755e-04 2.498570e-02 4.163859e-08 2.773729e-03
48 3.219475e-04 2.755982e-03 4.158788e-08 4.636732e-04
49 1.756706e-03 3.747463e-02 4.156132e-08 4.236356e-03
50 1.076064e-03 1.271345e-02 4.155722e-08 2.125050e-03
51 2.852545e-04 1.173048e-03 4.152363e-08 3.642148e-04
52 2.538811e-04 4.776100e-03 4.151878e-08 4.646385e-04
53 1.557003e-04 6.675642e-04 4.150760e-08 2.018836e-04
1 5.258235e-03 4.283737e-02 4.155863e-08 6.226085e-03
2 1.922035e-03 1.290947e-02 4.147345e-08 2.384606e-03
3 8.267369e-04 3.760920e-03 4.142927e-08 9.858690e-04
4 7.351914e-04 3.378354e-03 4.142214e-08 8.661664e-04
5 4.658452e-04 1.313741e-03 4.141913e-08 5.639540e-04
1 3.977920e-03 4.687215e-02 4.135751e-08 5.932147e-03
2 2.015106e-03 1.434352e-02 4.126371e-08 2.397812e-03
3 1.154857e-03 6.769421e-03 4.124338e-08 1.361924e-03
4 1.011327e-03 6.223466e-03 4.123434e-08 1.213625e-03
5 8.184431e-04 2.638429e-03 4.115398e-08 9.532402e-04
6 6.126483e-04 1.588814e-03 4.114687e-08 7.174989e-04
7 4.785313e-04 2.574725e-03 4.112234e-08 5.776649e-04
1 5.126356e-03 4.862979e-02 4.150828e-08 7.340380e-03
2 3.040379e-03 2.061485e-02 4.138582e-08 4.529389e-03
3 4.024768e-03 4.846824e-02 4.132726e-08 7.820458e-03
4 2.763762e-03 2.273836e-02 4.132127e-08 4.355677e-03
5 1.500402e-03 7.751472e-03 4.125674e-08 1.886323e-03
6 1.220684e-03 5.637234e-03 4.118846e-08 1.555661e-03
7 2.014159e-03 1.400542e-02 4.114950e-08 3.186420e-03
8 1.000628e-03 4.930022e-03 4.109273e-08 1.262399e-03
9 1.169386e-03 1.165543e-02 4.107398e-08 1.655060e-03
10 9.927403e-04 7.545972e-03 4.097816e-08 1.456511e-03
11 7.951125e-04 1.693513e-02 4.096655e-08 1.743812e-03
12 5.673561e-04 3.659700e-03 4.091586e-08 7.145745e-04
13 4.459312e-04 2.244879e-03 4.084222e-08 5.744233e-04
14 6.109359e-04 5.006066e-03 4.083345e-08 8.950263e-04
1 6.050870e-03 4.952792e-02 4.094387e-08 8.486603e-03
2 3.846132e-03 3.532988e-02 4.090152e-08 6.490542e-03
3 2.570692e-03 1.421176e-02 4.088098e-08 3.482011e-03
4 1.497750e-03 8.062784e-03 4.079958e-08 1.739663e-03
5 2.626704e-03 3.848138e-02 4.073318e-08 5.913726e-03
6 1.036913e-03 1.029842e-02 4.070240e-08 1.449934e-03
7 8.070627e-04 4.206812e-03 4.051068e-08 1.050907e-03
8 3.365922e-03 2.223942e-02 4.048611e-08 5.641450e-03
9 1.752331e-03 2.619157e-02 4.047181e-08 3.284817e-03
10 8.866821e-04 4.391445e-03 4.035727e-08 1.172546e-03
11 3.879269e-03 5.139913e-02 4.032323e-08 9.047222e-03
12 3.119416e-03 4.959651e-02 4.030389e-08 8.217456e-03
13 5.038713e-04 3.526458e-03 4.023587e-08 7.404548e-04
14 1.353004e-03 1.395665e-02 4.021263e-08 2.784706e-03
15 4.225186e-04 2.466479e-03 4.020079e-08 6.139997e-04
16 3.031631e-04 1.151933e-03 4.019091e-08 3.813136e-04
17 2.466968e-04 1.689328e-03 4.018173e-08 3.731752e-04
1 6.427626e-03 5.152844e-02 4.027553e-08 9.271841e-03
2 2.370511e-03 1.543783e-02 4.023232e-08 3.151645e-03
3 2.564133e-03 5.663541e-02 4.021696e-08 5.790134e-03
4 1.399488e-03 8.161622e-03 4.014558e-08 1.760428e-03
5 8.593241e-04 4.642864e-03 4.010196e-08 1.074769e-03
6 1.274849e-03 1.257448e-02 4.009189e-08 2.341109e-03
7 1.018380e-03 2.601361e-02 4.009028e-08 2.470282e-03
8 5.265627e-04 2.091690e-03 4.005424e-08 6.341479e-04
9 7.454919e-04 1.576780e-02 4.005252e-08 1.736976e-03
10 3.715523e-04 1.291176e-03 4.003683e-08 4.436964e-04
11 2.858685e-04 7.013018e-04 4.003461e-08 3.421207e-04
12 2.203616e-04 5.325615e-04 4.003025e-08 2.671447e-04
1 8.705001e-03 5.070971e-02 4.047346e-08 1.135937e-02
2 2.672393e-03 1.473846e-02 4.019778e-08 3.324280e-03
3 1.335420e-03 4.848143e-03 4.001761e-08 1.576022e-03
4 9.616032e-04 4.905981e-03 3.997013e-08 1.287365e-03
5 3.050213e-03 2.779938e-02 3.996273e-08 6.382461e-03
6 6.318856e-04 2.691812e-03 3.987884e-08 7.878403e-04
7 4.280091e-03 3.731996e-02 3.986478e-08 8.998048e-03
8 1.037184e-03 1.102807e-02 3.986097e-08 2.041319e-03
9 5.728071e-04 3.184497e-03 3.985911e-08 7.288545e-04
10 4.809952e-04 1.651847e-03 3.975653e-08 5.712708e-04
11 3.429553e-04 1.258005e-03 3.973539e-08 4.178568e-04
1 9.799859e-03 4.853983e-02 3.981304e-08 1.310076e-02
2 2.551861e-03 1.385437e-02 3.980795e-08 2.988266e-03
3 2.099568e-03 1.906313e-02 3.979008e-08 3.428235e-03
4 1.123229e-03 4.609718e-03 3.978227e-08 1.350575e-03
5 1.156815e-03 1.068799e-02 3.977506e-08 1.788889e-03
6 6.628605e-04 3.464970e-03 3.970276e-08 8.216503e-04
7 4.400870e-04 1.772582e-03 3.965587e-08 5.481066e-04
8 3.343956e-03 2.680656e-02 3.964210e-08 7.192172e-03
9 5.381051e-04 3.834786e-03 3.963251e-08 8.237936e-04
10 3.715220e-04 2.158755e-03 3.955614e-08 5.228200e-04
11 5.144961e-04 4.640320e-03 3.954211e-08 9.078695e-04
1 1.095932e-02 4.900159e-02 3.963657e-08 1.465025e-02
2 3.523614e-03 1.357581e-02 3.962518e-08 4.166681e-03
3 2.040623e-03 9.705732e-03 3.960905e-08 2.638245e-03
4 1.312471e-03 7.902440e-03 3.950978e-08 1.831521e-03
5 9.994781e-04 1.048108e-02 3.947033e-08 1.617610e-03
6 7.086197e-04 3.573880e-03 3.942996e-08 8.940394e-04
7 1.168135e-03 1.451381e-02 3.941296e-08 2.568543e-03
8 4.054612e-04 2.027495e-03 3.937682e-08 5.096223e-04
9 2.715994e-04 1.126425e-03 3.933858e-08 3.468573e-04
10 6.173852e-04 8.173791e-03 3.932827e-08 1.402636e-03
11 2.216063e-04 8.958063e-04 3.930410e-08 2.776264e-04
12 1.483902e-04 5.988324e-04 3.930322e-08 1.858735e-04
13 1.152286e-04 4.535055e-04 3.930300e-08 1.458007e-04
1 1.221204e-02 4.911369e-02 3.936640e-08 1.604860e-02
2 3.138681e-03 1.314863e-02 3.933294e-08 3.571281e-03
3 2.393103e-03 1.113466e-02 3.932732e-08 2.684297e-03
4 1.576400e-03 1.002635e-02 3.921117e-08 1.795880e-03
5 7.985501e-04 4.086471e-03 3.919814e-08 9.210011e-04
6 9.811196e-04 7.440678e-03 3.919280e-08 1.289590e-03
7 1.234967e-03 1.324649e-02 3.919060e-08 2.017764e-03
8 6.397001e-04 3.639866e-03 3.918540e-08 7.386484e-04
9 8.036621e-04 4.985533e-03 3.918323e-08 1.023337e-03
10 1.236921e-03 1.545817e-02 3.916882e-08 2.185168e-03
11 6.234872e-04 1.584218e-03 3.916607e-08 7.698940e-04
12 6.943959e-04 8.642168e-03 3.916291e-08 1.102892e-03
13 3.472867e-04 1.547739e-03 3.909850e-08 4.157103e-04
14 5.024610e-04 5.024458e-03 3.909604e-08 9.227303e-04
15 2.446459e-04 1.081646e-03 3.908391e-08 3.003588e-04
1 1.338198e-02 4.903600e-02 3.909460e-08 1.747091e-02
2 3.535460e-03 4.012412e-02 3.909364e-08 5.689675e-03
3 2.345059e-03 1.112289e-02 3.907786e-08 2.856887e-03
4 1.901538e-03 9.628833e-03 3.907042e-08 2.068122e-03
5 1.364038e-03 1.457953e-02 3.905930e-08 1.832219e-03
6 1.345796e-03 1.128261e-02 3.904246e-08 1.898421e-03
7 1.029087e-03 7.542399e-03 3.902197e-08 1.432879e-03
8 1.293556e-03 3.446511e-02 3.902072e-08 3.087864e-03
9 6.670307e-04 5.804544e-03 3.898680e-08 9.536042e-04
10 1.073376e-03 2.107326e-02 3.898120e-08 2.439865e-03
11 4.319541e-04 2.437852e-03 3.895096e-08 5.986582e-04
12 1.582769e-03 3.137244e-02 3.894889e-08 4.157525e-03
13 5.739052e-04 6.509407e-03 3.893938e-08 1.003071e-03
14 8.893494e-04 2.554399e-02 3.893820e-08 2.822485e-03
15 9.067641e-04 3.055115e-02 3.892611e-08 3.212312e-03
16 2.362465e-04 1.548550e-03 3.890984e-08 3.145274e-04
17 4.093905e-04 8.155996e-03 3.890350e-08 1.088372e-03
18 1.584821e-04 8.118381e-04 3.890283e-08 2.030142e-04
19 1.158155e-04 4.197968e-04 3.890270e-08 1.424981e-04
20 8.429251e-05 2.720752e-04 3.890263e-08 1.012741e-04
1 1.444324e-02 4.938229e-02 3.892933e-08 1.872298e-02
2 8.005391e-03 5.731942e-02 3.892731e-08 1.297730e-02
3 3.449440e-03 1.937191e-02 3.891040e-08 4.943005e-03
4 2.179915e-03 1.008884e-02 3.888984e-08 2.438867e-03
5 1.701593e-03 8.877066e-03 3.883953e-08 1.917853e-03
6 1.765849e-03 3.515660e-02 3.883138e-08 4.127046e-03
7 7.907402e-04 8.018506e-03 3.883039e-08 1.039161e-03
8 8.108147e-04 7.240681e-03 3.882343e-08 1.154971e-03
9 5.776924e-03 7.535766e-02 3.881821e-08 1.360290e-02
10 1.033369e-03 1.007005e-02 3.878467e-08 1.578640e-03
11 6.074322e-04 2.672770e-03 3.874487e-08 7.850264e-04
12 1.027698e-03 1.067389e-02 3.872636e-08 1.726546e-03
13 7.197411e-04 5.283910e-03 3.872469e-08 1.191786e-03
14 6.567627e-04 9.446779e-03 3.871659e-08 1.445640e-03
15 1.924873e-03 5.150723e-02 3.867266e-08 5.397662e-03
16 6.533263e-04 8.623746e-03 3.865532e-08 1.073052e-03
17 4.970265e-03 4.402139e-02 3.865116e-08 1.101426e-02
18 1.317821e-03 9.436037e-03 3.864688e-08 2.112452e-03
19 6.028987e-04 2.837391e-03 3.857092e-08 8.522273e-04
20 7.722815e-04 6.398592e-03 3.856538e-08 1.395257e-03
21 3.033657e-04 4.611795e-03 3.855994e-08 5.038728e-04
22 2.892781e-04 1.843957e-03 3.851243e-08 4.652797e-04
23 7.950739e-04 9.046503e-03 3.850973e-08 1.730182e-03
24 3.255881e-04 4.610093e-03 3.850656e-08 5.679001e-04
25 2.062808e-04 3.274366e-03 3.850046e-08 3.947654e-04
26 1.346305e-04 1.878961e-03 3.849196e-08 2.094702e-04
1 1.553913e-02 5.037398e-02 3.965061e-08 1.988319e-02
2 6.695483e-03 2.443173e-02 3.896945e-08 8.060619e-03
3 3.372685e-03 1.348598e-02 3.896682e-08 4.351809e-03
4 1.586841e-03 7.280276e-03 3.885099e-08 1.882289e-03
5 1.374625e-03 5.510561e-03 3.851864e-08 1.672875e-03
6 1.798896e-03 1.184629e-02 3.850492e-08 2.642101e-03
7 2.513694e-03 4.004610e-02 3.850201e-08 5.909738e-03
8 1.144953e-03 3.106755e-03 3.842741e-08 1.428715e-03
9 1.454055e-03 1.258469e-02 3.841818e-08 2.301912e-03
10 7.016046e-04 2.115948e-03 3.831816e-08 8.746509e-04
11 2.294095e-03 3.955850e-02 3.831052e-08 5.400897e-03
12 9.068141e-04 7.309743e-03 3.830847e-08 1.483152e-03
13 4.683588e-04 2.800463e-03 3.823985e-08 6.448053e-04
14 3.050821e-04 1.755472e-03 3.819258e-08 4.357142e-04
15 2.190625e-03 1.682287e-02 3.816810e-08 3.901414e-03
16 3.869659e-04 3.080870e-03 3.812343e-08 5.538894e-04
17 1.923371e-04 8.007699e-04 3.809171e-08 2.526240e-04
18 1.581598e-04 1.263754e-03 3.808831e-08 2.426753e-04
1 1.667412e-02 5.082176e-02 3.810814e-08 2.053968e-02
2 4.686922e-03 3.481466e-02 3.808359e-08 6.513913e-03
3 2.714408e-03 9.934376e-03 3.806975e-08 3.040422e-03
4 1.925570e-03 6.987515e-03 3.800445e-08 2.104183e-03
5 9.433224e-04 2.833621e-03 3.796508e-08 1.032930e-03
6 2.425176e-03 4.057327e-02 3.796129e-08 5.439154e-03
7 8.370808e-04 9.513007e-03 3.795827e-08 1.385107e-03
8 5.396271e-04 2.333688e-03 3.792372e-08 6.341092e-04
9 2.254320e-03 4.808295e-02 3.790324e-08 6.109343e-03
10 3.509863e-04 2.274993e-03 3.788721e-08 4.307400e-04
11 2.261200e-03 4.829649e-02 3.788707e-08 6.376872e-03
12 1.015643e-03 1.826419e-02 3.788702e-08 2.496912e-03
13 2.836422e-04 5.589264e-03 3.788080e-08 4.424325e-04
14 2.668463e-04 1.622844e-03 3.787720e-08 3.532281e-04
15 1.006051e-03 2.222396e-02 3.787281e-08 2.807210e-03
16 2.707329e-04 3.741803e-03 3.786083e-08 4.709441e-04
17 2.914513e-04 6.125952e-03 3.785074e-08 6.100409e-04
18 1.960853e-04 2.402511e-03 3.784531e-08 3.459447e-04
1 1.812218e-02 5.100593e-02 4.156934e-08 2.209048e-02
2 8.359571e-03 1.984825e-02 3.838534e-08 9.723453e-03
3 4.129170e-03 2.186989e-02 3.820968e-08 4.932094e-03
4 2.146138e-03 7.077011e-03 3.817589e-08 2.413583e-03
5 1.811762e-03 1.074357e-02 3.814621e-08 2.442677e-03
6 1.362038e-03 9.730937e-03 3.799582e-08 1.923470e-03
7 1.111615e-03 8.004804e-03 3.796185e-08 1.427389e-03
8 1.583651e-03 1.085893e-02 3.791851e-08 2.125819e-03
9 9.833682e-04 6.050122e-03 3.781984e-08 1.342856e-03
10 2.597179e-03 4.341566e-02 3.777744e-08 5.562142e-03
11 7.675277e-04 6.004168e-03 3.777177e-08 1.116788e-03
12 8.100771e-04 8.281828e-03 3.775366e-08 1.362848e-03
13 1.257875e-03 2.559085e-02 3.772171e-08 3.469902e-03
14 1.638825e-03 1.213458e-02 3.765409e-08 2.638275e-03
15 8.803776e-04 1.163430e-02 3.763277e-08 1.618987e-03
16 4.950830e-04 7.019964e-03 3.762631e-08 1.048643e-03
17 5.350952e-04 6.211468e-03 3.759888e-08 1.153736e-03
18 3.447789e-04 4.830573e-03 3.749540e-08 8.340754e-04
19 2.747780e-04 5.817168e-03 3.746103e-08 6.848539e-04
20 4.616323e-04 1.138356e-02 3.745647e-08 1.163091e-03
21 2.205285e-04 2.332875e-03 3.743687e-08 4.629879e-04
22 1.363741e-04 1.299746e-03 3.741596e-08 2.792449e-04
23 8.116782e-05 7.154653e-04 3.741302e-08 1.535448e-04
1 1.877375e-02 5.112896e-02 3.790731e-08 2.195552e-02
2 6.653035e-03 2.340817e-02 3.787202e-08 7.410233e-03
3 2.701828e-03 1.068349e-02 3.754441e-08 3.104945e-03
4 1.261427e-03 3.142021e-03 3.740565e-08 1.369656e-03
5 1.104011e-03 7.455045e-03 3.738957e-08 1.529854e-03
6 7.272114e-04 3.160397e-03 3.734592e-08 8.830156e-04
7 1.056589e-03 1.023515e-02 3.734366e-08 1.744100e-03
8 8.162531e-04 6.668196e-03 3.732117e-08 1.130763e-03
9 8.630456e-04 7.582169e-03 3.729216e-08 1.400660e-03
10 5.966859e-04 5.452114e-03 3.727011e-08 8.453669e-04
11 4.535684e-04 2.259829e-03 3.725801e-08 5.988891e-04
12 4.191476e-04 4.412929e-03 3.723147e-08 6.471074e-04
1 2.122669e-02 5.123055e-02 3.866352e-08 2.412940e-02
2 8.874005e-03 2.228987e-02 3.755853e-08 9.749552e-03
3 3.308445e-03 1.768768e-02 3.745449e-08 3.979330e-03
4 1.719513e-03 7.200315e-03 3.718499e-08 1.990546e-03
5 2.300561e-03 1.452394e-02 3.717644e-08 3.578643e-03
6 1.170832e-03 5.379606e-03 3.716187e-08 1.444986e-03
7 9.433182e-04 4.576340e-03 3.707798e-08 1.140616e-03
8 2.226759e-03 1.949105e-02 3.705994e-08 3.595292e-03
9 8.303429e-04 4.905405e-03 3.704972e-08 9.974469e-04
10 7.569184e-04 2.880974e-03 3.697302e-08 9.179810e-04
11 1.267649e-03 1.270902e-02 3.693590e-08 1.957499e-03
12 1.308844e-03 1.665204e-02 3.693268e-08 3.036606e-03
13 3.727724e-04 1.913721e-03 3.691705e-08 4.662780e-04
14 1.938864e-03 4.388747e-02 3.690892e-08 5.713486e-03
15 1.704160e-03 3.629930e-02 3.689956e-08 4.774376e-03
16 3.970500e-04 1.190493e-03 3.678891e-08 4.949108e-04
17 2.876658e-04 8.948846e-04 3.678176e-08 3.523051e-04
18 3.729364e-04 4.855628e-03 3.677439e-08 6.467290e-04
1 2.389991e-02 5.079927e-02 3.909275e-08 2.663286e-02
2 9.847897e-03 1.920810e-02 3.724206e-08 1.100897e-02
3 4.607476e-03 2.072474e-02 3.710761e-08 6.041668e-03
4 3.433722e-03 1.778909e-02 3.699589e-08 4.682940e-03
5 1.660793e-03 5.830909e-03 3.674196e-08 1.873462e-03
6 1.924200e-03 9.725031e-03 3.672019e-08 2.519460e-03
7 1.605156e-03 1.166197e-02 3.670861e-08 2.438271e-03
8 1.014443e-03 2.393033e-03 3.670078e-08 1.158521e-03
9 5.467929e-03 4.966321e-02 3.668470e-08 1.009965e-02
10 2.207880e-03 2.101305e-02 3.666862e-08 3.443829e-03
11 8.758320e-04 2.817178e-03 3.652999e-08 1.003989e-03
12 1.850950e-03 1.031674e-02 3.650771e-08 2.966574e-03
13 5.704642e-04 2.125278e-03 3.643822e-08 6.984792e-04
14 1.977143e-03 1.208822e-02 3.643249e-08 3.473100e-03
15 6.485514e-04 8.547054e-03 3.642509e-08 1.219566e-03
16 3.101941e-04 9.791668e-04 3.637046e-08 3.710349e-04
17 1.761540e-04 3.640499e-04 3.636843e-08 2.059880e-04
18 1.169254e-04 2.571077e-04 3.636832e-08 1.393198e-04
1 2.513372e-02 5.104325e-02 3.908939e-08 2.726844e-02
2 9.576688e-03 1.833926e-02 3.654105e-08 1.045274e-02
3 3.936288e-03 1.131416e-02 3.652965e-08 4.663811e-03
4 3.267956e-03 1.133269e-02 3.642739e-08 3.840335e-03
5 2.935999e-03 2.230991e-02 3.641775e-08 4.269203e-03
6 1.606544e-03 5.086048e-03 3.634232e-08 1.825018e-03
7 1.513840e-03 1.358049e-02 3.633375e-08 2.186658e-03
8 9.395057e-04 1.919705e-03 3.631961e-08 1.074872e-03
9 6.712352e-04 5.893580e-03 3.631853e-08 9.021003e-04
10 6.810041e-04 4.869507e-03 3.631831e-08 9.031946e-04
11 4.325341e-04 1.931223e-03 3.631084e-08 5.138354e-04
1 2.663522e-02 5.099724e-02 3.954666e-08 2.822742e-02
2 1.407799e-02 2.135038e-02 3.642541e-08 1.511987e-02
3 4.625109e-03 4.572824e-02 3.640763e-08 7.384442e-03
4 2.336141e-03 9.916870e-03 3.631455e-08 2.590718e-03
5 2.406885e-03 1.166448e-02 3.631449e-08 2.783823e-03
6 2.636174e-03 1.660517e-02 3.630545e-08 3.297617e-03
7 2.793304e-03 1.683835e-02 3.629067e-08 3.590856e-03
8 1.860092e-03 8.060444e-03 3.629014e-08 2.128472e-03
9 1.605175e-03 3.449757e-03 3.620774e-08 1.798944e-03
10 1.378562e-03 1.105000e-02 3.620770e-08 1.923153e-03
11 1.515360e-03 1.091364e-02 3.619653e-08 2.117817e-03
12 4.909781e-03 5.293388e-02 3.619190e-08 9.923709e-03
13 9.137187e-04 2.483986e-03 3.616906e-08 1.065424e-03
14 6.132835e-04 6.128268e-03 3.616900e-08 8.670192e-04
15 5.457125e-04 5.260345e-03 3.616373e-08 7.371975e-04
16 5.840958e-04 1.030252e-02 3.616261e-08 1.115889e-03
17 3.819158e-04 7.838733e-04 3.614267e-08 4.421130e-04
18 2.458780e-04 5.993479e-04 3.613910e-08 3.073151e-04
19 3.623952e-04 6.072237e-03 3.613398e-08 8.496671e-04
1 3.117962e-02 5.096268e-02 4.072979e-08 3.262648e-02
2 1.249133e-02 2.320209e-02 3.640228e-08 1.327050e-02
3 3.521957e-03 2.128583e-02 3.639883e-08 4.456108e-03
4 3.526518e-03 2.101766e-02 3.631850e-08 4.745028e-03
5 3.709413e-03 8.051626e-03 3.622593e-08 4.434712e-03
6 2.589507e-03 6.378477e-03 3.617910e-08 3.241852e-03
7 1.601991e-03 3.932712e-03 3.615925e-08 1.950559e-03
8 1.632516e-03 1.876932e-02 3.613675e-08 2.967673e-03
9 9.208541e-04 4.329936e-03 3.610926e-08 1.211681e-03
10 7.581103e-04 4.257010e-03 3.609385e-08 1.008371e-03
11 4.717483e-04 3.178880e-03 3.608963e-08 6.668911e-04
12 2.968367e-04 1.599580e-03 3.608883e-08 3.876783e-04
13 1.922705e-04 8.179040e-04 3.608856e-08 2.385174e-04
1 3.053127e-02 5.162626e-02 4.041877e-08 3.206368e-02
2 1.770966e-02 2.650505e-02 3.625728e-08 1.815597e-02
3 6.103232e-03 1.265675e-02 3.611248e-08 6.836282e-03
4 3.346852e-03 7.385706e-03 3.605544e-08 3.764935e-03
5 2.087054e-03 4.654031e-03 3.603338e-08 2.366060e-03
6 1.587219e-03 1.567108e-02 3.602434e-08 2.144593e-03
7 1.179283e-03 2.371365e-03 3.600862e-08 1.305526e-03
8 7.804418e-04 1.820789e-03 3.599949e-08 8.816997e-04
9 5.084841e-04 9.377307e-04 3.599901e-08 5.681944e-04
10 3.877449e-04 1.529679e-03 3.599540e-08 4.615930e-04
1 3.453395e-02 5.182993e-02 4.149104e-08 3.574413e-02
2 2.140537e-02 3.201545e-02 3.638143e-08 2.186351e-02
3 8.903924e-03 1.356410e-02 3.602452e-08 9.364735e-03
4 3.168878e-03 9.531327e-03 3.596932e-08 3.626134e-03
5 2.351029e-03 4.690498e-03 3.594840e-08 2.616623e-03
6 1.514720e-03 3.209353e-03 3.594083e-08 1.739971e-03
7 9.123577e-04 1.901208e-03 3.593794e-08 1.044171e-03
8 5.835579e-04 1.199614e-03 3.593673e-08 6.643537e-04
9 3.729065e-04 7.321185e-04 3.593620e-08 4.230204e-04
10 2.475184e-04 4.565435e-04 3.593596e-08 2.807411e-04
1 3.651454e-02 5.509638e-02 4.203976e-08 3.760810e-02
2 2.226799e-02 3.491116e-02 3.648454e-08 2.273671e-02
3 9.861718e-03 1.580272e-02 3.604058e-08 1.017967e-02
4 4.351293e-03 1.010909e-02 3.599894e-08 4.826966e-03
5 5.877842e-03 4.927050e-02 3.599424e-08 1.063926e-02
6 2.628589e-03 5.414887e-03 3.592248e-08 2.881233e-03
7 1.621659e-03 3.431892e-03 3.590395e-08 1.837453e-03
8 1.080322e-03 2.114546e-03 3.589777e-08 1.217042e-03
9 2.757924e-03 2.987306e-02 3.587569e-08 6.229024e-03
10 1.596032e-03 1.633951e-02 3.586478e-08 3.344402e-03
11 6.648863e-04 1.513786e-03 3.585755e-08 7.569871e-04
12 4.078735e-04 7.999710e-04 3.585514e-08 4.581898e-04
13 2.763212e-04 5.157642e-04 3.585474e-08 3.109411e-04
1 3.659810e-02 5.720412e-02 4.210127e-08 3.779732e-02
2 2.173262e-02 3.594361e-02 3.650412e-08 2.233390e-02
3 9.460892e-03 1.715797e-02 3.602893e-08 9.802343e-03
4 4.215192e-03 1.028939e-02 3.600240e-08 4.667623e-03
5 3.356590e-03 9.377304e-03 3.599276e-08 3.727644e-03
6 2.244904e-03 8.878460e-03 3.598851e-08 2.471039e-03
7 2.079667e-03 4.151851e-03 3.589189e-08 2.277140e-03
8 1.368262e-03 2.840802e-03 3.588948e-08 1.520061e-03
9 2.361500e-03 1.994846e-02 3.588765e-08 3.595806e-03
10 1.202531e-03 2.346003e-03 3.584984e-08 1.330141e-03
11 1.063585e-03 8.642192e-03 3.584942e-08 1.390691e-03
12 7.981834e-04 1.577099e-03 3.580754e-08 8.910008e-04
13 5.721475e-04 1.131681e-03 3.578959e-08 6.507019e-04
14 5.019569e-04 9.549184e-04 3.578680e-08 5.655716e-04
1 3.525058e-02 5.653800e-02 4.184863e-08 3.677352e-02
2 2.139786e-02 3.787140e-02 3.640536e-08 2.215582e-02
3 9.402474e-03 1.730752e-02 3.609923e-08 9.718014e-03
4 4.435766e-03 1.025673e-02 3.588418e-08 4.753431e-03
5 2.981230e-03 5.942118e-03 3.583261e-08 3.235725e-03
6 2.146699e-03 4.430037e-03 3.579843e-08 2.385844e-03
7 1.536092e-03 3.282475e-03 3.574465e-08 1.716005e-03
8 1.352624e-03 7.256966e-03 3.572764e-08 1.646269e-03
9 1.945081e-03 1.599886e-02 3.572295e-08 3.179512e-03
10 1.080863e-03 2.201554e-03 3.569220e-08 1.211847e-03
11 9.012628e-04 2.757727e-03 3.568235e-08 1.052327e-03
12 6.553886e-04 1.406243e-03 3.567514e-08 7.424728e-04
13 5.242314e-04 1.077570e-03 3.567226e-08 5.866036e-04
14 3.807186e-04 8.105311e-04 3.567144e-08 4.287443e-04
1 3.402290e-02 5.623724e-02 4.148903e-08 3.592536e-02
2 2.052670e-02 3.746924e-02 3.625646e-08 2.145491e-02
3 8.510317e-03 2.742119e-02 3.602085e-08 8.950710e-03
4 4.373242e-03 2.847136e-02 3.600356e-08 5.384946e-03
5 3.177372e-03 5.511051e-03 3.580230e-08 3.427883e-03
6 2.369981e-03 1.413690e-02 3.575684e-08 2.828372e-03
7 1.914273e-03 7.358507e-03 3.573862e-08 2.167667e-03
8 1.541345e-03 3.199163e-03 3.565495e-08 1.698831e-03
9 1.312883e-03 8.303656e-03 3.564130e-08 1.626946e-03
10 1.024397e-03 3.526483e-03 3.560235e-08 1.162962e-03
11 7.889485e-04 2.964922e-03 3.559470e-08 8.927708e-04
12 7.161235e-04 1.499721e-03 3.558189e-08 7.978457e-04
13 6.057436e-04 4.636171e-03 3.557841e-08 7.283887e-04
1 3.240210e-02 5.512978e-02 4.094316e-08 3.463633e-02
2 1.861452e-02 3.570901e-02 3.609708e-08 1.979608e-02
3 6.270110e-03 1.763246e-02 3.590973e-08 6.789899e-03
4 3.711998e-03 8.560762e-03 3.580420e-08 3.967766e-03
5 2.462226e-03 1.204052e-02 3.580175e-08 2.828495e-03
6 2.129949e-03 3.950906e-03 3.569583e-08 2.337363e-03
7 2.525994e-03 3.885366e-02 3.568699e-08 4.764721e-03
8 1.623251e-03 3.092943e-03 3.565410e-08 1.840140e-03
9 1.330152e-03 2.498732e-03 3.563653e-08 1.510809e-03
10 1.118178e-03 2.170304e-03 3.562391e-08 1.265825e-03
11 9.204336e-04 1.887978e-03 3.561485e-08 1.043849e-03
12 7.950605e-04 1.697518e-03 3.560792e-08 8.991666e-04
13 6.611607e-04 1.528703e-03 3.560281e-08 7.499318e-04
14 5.661874e-04 1.361227e-03 3.559890e-08 6.431741e-04
1 3.020255e-02 5.581992e-02 4.056546e-08 3.292421e-02
2 1.669034e-02 3.609751e-02 3.614419e-08 1.819893e-02
3 4.333923e-03 3.233661e-02 3.611849e-08 5.838993e-03
4 3.128128e-03 1.489092e-02 3.601506e-08 3.610307e-03
5 2.358635e-03 7.620307e-03 3.596345e-08 2.693826e-03
6 2.674804e-03 1.724530e-02 3.594978e-08 3.555415e-03
7 3.119895e-03 3.705204e-02 3.591551e-08 5.404283e-03
8 3.412697e-03 4.386920e-02 3.591222e-08 7.403105e-03
9 1.600656e-03 5.198790e-03 3.581912e-08 1.861407e-03
10 3.171357e-03 2.162190e-02 3.581151e-08 5.181399e-03
11 2.052956e-03 2.390271e-02 3.581057e-08 3.554514e-03
12 1.029675e-03 6.298537e-03 3.577359e-08 1.335700e-03
13 1.085697e-03 7.126323e-03 3.572761e-08 1.410542e-03
14 7.821448e-04 3.881906e-03 3.571460e-08 9.714304e-04
15 6.578929e-04 2.347806e-03 3.570765e-08 7.799333e-04
16 5.333318e-04 1.391739e-03 3.570295e-08 6.219254e-04
1 2.861209e-02 5.978519e-02 4.044105e-08 3.176272e-02
2 1.490641e-02 3.680763e-02 3.634537e-08 1.670248e-02
3 5.281403e-03 2.910242e-02 3.631414e-08 7.074699e-03
4 2.897323e-03 7.317291e-03 3.618831e-08 3.415309e-03
5 2.508062e-03 2.120948e-02 3.616106e-08 3.609243e-03
6 4.683650e-03 5.798228e-02 3.613117e-08 1.081611e-02
7 1.602922e-03 3.999076e-03 3.607094e-08 1.960204e-03
8 2.748534e-03 3.872900e-02 3.606047e-08 5.111397e-03
9 2.388251e-03 2.515325e-02 3.605298e-08 4.263176e-03
10 1.545168e-03 1.140814e-02 3.605149e-08 2.110002e-03
11 1.314738e-03 9.062046e-03 3.603500e-08 1.714643e-03
12 1.053909e-03 4.756764e-03 3.598221e-08 1.325011e-03
13 8.802834e-04 1.070534e-02 3.598129e-08 1.209735e-03
14 8.730003e-04 1.344573e-02 3.598119e-08 1.316272e-03
15 7.239513e-04 1.845291e-03 3.596003e-08 8.922561e-04
16 6.101423e-04 1.569786e-03 3.595216e-08 7.560191e-04
17 5.344037e-04 1.377883e-03 3.594622e-08 6.626594e-04
1 2.895850e-02 6.097904e-02 4.095969e-08 3.200170e-02
2 1.621787e-02 5.894158e-02 3.744701e-08 1.814351e-02
3 3.707873e-03 1.439816e-02 3.694836e-08 4.252939e-03
4 2.909747e-03 1.780672e-02 3.676987e-08 3.603989e-03
5 2.088048e-03 1.369464e-02 3.671708e-08 2.789244e-03
6 1.516419e-03 9.269464e-03 3.669821e-08 2.023287e-03
7 1.156542e-03 5.958997e-03 3.666056e-08 1.484665e-03
8 1.353624e-03 1.302507e-02 3.666043e-08 2.153861e-03
9 9.897033e-04 5.513079e-03 3.658457e-08 1.231726e-03
10 1.291016e-03 1.234317e-02 3.657942e-08 2.149014e-03
11 7.625897e-04 3.849109e-03 3.653301e-08 9.826696e-04
12 1.040714e-03 6.603597e-03 3.652148e-08 1.472068e-03
13 9.596509e-04 7.734152e-03 3.651590e-08 1.588897e-03
14 7.860040e-04 5.955749e-03 3.651257e-08 1.111130e-03
15 5.613001e-04 2.326229e-03 3.647149e-08 6.910278e-04
16 2.293871e-03 3.522166e-02 3.646763e-08 5.283450e-03
17 4.737415e-04 1.765533e-03 3.644744e-08 5.810536e-04
18 2.788836e-03 3.480847e-02 3.644550e-08 6.882828e-03
19 3.023097e-03 3.988646e-02 3.642128e-08 7.712932e-03
20 3.777696e-04 9.239284e-04 3.641397e-08 4.672234e-04
21 3.453361e-04 8.547340e-04 3.641043e-08 4.219918e-04
22 3.193321e-04 7.910757e-04 3.640739e-08 3.895878e-04
1 2.996349e-02 6.012495e-02 4.192751e-08 3.282259e-02
2 1.516681e-02 3.766424e-02 3.748589e-08 1.668064e-02
3 3.001230e-03 4.145880e-02 3.745867e-08 5.772950e-03
4 1.620661e-03 6.432885e-03 3.740364e-08 1.963054e-03
5 1.042689e-03 5.076309e-03 3.737234e-08 1.294137e-03
6 1.171493e-03 1.054033e-02 3.735298e-08 1.766380e-03
7 7.719987e-04 2.558309e-03 3.732535e-08 9.279912e-04
8 1.751864e-03 1.945708e-02 3.731853e-08 3.092182e-03
9 1.052398e-03 8.188262e-03 3.729556e-08 1.535048e-03
10 6.371122e-04 2.249499e-03 3.727317e-08 7.570884e-04
11 1.008010e-03 9.726729e-03 3.727138e-08 1.588278e-03
12 1.665296e-03 2.071595e-02 3.726750e-08 3.180052e-03
13 6.763692e-04 2.470206e-03 3.724129e-08 8.065026e-04
14 6.182697e-04 2.797905e-03 3.722355e-08 7.452729e-04
15 6.413607e-04 3.292750e-03 3.720350e-08 8.146726e-04
1 3.025202e-02 6.862858e-02 4.284102e-08 3.398721e-02
2 1.541954e-02 3.957201e-02 3.842363e-08 1.732202e-02
3 4.708604e-03 3.579173e-02 3.838529e-08 7.468987e-03
4 2.299689e-03 6.011110e-03 3.827915e-08 2.755453e-03
5 1.867680e-03 5.815226e-03 3.821172e-08 2.237995e-03
6 1.453150e-03 3.584486e-03 3.815547e-08 1.786923e-03
7 1.892902e-03 9.596595e-03 3.814420e-08 2.714145e-03
8 1.914688e-03 1.287660e-02 3.813514e-08 2.982753e-03
9 1.762032e-03 1.092278e-02 3.806406e-08 2.624026e-03
10 1.089573e-03 3.128138e-03 3.800470e-08 1.430706e-03
11 1.046401e-03 3.193559e-03 3.794614e-08 1.343162e-03
12 1.107499e-03 3.630979e-03 3.790561e-08 1.461142e-03
13 3.671886e-03 4.901669e-02 3.788485e-08 9.128452e-03
14 1.066414e-03 3.274065e-03 3.787979e-08 1.415709e-03
15 1.171465e-03 5.488090e-03 3.785578e-08 1.591198e-03
16 8.095281e-04 2.692718e-03 3.781861e-08 1.071469e-03
17 7.794357e-04 2.577551e-03 3.780999e-08 1.022640e-03
18 7.140344e-04 2.481937e-03 3.778823e-08 9.573010e-04
19 1.871617e-03 1.729132e-02 3.777472e-08 3.596827e-03
20 6.327823e-04 2.311723e-03 3.772823e-08 8.744254e-04
21 5.832769e-04 2.212152e-03 3.771508e-08 8.270449e-04
22 5.501115e-04 2.096186e-03 3.770410e-08 7.733621e-04
1 3.534019e-02 8.417788e-02 4.523299e-08 4.129240e-02
2 2.175190e-02 4.616844e-02 3.935056e-08 2.491258e-02
3 8.564068e-03 1.801388e-02 3.873326e-08 9.898372e-03
4 2.624034e-03 8.962798e-03 3.835045e-08 3.263491e-03
5 1.883705e-03 4.976958e-03 3.826509e-08 2.241495e-03
6 2.160703e-03 1.645036e-02 3.825614e-08 3.455011e-03
7 1.184884e-03 3.532882e-03 3.821196e-08 1.468149e-03
8 1.781972e-03 1.544265e-02 3.820472e-08 2.853989e-03
9 2.157810e-03 1.615882e-02 3.819761e-08 4.055158e-03
10 7.798917e-04 2.642967e-03 3.814304e-08 9.786136e-04
11 5.994849e-04 2.304819e-03 3.811596e-08 7.650923e-04
12 7.902934e-04 3.941771e-03 3.803822e-08 1.107986e-03
13 5.877185e-04 1.882403e-03 3.802098e-08 7.837952e-04
14 4.313706e-04 1.329942e-03 3.800748e-08 5.483893e-04
15 3.266323e-04 1.142247e-03 3.799191e-08 4.265329e-04
1 3.726346e-02 5.888952e-02 4.653960e-08 4.239211e-02
2 2.216046e-02 3.512462e-02 4.013449e-08 2.495138e-02
3 7.949461e-03 1.824255e-02 3.947590e-08 8.856341e-03
4 2.046783e-03 8.784279e-03 3.945976e-08 2.721326e-03
5 1.433655e-03 4.876935e-03 3.938115e-08 1.804723e-03
6 9.719882e-04 3.046922e-03 3.932163e-08 1.243334e-03
7 8.047751e-04 5.222035e-03 3.932072e-08 1.057716e-03
8 7.159531e-04 3.771512e-03 3.929403e-08 9.362799e-04
9 7.506949e-04 3.222838e-03 3.920750e-08 9.734289e-04
10 5.801797e-04 1.522788e-03 3.918306e-08 7.162504e-04
1 3.534304e-02 5.064065e-02 4.698518e-08 3.887677e-02
2 2.032559e-02 3.060395e-02 4.139884e-08 2.197028e-02
3 5.851623e-03 1.102681e-02 4.100979e-08 6.389249e-03
4 2.361002e-03 7.191234e-03 4.100120e-08 3.022142e-03
5 1.896624e-03 5.852865e-03 4.091691e-08 2.415286e-03
6 1.488017e-03 7.086862e-03 4.091625e-08 2.000413e-03
7 1.078034e-03 3.597721e-03 4.086473e-08 1.398018e-03
8 7.932456e-04 3.038547e-03 4.082607e-08 1.057889e-03
9 8.679251e-04 8.826081e-03 4.082305e-08 1.335355e-03
10 6.443629e-04 2.084695e-03 4.079948e-08 8.241198e-04
11 7.041723e-04 5.778472e-03 4.079543e-08 9.692371e-04
12 5.422141e-04 1.813650e-03 4.077341e-08 7.065393e-04
1 3.582039e-02 5.051331e-02 4.853598e-08 3.898330e-02
2 2.001369e-02 2.913213e-02 4.311750e-08 2.149937e-02
3 5.231934e-03 1.325191e-02 4.291447e-08 5.828682e-03
4 2.103590e-03 7.323809e-03 4.285124e-08 2.680634e-03
5 1.355956e-03 4.903911e-03 4.280400e-08 1.785595e-03
6 1.151635e-03 3.619456e-03 4.277169e-08 1.517834e-03
7 1.008792e-03 3.294124e-03 4.271693e-08 1.341470e-03
8 1.024453e-03 3.308606e-03 4.266047e-08 1.337059e-03
9 1.100082e-03 4.082826e-03 4.265168e-08 1.464113e-03
10 1.154924e-03 5.294536e-03 4.264519e-08 1.491294e-03
11 1.023205e-03 3.172671e-03 4.255503e-08 1.284028e-03
12 9.683385e-04 3.063417e-03 4.249781e-08 1.229267e-03
13 9.920009e-04 3.054690e-03 4.243558e-08 1.245526e-03
14 9.709373e-04 2.938382e-03 4.238882e-08 1.210139e-03
15 9.901343e-04 3.026415e-03 4.234308e-08 1.223075e-03
16 9.850905e-04 2.873167e-03 4.229782e-08 1.205657e-03
17 9.860456e-04 2.908819e-03 4.225340e-08 1.201747e-03
18 9.901777e-04 2.782902e-03 4.220908e-08 1.197694e-03
19 9.811374e-04 2.679791e-03 4.216436e-08 1.177501e-03
20 1.103466e-03 2.665685e-03 4.209522e-08 1.280274e-03
21 2.076029e-03 7.070591e-03 4.194815e-08 2.714194e-03
22 2.034501e-03 9.343314e-03 4.189385e-08 2.768857e-03
23 9.062871e-04 5.833415e-03 4.182063e-08 1.212524e-03
24 8.780958e-04 3.015094e-03 4.180288e-08 1.062989e-03
25 6.817231e-04 7.676707e-03 4.179416e-08 8.831478e-04
26 6.930460e-04 2.080482e-03 4.173669e-08 8.508789e-04
27 1.055099e-03 5.652579e-03 4.165664e-08 1.376669e-03
28 9.460825e-04 3.260012e-03 4.161965e-08 1.138439e-03
29 7.286049e-04 2.157273e-03 4.159944e-08 8.682927e-04
30 7.412577e-04 2.279449e-03 4.157607e-08 8.963825e-04
31 1.980457e-03 6.027192e-03 4.146003e-08 2.871043e-03
32 2.396147e-03 1.168126e-02 4.141035e-08 3.450786e-03
33 1.968210e-03 1.086537e-02 4.128016e-08 2.952628e-03
34 1.157438e-03 7.448130e-03 4.127767e-08 1.654590e-03
35 9.168323e-04 4.707831e-03 4.124804e-08 1.332527e-03
36 9.455086e-04 1.674635e-02 4.124375e-08 1.913757e-03
37 5.728056e-04 5.522655e-03 4.124309e-08 8.080746e-04
38 3.975111e-04 1.519335e-03 4.123703e-08 5.532770e-04
39 2.403950e-04 8.654743e-04 4.123524e-08 3.161499e-04
1 4.713485e-02 5.777093e-02 5.214427e-08 4.901656e-02
2 3.115933e-02 3.897769e-02 4.504594e-08 3.232855e-02
3 1.591487e-02 2.255691e-02 4.307828e-08 1.640787e-02
4 3.621437e-03 1.074500e-02 4.292237e-08 4.513036e-03
5 2.630522e-03 8.563267e-03 4.273590e-08 3.418913e-03
6 2.321749e-03 7.631500e-03 4.261541e-08 2.929850e-03
7 2.126283e-03 6.097634e-03 4.238731e-08 2.626584e-03
8 2.335793e-03 8.003050e-03 4.228900e-08 2.905715e-03
9 2.389707e-03 9.210216e-03 4.214970e-08 2.879753e-03
10 2.202934e-03 4.479538e-03 4.189381e-08 2.580963e-03
11 2.201512e-03 4.587687e-03 4.179066e-08 2.616874e-03
12 2.150136e-03 4.394353e-03 4.159581e-08 2.513392e-03
13 2.460721e-03 1.262962e-02 4.147421e-08 3.118721e-03
14 2.324261e-03 1.744880e-02 4.144731e-08 3.007459e-03
15 2.296196e-03 8.749861e-03 4.127151e-08 2.721797e-03
16 2.599770e-03 6.097510e-03 4.112536e-08 3.073049e-03
17 1.801357e-03 4.135633e-03 4.102160e-08 2.084184e-03
18 1.743899e-03 4.168452e-03 4.088262e-08 2.020853e-03
19 1.745708e-03 9.970435e-03 4.085553e-08 2.181995e-03
20 1.537749e-03 4.163533e-03 4.073670e-08 1.838022e-03
21 1.293006e-03 5.180578e-03 4.070699e-08 1.596779e-03
22 1.201707e-03 4.725930e-03 4.066504e-08 1.469237e-03
23 1.133369e-03 3.201790e-03 4.058106e-08 1.373137e-03
24 1.072568e-03 4.761117e-03 4.057743e-08 1.310180e-03
25 9.946038e-04 2.714053e-03 4.053304e-08 1.194630e-03
26 8.070908e-04 2.232826e-03 4.050957e-08 9.763678e-04
27 8.566515e-04 9.096388e-03 4.050843e-08 1.237378e-03
28 7.368190e-04 6.934823e-03 4.050564e-08 9.386381e-04
29 6.643048e-04 1.988967e-03 4.048714e-08 8.042061e-04
30 5.648388e-04 2.286505e-03 4.047676e-08 7.031610e-04
1 6.187354e-02 7.730925e-02 5.501779e-08 6.385312e-02
2 4.599137e-02 5.769661e-02 4.757189e-08 4.754491e-02
3 3.058139e-02 4.043765e-02 4.343201e-08 3.162622e-02
4 1.524271e-02 2.094998e-02 4.202105e-08 1.580226e-02
5 3.235022e-03 1.964723e-02 4.194846e-08 4.953911e-03
6 2.268417e-03 1.031691e-02 4.181167e-08 2.774388e-03
7 1.555381e-03 7.942641e-03 4.164653e-08 2.167157e-03
8 1.208494e-03 6.300869e-03 4.162106e-08 1.610861e-03
9 1.189786e-03 3.707244e-03 4.147840e-08 1.453243e-03
10 2.058800e-03 2.540281e-02 4.147302e-08 4.017821e-03
11 1.138512e-03 8.050686e-03 4.139860e-08 1.605490e-03
12 9.014911e-04 5.127612e-03 4.134936e-08 1.233438e-03
13 1.648259e-03 9.532100e-03 4.125568e-08 2.422250e-03
14 1.471829e-03 4.426139e-03 4.112300e-08 1.981792e-03
15 1.886654e-03 2.397171e-02 4.111883e-08 3.972827e-03
16 9.100580e-04 5.725192e-03 4.106583e-08 1.279631e-03
17 6.438665e-04 7.455720e-03 4.106396e-08 1.001363e-03
18 5.531271e-04 8.063888e-03 4.106164e-08 8.807903e-04
19 4.824145e-04 1.358989e-03 4.104221e-08 6.375822e-04
20 7.907253e-04 7.044870e-03 4.104203e-08 1.485114e-03
21 8.058457e-04 4.089522e-03 4.095110e-08 1.159518e-03
22 4.436621e-04 1.608762e-03 4.093098e-08 5.876602e-04
23 3.624349e-04 1.266049e-03 4.092154e-08 4.932404e-04
24 2.964220e-04 1.130744e-03 4.091507e-08 4.156918e-04
1 5.442265e-02 7.066668e-02 5.396112e-08 5.717992e-02
2 3.816315e-02 4.914568e-02 4.661380e-08 3.996117e-02
3 2.173562e-02 2.807575e-02 4.339155e-08 2.271644e-02
4 6.219138e-03 8.009266e-03 4.306266e-08 6.358199e-03
5 1.391238e-03 4.086430e-03 4.295745e-08 1.549241e-03
6 1.039907e-03 2.480086e-03 4.286173e-08 1.255006e-03
7 9.116792e-04 3.413809e-03 4.283362e-08 1.157302e-03
8 1.153575e-03 3.551922e-03 4.270146e-08 1.553532e-03
9 1.578204e-03 5.611486e-03 4.253599e-08 2.137436e-03
10 1.110598e-03 3.839964e-03 4.247075e-08 1.497839e-03
11 6.691882e-04 2.424980e-03 4.243446e-08 8.735516e-04
12 7.156332e-04 2.187884e-03 4.235782e-08 9.380596e-04
13 7.778270e-04 2.307453e-03 4.225328e-08 9.920031e-04
1 4.645961e-02 6.261888e-02 5.298850e-08 4.937950e-02
2 2.954215e-02 3.909418e-02 4.597840e-08 3.122263e-02
3 1.312138e-02 1.649111e-02 4.446592e-08 1.364531e-02
4 1.819982e-03 7.167306e-03 4.439952e-08 1.990897e-03
5 8.544990e-04 3.413689e-03 4.433834e-08 1.002613e-03
6 5.367477e-04 1.639589e-03 4.429274e-08 6.658314e-04
7 6.715084e-04 2.225270e-03 4.421742e-08 8.790579e-04
8 5.673155e-04 1.627663e-03 4.418631e-08 7.270864e-04
1 3.756504e-02 5.732918e-02 5.306464e-08 4.071067e-02
2 2.093124e-02 3.102488e-02 4.709829e-08 2.249888e-02
3 4.879121e-03 7.166653e-03 4.676356e-08 5.110006e-03
4 1.160657e-03 6.607742e-03 4.666861e-08 1.331617e-03
5 6.501150e-04 2.402817e-03 4.663788e-08 7.788496e-04
6 5.634844e-04 1.556618e-03 4.658809e-08 6.843837e-04
7 8.097452e-04 5.205931e-03 4.654165e-08 1.075742e-03
8 6.866039e-04 3.494949e-03 4.651998e-08 8.744737e-04
9 5.177118e-04 6.573433e-03 4.648662e-08 8.127324e-04
10 6.455483e-04 4.226515e-03 4.639195e-08 8.232907e-04
1 3.088314e-02 5.229681e-02 5.404517e-08 3.401369e-02
2 1.494920e-02 2.439413e-02 4.952137e-08 1.635507e-02
3 1.581653e-03 8.513512e-03 4.943603e-08 1.930626e-03
4 1.039729e-03 3.853761e-03 4.928340e-08 1.214536e-03
5 1.196243e-03 7.730787e-03 4.919383e-08 1.712114e-03
6 9.496742e-04 2.920559e-03 4.910284e-08 1.231097e-03
7 6.759920e-04 2.231487e-03 4.906633e-08 8.576070e-04
8 5.366517e-04 1.783611e-03 4.904174e-08 6.739818e-04
9 6.977652e-04 5.833502e-03 4.903970e-08 1.056509e-03
10 7.979733e-04 3.563804e-03 4.888034e-08 1.051450e-03
11 8.633764e-04 3.205882e-03 4.886018e-08 1.168564e-03
12 9.769959e-04 4.054602e-03 4.873711e-08 1.288845e-03
13 9.858261e-04 3.369045e-03 4.865098e-08 1.304069e-03
14 1.335250e-03 4.669156e-03 4.851822e-08 1.800397e-03
15 1.249792e-03 4.150009e-03 4.840084e-08 1.691611e-03
16 1.020806e-03 4.280702e-03 4.839874e-08 1.391585e-03
17 7.299233e-04 3.724432e-03 4.830496e-08 1.008318e-03
18 6.983206e-04 4.199354e-03 4.830144e-08 9.515036e-04
19 7.485094e-04 4.742583e-03 4.829329e-08 1.045017e-03
20 5.104429e-04 2.351920e-03 4.823852e-08 6.800304e-04
21 5.015682e-04 4.539289e-03 4.823844e-08 6.852955e-04
22 3.839155e-04 1.191124e-03 4.821481e-08 4.895341e-04
1 3.087382e-02 5.043351e-02 5.602036e-08 3.373885e-02
2 1.492506e-02 2.311148e-02 5.154416e-08 1.614243e-02
3 1.761486e-03 8.141240e-03 5.135665e-08 2.184665e-03
4 1.157594e-03 5.545552e-03 5.122800e-08 1.599681e-03
5 1.076301e-03 4.106288e-03 5.104487e-08 1.462712e-03
6 9.619370e-04 4.014329e-03 5.095927e-08 1.283395e-03
7 8.366637e-04 3.702078e-03 5.087954e-08 1.096640e-03
8 9.639369e-04 3.607807e-03 5.077385e-08 1.250282e-03
9 8.575440e-04 3.216901e-03 5.070777e-08 1.096815e-03
10 7.325994e-04 2.711577e-03 5.066827e-08 9.104590e-04
11 6.263041e-04 2.884776e-03 5.060060e-08 8.174735e-04
12 5.183404e-04 1.565799e-03 5.054561e-08 6.322743e-04
1 2.762745e-02 5.035606e-02 5.715382e-08 3.086658e-02
2 1.151533e-02 1.896475e-02 5.399196e-08 1.249661e-02
3 1.941163e-03 7.486894e-03 5.380120e-08 2.506127e-03
4 1.237285e-03 4.767455e-03 5.364804e-08 1.528922e-03
5 9.668084e-04 3.374229e-03 5.358759e-08 1.185848e-03
6 8.984984e-04 2.791240e-03 5.341181e-08 1.034388e-03
7 9.419754e-04 3.096536e-03 5.322489e-08 1.200865e-03
8 1.032983e-03 4.618490e-03 5.313552e-08 1.277822e-03
9 8.674286e-04 4.280738e-03 5.304404e-08 1.052368e-03
10 7.399145e-04 7.301519e-03 5.299230e-08 9.765795e-04
11 5.971654e-04 4.429331e-03 5.293278e-08 7.387512e-04
12 7.536213e-04 2.261582e-03 5.281369e-08 9.752297e-04
1 2.685570e-02 5.021047e-02 5.879969e-08 2.926500e-02
2 9.765793e-03 1.592645e-02 5.653232e-08 1.028158e-02
3 1.519151e-03 8.509462e-03 5.640737e-08 2.149831e-03
4 9.638468e-04 5.355067e-03 5.635202e-08 1.349897e-03
5 6.930478e-04 3.537751e-03 5.627085e-08 9.430885e-04
6 8.724875e-04 2.906646e-03 5.624390e-08 1.125817e-03
7 6.667716e-04 3.300046e-03 5.613512e-08 8.963734e-04
8 5.117136e-04 2.749625e-03 5.607392e-08 6.730072e-04
9 3.992518e-04 3.079491e-03 5.607023e-08 5.402850e-04
1 2.521137e-02 5.008716e-02 6.181832e-08 2.673019e-02
2 8.095005e-03 1.361358e-02 6.004731e-08 8.365311e-03
3 1.473898e-03 8.309157e-03 5.995831e-08 2.195623e-03
4 8.689103e-04 5.211401e-03 5.991089e-08 1.344496e-03
5 6.479764e-04 3.660735e-03 5.983531e-08 9.736870e-04
6 6.770811e-04 3.049982e-03 5.974904e-08 1.029984e-03
7 6.100417e-04 8.308947e-03 5.974122e-08 1.083107e-03
8 5.162532e-04 3.940171e-03 5.963209e-08 6.997314e-04
9 6.659723e-04 2.248745e-03 5.956227e-08 8.712767e-04
10 4.974205e-04 2.508084e-03 5.952301e-08 6.636077e-04
1 2.503728e-02 5.006180e-02 6.537365e-08 2.600860e-02
2 7.525308e-03 1.413689e-02 6.386931e-08 7.823341e-03
3 1.375250e-03 7.801524e-03 6.378094e-08 2.209781e-03
4 1.009383e-03 4.608062e-03 6.367609e-08 1.479859e-03
5 6.512902e-04 2.985384e-03 6.361706e-08 9.616638e-04
6 5.002324e-04 1.993309e-03 6.359033e-08 6.871436e-04
7 3.943241e-04 2.125382e-03 6.355352e-08 5.502694e-04
1 2.514577e-02 5.015190e-02 6.953413e-08 2.613866e-02
2 6.815650e-03 2.065344e-02 6.832501e-08 7.368301e-03
3 1.328240e-03 8.383024e-03 6.825473e-08 2.212655e-03
4 7.282366e-04 4.487499e-03 6.818745e-08 1.239595e-03
5 7.674701e-04 3.274192e-03 6.810866e-08 1.066952e-03
6 5.785867e-04 4.258582e-03 6.808457e-08 8.189132e-04
7 8.317671e-04 3.308857e-03 6.783229e-08 1.095885e-03
8 6.404697e-04 4.022094e-03 6.778880e-08 8.528831e-04
9 5.884350e-04 2.905378e-03 6.766351e-08 7.337858e-04
10 4.893644e-04 3.140761e-03 6.760653e-08 6.339087e-04
1 2.615991e-02 5.024040e-02 7.395981e-08 2.765802e-02
2 6.983072e-03 2.482420e-02 7.269392e-08 7.819576e-03
3 1.609729e-03 1.190299e-02 7.264802e-08 2.565682e-03
4 6.751026e-04 4.271100e-03 7.255528e-08 1.069424e-03
5 5.931622e-04 3.362407e-03 7.253306e-08 8.474960e-04
6 6.073824e-04 3.478684e-03 7.243883e-08 8.829380e-04
7 4.129737e-04 3.343177e-03 7.242055e-08 5.741115e-04
1 2.664850e-02 6.274583e-02 7.907616e-08 2.903183e-02
2 7.073698e-03 3.100994e-02 7.770811e-08 8.484118e-03
3 1.680154e-03 1.175072e-02 7.768708e-08 2.611998e-03
4 9.309897e-04 5.799655e-03 7.752504e-08 1.541956e-03
5 6.849410e-04 2.957659e-03 7.747241e-08 1.022867e-03
6 7.748490e-04 8.786215e-03 7.745588e-08 1.500190e-03
7 5.408177e-04 1.874962e-03 7.735666e-08 7.124769e-04
8 5.282458e-04 3.415768e-03 7.723861e-08 7.684750e-04
9 4.758627e-04 2.244941e-03 7.714795e-08 6.407228e-04
1 2.775838e-02 7.042894e-02 8.478037e-08 3.083146e-02
2 8.873344e-03 3.460317e-02 8.320491e-08 1.040532e-02
3 4.534324e-03 2.252930e-02 8.264579e-08 5.723108e-03
4 1.092302e-03 8.163539e-03 8.253476e-08 1.774845e-03
5 6.731665e-04 4.023167e-03 8.246310e-08 1.028386e-03
6 5.128990e-04 1.860442e-03 8.239885e-08 7.175758e-04
7 4.568882e-04 1.592435e-03 8.233900e-08 6.214312e-04
8 5.075226e-04 1.940841e-03 8.227999e-08 6.943354e-04
1 2.832081e-02 7.440883e-02 9.070853e-08 3.183884e-02
2 9.758451e-03 3.682461e-02 8.843237e-08 1.178543e-02
3 1.700657e-03 1.275504e-02 8.828056e-08 2.905961e-03
4 9.692347e-04 5.927696e-03 8.810154e-08 1.521415e-03
5 9.874923e-04 3.285143e-03 8.790131e-08 1.346001e-03
6 7.217526e-04 2.732041e-03 8.775736e-08 9.688492e-04
7 5.664596e-04 1.905177e-03 8.762218e-08 7.029832e-04
8 7.038039e-04 3.197976e-03 8.745469e-08 9.155961e-04
1 2.835138e-02 6.682999e-02 1.010497e-07 3.192179e-02
2 9.790137e-03 3.352354e-02 9.648866e-08 1.216836e-02
3 3.264753e-03 1.368338e-02 9.451705e-08 4.171177e-03
4 2.216664e-03 8.842864e-03 9.381919e-08 2.738809e-03
5 2.171772e-03 5.244829e-03 9.354046e-08 2.328766e-03
6 1.555887e-03 4.711967e-03 9.338488e-08 1.870461e-03
7 1.590962e-03 5.180486e-03 9.318372e-08 2.050706e-03
8 1.574448e-03 4.633434e-03 9.311835e-08 2.127763e-03
9 1.004910e-03 3.023510e-03 9.287899e-08 1.154907e-03
10 8.977955e-04 2.619542e-03 9.270962e-08 1.076484e-03
11 8.023374e-04 2.008020e-03 9.255027e-08 9.340574e-04
12 7.999028e-04 4.404784e-03 9.237134e-08 9.711940e-04
13 7.840321e-04 3.643864e-03 9.226406e-08 1.003626e-03
14 6.970866e-04 3.312634e-03 9.217666e-08 9.520876e-04
15 8.708035e-04 4.370689e-03 9.182971e-08 1.273071e-03
16 8.945180e-04 3.441902e-03 9.164711e-08 1.159260e-03
17 6.985129e-04 2.711406e-03 9.149317e-08 8.370882e-04
18 7.068494e-04 2.012850e-03 9.135688e-08 8.397732e-04
19 6.904217e-04 2.026558e-03 9.123617e-08 8.201179e-04
1 3.059876e-02 5.674027e-02 1.003885e-07 3.352975e-02
2 1.366571e-02 3.613190e-02 9.962361e-08 1.546974e-02
3 2.835845e-03 1.934794e-02 9.761159e-08 4.403113e-03
4 1.747693e-03 1.146413e-02 9.724750e-08 2.780733e-03
5 1.431603e-03 1.032569e-02 9.702052e-08 2.221686e-03
6 1.248777e-03 7.699718e-03 9.677474e-08 1.838842e-03
7 1.077653e-03 6.149717e-03 9.656333e-08 1.524653e-03
8 1.183431e-03 7.939737e-03 9.635618e-08 1.658067e-03
9 1.067280e-03 9.167570e-03 9.615376e-08 1.565451e-03
10 1.368716e-03 9.170304e-03 9.579690e-08 1.851663e-03
11 1.350600e-03 6.559152e-03 9.553781e-08 1.677872e-03
12 9.081809e-04 4.368810e-03 9.539178e-08 1.203570e-03
13 9.175549e-04 4.063015e-03 9.515194e-08 1.187925e-03
14 1.048083e-03 4.856338e-03 9.485182e-08 1.484517e-03
15 1.303880e-03 4.021838e-03 9.460490e-08 1.565737e-03
16 1.237400e-03 3.915211e-03 9.430719e-08 1.475271e-03
17 9.899227e-04 3.559406e-03 9.409390e-08 1.266005e-03
18 1.023651e-03 3.058267e-03 9.381320e-08 1.207412e-03
19 1.293599e-03 4.180994e-03 9.347262e-08 1.517884e-03
20 1.514286e-03 4.525630e-03 9.328700e-08 1.822204e-03
21 1.145976e-03 3.950160e-03 9.300796e-08 1.354940e-03
22 1.262758e-03 3.532147e-03 9.269136e-08 1.462630e-03
23 1.080266e-03 2.812552e-03 9.246129e-08 1.264966e-03
24 1.170195e-03 3.734564e-03 9.232339e-08 1.390845e-03
25 9.236481e-04 2.883900e-03 9.213556e-08 1.073943e-03
26 7.686916e-04 2.446881e-03 9.194208e-08 8.919519e-04
27 9.474843e-04 3.281645e-03 9.183142e-08 1.131190e-03
28 9.006321e-04 4.321954e-03 9.166357e-08 1.066942e-03
29 8.923925e-04 3.430169e-03 9.139170e-08 1.126607e-03
30 9.593158e-04 2.723424e-03 9.128075e-08 1.133933e-03
31 8.857856e-04 2.474297e-03 9.111163e-08 1.057813e-03
32 9.328495e-04 2.946176e-03 9.091876e-08 1.098355e-03
33 7.960047e-04 2.113677e-03 9.072759e-08 9.155911e-04
34 1.099512e-03 3.550250e-03 9.049559e-08 1.278897e-03
35 6.949344e-04 1.895681e-03 9.036251e-08 8.385875e-04
36 7.974162e-04 2.976189e-03 9.019240e-08 9.691106e-04
37 1.009167e-03 4.136051e-03 8.991014e-08 1.252291e-03
38 8.941558e-04 2.548756e-03 8.973233e-08 1.092244e-03
39 1.078503e-03 6.151726e-03 8.961863e-08 1.320716e-03
40 8.478058e-04 4.732553e-03 8.942583e-08 1.026982e-03
41 7.345450e-04 2.546901e-03 8.933427e-08 8.622913e-04
42 6.391925e-04 4.967336e-03 8.926043e-08 8.431976e-04
43 5.332206e-04 3.289661e-03 8.916605e-08 6.636873e-04
1 4.401923e-02 5.453059e-02 1.013318e-07 4.543946e-02
2 2.273674e-02 3.121603e-02 9.613694e-08 2.348478e-02
3 8.584398e-03 2.064246e-02 9.532739e-08 8.933037e-03
4 3.609625e-03 1.692232e-02 9.501397e-08 4.048546e-03
5 1.422725e-03 1.444310e-02 9.464229e-08 2.320298e-03
6 1.386877e-03 1.371508e-02 9.446262e-08 2.239293e-03
7 1.231739e-03 1.145182e-02 9.429231e-08 1.971646e-03
8 1.157184e-03 1.000182e-02 9.404797e-08 1.817348e-03
9 1.174880e-03 8.602550e-03 9.369125e-08 1.657979e-03
10 1.425283e-03 8.536170e-03 9.356090e-08 1.883688e-03
11 1.270705e-03 9.400740e-03 9.324687e-08 1.836074e-03
12 1.218581e-03 7.020989e-03 9.301557e-08 1.669045e-03
13 1.159879e-03 4.108336e-03 9.269303e-08 1.464603e-03
14 1.291970e-03 4.259555e-03 9.256163e-08 1.556865e-03
15 1.213282e-03 4.783597e-03 9.217543e-08 1.607102e-03
16 1.640336e-03 5.109364e-03 9.170528e-08 1.986214e-03
17 1.766232e-03 5.554182e-03 9.123568e-08 2.150692e-03
18 2.290993e-03 8.223926e-03 9.076787e-08 2.732331e-03
19 2.026437e-03 6.607161e-03 9.029700e-08 2.495356e-03
20 1.787003e-03 7.539962e-03 8.972751e-08 2.355986e-03
21 2.577265e-03 8.780462e-03 8.897371e-08 3.343892e-03
22 3.099917e-03 9.590541e-03 8.830248e-08 3.782711e-03
23 2.891851e-03 8.335199e-03 8.767134e-08 3.531622e-03
24 2.591337e-03 8.144216e-03 8.740258e-08 3.141733e-03
25 2.174621e-03 7.900513e-03 8.701524e-08 2.757063e-03
26 2.358566e-03 7.122662e-03 8.671961e-08 2.951991e-03
27 1.855530e-03 6.908159e-03 8.647599e-08 2.380005e-03
28 1.646681e-03 6.414939e-03 8.621515e-08 2.226673e-03
29 1.868596e-03 5.720452e-03 8.605779e-08 2.263048e-03
30 1.565903e-03 5.538030e-03 8.572137e-08 1.966773e-03
31 1.449589e-03 5.711048e-03 8.556341e-08 1.913385e-03
32 1.433996e-03 4.588109e-03 8.543987e-08 1.785430e-03
33 1.309066e-03 5.926814e-03 8.518253e-08 1.681976e-03
34 1.070930e-03 4.083491e-03 8.503224e-08 1.384516e-03
35 1.266377e-03 3.648624e-03 8.473847e-08 1.507217e-03
36 1.066693e-03 3.069538e-03 8.460475e-08 1.257582e-03
37 7.967374e-04 2.393776e-03 8.442150e-08 9.522401e-04
38 1.052065e-03 3.142052e-03 8.432665e-08 1.237805e-03
39 9.074401e-04 2.492805e-03 8.413397e-08 1.059816e-03
40 6.382065e-04 2.390434e-03 8.396562e-08 7.802116e-04
41 9.461036e-04 2.807321e-03 8.389129e-08 1.107671e-03
42 7.711639e-04 1.897669e-03 8.372628e-08 8.982663e-04
43 7.910144e-04 2.512056e-03 8.360430e-08 9.373880e-04
44 8.190701e-04 2.564062e-03 8.341013e-08 9.728811e-04
1 5.650777e-02 8.092004e-02 9.834479e-08 5.919985e-02
2 3.467898e-02 4.933040e-02 9.059157e-08 3.627072e-02
3 1.337071e-02 1.902277e-02 8.904689e-08 1.393573e-02
4 2.110450e-03 5.812852e-03 8.861312e-08 2.535238e-03
5 1.528200e-03 5.435440e-03 8.846587e-08 2.002487e-03
6 1.407204e-03 5.132642e-03 8.818213e-08 1.830684e-03
7 1.264128e-03 4.683564e-03 8.785258e-08 1.627508e-03
8 1.079736e-03 4.113383e-03 8.761917e-08 1.395205e-03
9 1.310311e-03 3.930149e-03 8.749017e-08 1.580760e-03
10 1.040895e-03 3.794347e-03 8.725865e-08 1.322928e-03
11 1.012884e-03 3.628199e-03 8.691387e-08 1.263060e-03
12 1.057012e-03 4.387147e-03 8.660565e-08 1.350179e-03
13 1.603520e-03 5.261459e-03 8.632945e-08 1.912862e-03
14 1.313590e-03 4.332619e-03 8.598474e-08 1.607606e-03
15 1.543652e-03 4.343785e-03 8.558791e-08 1.830110e-03
16 1.655494e-03 4.485268e-03 8.532746e-08 1.937280e-03
17 1.257060e-03 4.274040e-03 8.517603e-08 1.507632e-03
18 1.018050e-03 3.901914e-03 8.495918e-08 1.257053e-03
19 1.060539e-03 3.236761e-03 8.470309e-08 1.287528e-03
20 9.839119e-04 4.093179e-03 8.447358e-08 1.249571e-03
21 9.533074e-04 4.396094e-03 8.429743e-08 1.230361e-03
22 8.476188e-04 3.883934e-03 8.415361e-08 1.131786e-03
23 8.081778e-04 3.123480e-03 8.398946e-08 1.049826e-03
24 8.216812e-04 4.979905e-03 8.391476e-08 1.064201e-03
25 7.696342e-04 3.881631e-03 8.370554e-08 9.636289e-04
26 6.550433e-04 3.570862e-03 8.357265e-08 8.319896e-04
27 9.927776e-04 3.542579e-03 8.319221e-08 1.184184e-03
28 7.258021e-04 2.074995e-03 8.305890e-08 8.585955e-04
29 5.684118e-04 1.994438e-03 8.295917e-08 6.987315e-04
30 5.950154e-04 4.498572e-03 8.286460e-08 7.432884e-04
1 4.493870e-02 7.322905e-02 9.540689e-08 4.786359e-02
2 2.308481e-02 3.786155e-02 8.951453e-08 2.464177e-02
3 1.901108e-03 6.846777e-03 8.938969e-08 2.161559e-03
4 1.207351e-03 2.806235e-03 8.926048e-08 1.365858e-03
5 5.042011e-04 4.182760e-03 8.916159e-08 6.711136e-04
6 4.894739e-04 2.082703e-03 8.901416e-08 6.384129e-04
7 5.584025e-04 2.077581e-03 8.880457e-08 6.754340e-04
1 2.388599e-02 5.081716e-02 9.536563e-08 2.625483e-02
2 4.276070e-03 7.659728e-03 9.477188e-08 4.633949e-03
3 2.018837e-03 4.376285e-03 9.458040e-08 2.166308e-03
4 8.243196e-04 2.063790e-03 9.438581e-08 8.647229e-04
5 5.668271e-04 1.907013e-03 9.426735e-08 6.824011e-04
6 5.905779e-04 1.953155e-03 9.415748e-08 7.034467e-04
1 1.835097e-02 5.011677e-02 1.004622e-07 2.062226e-02
2 1.105466e-03 6.025674e-03 1.003823e-07 1.343894e-03
3 7.027026e-04 3.348642e-03 1.003006e-07 8.104820e-04
4 3.501474e-04 1.199982e-03 1.002352e-07 4.110573e-04
5 3.760516e-04 1.050107e-03 1.001531e-07 4.515883e-04
1 1.907667e-02 5.015420e-02 1.071692e-07 2.192101e-02
2 1.141806e-03 5.783623e-03 1.069825e-07 1.371049e-03
3 5.160237e-04 2.751084e-03 1.068339e-07 6.108021e-04
4 3.444601e-04 1.486163e-03 1.066879e-07 4.043579e-04
5 3.028574e-04 1.364335e-03 1.066029e-07 3.717543e-04
1 2.296482e-02 5.022669e-02 1.142317e-07 2.565802e-02
2 2.294206e-03 5.841884e-03 1.139172e-07 2.533815e-03
3 5.551875e-04 1.691192e-03 1.138056e-07 6.357957e-04
4 3.997411e-04 1.519305e-03 1.137517e-07 5.105286e-04
5 3.112057e-04 1.121097e-03 1.136875e-07 3.863579e-04
1 2.690818e-02 5.034273e-02 1.221253e-07 2.922777e-02
2 4.669628e-03 7.265096e-03 1.214603e-07 5.029802e-03
3 5.574382e-04 2.171354e-03 1.213892e-07 6.466932e-04
4 3.268721e-04 1.030440e-03 1.213322e-07 4.108128e-04
5 2.599912e-04 9.694546e-04 1.212783e-07 3.284732e-04
1 2.831456e-02 5.046249e-02 1.305028e-07 3.048228e-02
2 6.297301e-03 9.998263e-03 1.295248e-07 6.743194e-03
3 2.766951e-03 4.399153e-03 1.292228e-07 2.947238e-03
4 3.838989e-04 1.059439e-03 1.291636e-07 4.316566e-04
5 2.872401e-04 1.063463e-03 1.290009e-07 3.449562e-04
6 3.569553e-04 1.494646e-03 1.288227e-07 4.420419e-04
1 2.789077e-02 5.047459e-02 1.383709e-07 2.997426e-02
2 6.261948e-03 1.003450e-02 1.372074e-07 6.681229e-03
3 5.912544e-04 2.412085e-03 1.371057e-07 6.784098e-04
4 3.481924e-04 1.083838e-03 1.370320e-07 4.064451e-04
5 2.975034e-04 1.266070e-03 1.369563e-07 3.800892e-04
1 2.652912e-02 5.041782e-02 1.466683e-07 2.863470e-02
2 5.093880e-03 8.346018e-03 1.458036e-07 5.465493e-03
3 5.648909e-04 2.036101e-03 1.457283e-07 6.359333e-04
4 3.842257e-04 9.399262e-04 1.456708e-07 4.301285e-04
5 3.011494e-04 8.989617e-04 1.456122e-07 3.578717e-04
1 2.517060e-02 5.035041e-02 1.554463e-07 2.733273e-02
2 3.697131e-03 6.241370e-03 1.549535e-07 4.004363e-03
3 3.498828e-04 1.559326e-03 1.549202e-07 4.002549e-04
4 1.910985e-04 8.193765e-04 1.548907e-07 2.558528e-04
5 2.178042e-04 1.018396e-03 1.548510e-07 2.962135e-04
1 2.422049e-02 5.029706e-02 1.648742e-07 2.646444e-02
2 2.757742e-03 5.717024e-03 1.645214e-07 3.012085e-03
3 3.254319e-04 1.140143e-03 1.644839e-07 3.807460e-04
4 2.339032e-04 8.879090e-04 1.644566e-07 3.057363e-04
5 3.557943e-04 1.515534e-03 1.644468e-07 4.523507e-04
1 2.372951e-02 5.025792e-02 1.748052e-07 2.609861e-02
2 1.985348e-03 5.301094e-03 1.746276e-07 2.203353e-03
3 2.243382e-04 2.589430e-03 1.745953e-07 3.272544e-04
4 1.567407e-04 2.503965e-03 1.745947e-07 2.608126e-04
5 9.564116e-05 8.142078e-04 1.745883e-07 1.277056e-04
1 2.329050e-02 5.027147e-02 1.852569e-07 2.583201e-02
2 1.146353e-03 4.835899e-03 1.851764e-07 1.363260e-03
3 1.639318e-04 1.225214e-03 1.851654e-07 1.938360e-04
4 8.075525e-05 2.799993e-04 1.851610e-07 1.036608e-04
5 7.713609e-05 3.090629e-04 1.851551e-07 1.008626e-04
1 2.322517e-02 5.029986e-02 1.961867e-07 2.591311e-02
2 7.274945e-04 4.424242e-03 1.961124e-07 9.685227e-04
3 1.852157e-04 7.556679e-04 1.960823e-07 2.350271e-04
4 1.802939e-04 8.808639e-04 1.960428e-07 2.546567e-04
1 2.345929e-02 5.031401e-02 2.074269e-07 2.624751e-02
2 7.555792e-04 4.325028e-03 2.073462e-07 9.755950e-04
3 3.039934e-04 1.304496e-03 2.073072e-07 3.591021e-04
4 1.422828e-04 6.007854e-04 2.072893e-07 1.881953e-04
1 2.338111e-02 5.030475e-02 2.191242e-07 2.629358e-02
2 6.674631e-04 4.244000e-03 2.190714e-07 9.054161e-04
3 1.311629e-04 4.711484e-04 2.190679e-07 1.606183e-04
4 1.008594e-04 4.098343e-04 2.190655e-07 1.311949e-04
1 2.321448e-02 5.027993e-02 2.313133e-07 2.613326e-02
2 6.462521e-04 4.167826e-03 2.312657e-07 8.857970e-04
3 1.171493e-04 4.919526e-04 2.312622e-07 1.513068e-04
4 1.394384e-04 1.453100e-03 2.312621e-07 1.902895e-04
1 2.318888e-02 5.025296e-02 2.439315e-07 2.602923e-02
2 6.720855e-04 4.090955e-03 2.438718e-07 8.854601e-04
3 1.228351e-04 5.575606e-04 2.438672e-07 1.570224e-04
4 1.439646e-04 1.806670e-03 2.438665e-07 2.068792e-04
1 2.334304e-02 5.023030e-02 2.569320e-07 2.606581e-02
2 6.122668e-04 4.008467e-03 2.568863e-07 8.470947e-04
3 1.034699e-04 4.105201e-04 2.568843e-07 1.343939e-04
4 8.165778e-05 3.577707e-04 2.568824e-07 1.143210e-04
1 2.350181e-02 5.021309e-02 2.703589e-07 2.616053e-02
2 6.037165e-04 3.917667e-03 2.703128e-07 8.310817e-04
3 1.342911e-04 4.237013e-04 2.703085e-07 1.649428e-04
4 1.194748e-04 4.280056e-04 2.702989e-07 1.585199e-04
1 2.366573e-02 5.020101e-02 2.841923e-07 2.629477e-02
2 6.371308e-04 3.819043e-03 2.841105e-07 8.366331e-04
3 2.597603e-04 2.323769e-03 2.840771e-07 3.386961e-04
4 2.255716e-04 9.893292e-04 2.840293e-07 3.052805e-04
1 2.380640e-02 5.019151e-02 2.982609e-07 2.647594e-02
2 6.634376e-04 3.715332e-03 2.982018e-07 8.708299e-04
3 4.416425e-04 2.418719e-03 2.981347e-07 5.665311e-04
4 2.076985e-04 9.232173e-04 2.981112e-07 2.688022e-04
1 2.356201e-02 5.018290e-02 3.128038e-07 2.633568e-02
2 5.539227e-04 3.618466e-03 3.127490e-07 7.814359e-04
3 9.891829e-05 1.462407e-03 3.127485e-07 1.670021e-04
4 6.798047e-05 4.397954e-04 3.127433e-07 9.629176e-05
1 2.981167e-01 8.430633e-01 4.378807e-08 3.606504e-01
2 2.027260e-01 7.479937e-01 3.912336e-08 2.295614e-01
3 1.224104e-01 3.914245e-01 3.633025e-08 1.438471e-01
4 8.154716e-02 3.032810e-01 3.106661e-08 9.594134e-02
5 6.545504e-02 2.499095e-01 2.806848e-08 7.491340e-02
6 5.538019e-02 3.362494e-01 2.805108e-08 7.181413e-02
7 4.297775e-02 3.694742e-01 2.764741e-08 5.348000e-02
8 4.314063e-02 3.118201e-01 2.758815e-08 6.158605e-02
9 3.614892e-02 2.078214e-01 2.741740e-08 4.741604e-02
10 2.772999e-02 5.381057e-02 2.682428e-08 3.106206e-02
11 1.964437e-02 4.907952e-02 2.661375e-08 2.233626e-02
12 1.974811e-02 2.044037e-01 2.661355e-08 2.512875e-02
13 1.789763e-02 8.394151e-02 2.660854e-08 2.143650e-02
14 1.597952e-02 4.105741e-02 2.649336e-08 1.825803e-02
15 1.978042e-02 2.302507e-01 2.648636e-08 3.308615e-02
16 1.300860e-02 1.041761e-01 2.646764e-08 1.537611e-02
17 1.228559e-02 3.525346e-02 2.639716e-08 1.412977e-02
18 1.215391e-02 2.046091e-01 2.639148e-08 1.829355e-02
19 1.078760e-02 3.292440e-02 2.630789e-08 1.259779e-02
20 2.465070e-02 2.745680e-01 2.630663e-08 5.161401e-02
21 2.138283e-02 2.836699e-01 2.630372e-08 4.235238e-02
22 1.025219e-02 3.001962e-02 2.628461e-08 1.214218e-02
23 2.523071e-02 2.975705e-01 2.628239e-08 4.514726e-02
24 8.963374e-03 2.728650e-02 2.625340e-08 1.081429e-02
25 1.478940e-02 2.308447e-01 2.624924e-08 2.734264e-02
26 8.890671e-03 2.688205e-02 2.620622e-08 1.078500e-02
27 1.132817e-02 7.160303e-02 2.619672e-08 1.725351e-02
28 2.008596e-02 2.111307e-01 2.619262e-08 4.244998e-02
29 7.416700e-03 2.639754e-02 2.615462e-08 9.032848e-03
30 2.235810e-02 2.950767e-01 2.614213e-08 4.449039e-02
31 7.117749e-03 2.433254e-02 2.610970e-08 8.663973e-03
32 3.809218e-02 5.459910e-01 2.610738e-08 8.237982e-02
33 6.267912e-03 2.347050e-02 2.607967e-08 7.661535e-03
34 7.223100e-03 2.222666e-01 2.607901e-08 1.255774e-02
35 6.014079e-03 2.360155e-02 2.605406e-08 7.261886e-03
36 5.570904e-03 2.101916e-02 2.603436e-08 6.762165e-03
37 5.202626e-03 1.922209e-02 2.601697e-08 6.343802e-03
38 4.906909e-03 1.814242e-02 2.600103e-08 6.009561e-03
39 5.224022e-03 1.656650e-01 2.600103e-08 1.044963e-02
40 4.637157e-03 1.689590e-02 2.598614e-08 5.691624e-03
41 4.333075e-03 1.547566e-02 2.597259e-08 5.356805e-03
42 5.408536e-03 1.895783e-01 2.597210e-08 1.153293e-02
43 5.767139e-03 2.132501e-01 2.597182e-08 1.304713e-02
44 4.172320e-03 1.418122e-02 2.596527e-08 5.135834e-03
45 4.612018e-03 2.034019e-01 2.596366e-08 1.204814e-02
46 3.869733e-03 1.319312e-02 2.595308e-08 4.754196e-03
47 3.657170e-03 1.218764e-02 2.594059e-08 4.572326e-03
48 3.447462e-03 1.119720e-02 2.593135e-08 4.266579e-03
49 4.483422e-03 1.458375e-01 2.593014e-08 1.017409e-02
50 3.284765e-03 1.017191e-02 2.592454e-08 4.036050e-03
51 3.976435e-03 1.311922e-01 2.592173e-08 8.859211e-03
52 3.065016e-03 9.387656e-03 2.591349e-08 3.791519e-03
53 2.921366e-03 8.713247e-03 2.590658e-08 3.600644e-03
54 2.791270e-03 8.115934e-03 2.590019e-08 3.427188e-03
55 2.672338e-03 7.812023e-03 2.589425e-08 3.270671e-03
56 2.562250e-03 7.530674e-03 2.588870e-08 3.127457e-03
57 2.457769e-03 7.266299e-03 2.588350e-08 2.993902e-03
58 2.362467e-03 7.034386e-03 2.587861e-08 2.872182e-03
59 2.276165e-03 6.813696e-03 2.587401e-08 2.762159e-03
60 2.197488e-03 6.603037e-03 2.586966e-08 2.663307e-03
61 2.124032e-03 6.401341e-03 2.586555e-08 2.571603e-03
62 2.056219e-03 6.207450e-03 2.586165e-08 2.488297e-03
63 1.991906e-03 6.020365e-03 2.585794e-08 2.409941e-03
64 1.932693e-03 5.839235e-03 2.585441e-08 2.338596e-03
65 1.875122e-03 5.663335e-03 2.585104e-08 2.269901e-03
66 1.822218e-03 5.492098e-03 2.584782e-08 2.207021e-03
67 1.771243e-03 5.325032e-03 2.584462e-08 2.146251e-03
68 2.465496e-03 2.295574e-01 2.584199e-08 9.785167e-03
69 1.733898e-03 4.941326e-03 2.583847e-08 2.084577e-03
70 1.672499e-03 5.208697e-03 2.583553e-08 2.037721e-03
71 1.632853e-03 4.901080e-03 2.583284e-08 1.985105e-03
72 1.591609e-03 4.728687e-03 2.583026e-08 1.934883e-03
73 1.552028e-03 4.595955e-03 2.582778e-08 1.887974e-03
74 1.512216e-03 4.503676e-03 2.582542e-08 1.839927e-03
75 1.474821e-03 4.403744e-03 2.582315e-08 1.795291e-03
76 1.437739e-03 4.301513e-03 2.582098e-08 1.750006e-03
77 1.404314e-03 4.192876e-03 2.581890e-08 1.710048e-03
78 1.370334e-03 4.084763e-03 2.581690e-08 1.668637e-03
79 1.339635e-03 3.974026e-03 2.581497e-08 1.632537e-03
80 1.304619e-03 3.912070e-03 2.581312e-08 1.592573e-03
81 1.275265e-03 3.860778e-03 2.581134e-08 1.558170e-03
82 1.245952e-03 3.823807e-03 2.580962e-08 1.521558e-03
83 1.220463e-03 3.788108e-03 2.580796e-08 1.490876e-03
84 1.316349e-03 4.448358e-02 2.580790e-08 2.307190e-03
85 1.192390e-03 3.735658e-03 2.580606e-08 1.455054e-03
86 1.166150e-03 3.700961e-03 2.580448e-08 1.425528e-03
87 1.139954e-03 3.670447e-03 2.580298e-08 1.393342e-03
88 1.118570e-03 3.630665e-03 2.580154e-08 1.368631e-03
89 1.094846e-03 3.598677e-03 2.580016e-08 1.339988e-03
90 1.074409e-03 3.571490e-03 2.579883e-08 1.316949e-03
91 1.052472e-03 3.535445e-03 2.579753e-08 1.290795e-03
92 1.033544e-03 3.506305e-03 2.579628e-08 1.269766e-03
93 1.013551e-03 3.464669e-03 2.579507e-08 1.245884e-03
94 9.963727e-04 3.429376e-03 2.579390e-08 1.226924e-03
95 9.785514e-04 3.383533e-03 2.579276e-08 1.205144e-03
96 9.627412e-04 3.347506e-03 2.579165e-08 1.187680e-03
97 9.493343e-04 3.300594e-03 2.579059e-08 1.170986e-03
98 9.320303e-04 3.264636e-03 2.578942e-08 1.151304e-03
99 1.870783e-03 5.289094e-02 2.578857e-08 4.116510e-03
100 3.937197e-03 1.402569e-01 2.578709e-08 1.154206e-02
101 9.507444e-04 3.220506e-03 2.578591e-08 1.166840e-03
102 9.284219e-04 7.429383e-03 2.578589e-08 1.174615e-03
103 9.011772e-04 3.160287e-03 2.578373e-08 1.109535e-03
104 8.703936e-04 3.135292e-03 2.578268e-08 1.084717e-03
105 8.577284e-04 3.094199e-03 2.577962e-08 1.064480e-03
106 9.289744e-04 5.355064e-03 2.577812e-08 1.183060e-03
107 8.446982e-04 3.068031e-03 2.577677e-08 1.048043e-03
108 8.267808e-04 3.031015e-03 2.577587e-08 1.033816e-03
109 8.183039e-04 3.022765e-03 2.577503e-08 1.021818e-03
110 8.067927e-04 3.037097e-03 2.577421e-08 1.006742e-03
111 7.963807e-04 3.047969e-03 2.577341e-08 9.953629e-04
112 7.848671e-04 3.055216e-03 2.577263e-08 9.807657e-04
113 7.742844e-04 3.058685e-03 2.577186e-08 9.696224e-04
