1.327965e+00 1.077199e+00
1.335704e+00 1.083934e+00
1.333877e+00 1.082481e+00
1.333013e+00 1.081201e+00
1.333272e+00 1.079234e+00
1.333366e+00 1.079298e+00
1.333821e+00 1.078901e+00
1.333820e+00 1.078274e+00
1.323631e+00 1.077608e+00
1.317634e+00 1.077107e+00
1.316888e+00 1.076759e+00
1.317343e+00 1.076108e+00
1.317728e+00 1.075675e+00
1.318039e+00 1.075490e+00
1.318267e+00 1.075820e+00
1.318530e+00 1.076074e+00
1.318244e+00 1.075973e+00
1.319990e+00 1.077451e+00
1.263307e+00 1.080008e+00
1.264752e+00 1.081093e+00
1.265213e+00 1.081131e+00
1.265171e+00 1.080013e+00
1.264355e+00 1.078317e+00
1.262034e+00 1.077034e+00
1.261873e+00 1.076672e+00
1.260861e+00 1.076606e+00
1.261056e+00 1.077703e+00
1.261625e+00 1.080081e+00
1.262917e+00 1.084907e+00
1.265859e+00 1.092227e+00
1.270079e+00 1.100839e+00
1.281101e+00 1.113055e+00
1.292558e+00 1.116953e+00
1.304136e+00 1.123749e+00
1.317275e+00 1.137530e+00
1.331892e+00 1.152137e+00
1.329500e+00 1.150513e+00
1.325198e+00 1.144173e+00
1.331758e+00 1.152151e+00
1.340926e+00 1.165912e+00
1.349650e+00 1.179298e+00
1.357949e+00 1.191405e+00
1.360316e+00 1.199032e+00
1.365446e+00 1.212144e+00
1.374186e+00 1.223592e+00
1.384547e+00 1.238300e+00
1.398198e+00 1.253344e+00
1.412775e+00 1.268316e+00
1.427403e+00 1.282835e+00
1.442973e+00 1.298155e+00
1.458662e+00 1.313585e+00
1.474126e+00 1.328832e+00
1.490563e+00 1.344209e+00
1.501818e+00 1.354091e+00
1.481175e+00 1.348434e+00
1.488340e+00 1.335286e+00
1.507275e+00 1.336632e+00
1.526812e+00 1.358320e+00
1.535234e+00 1.375089e+00
1.542667e+00 1.388758e+00
1.553917e+00 1.401262e+00
1.568834e+00 1.416273e+00
1.586794e+00 1.433517e+00
1.605163e+00 1.451174e+00
1.621699e+00 1.468710e+00
1.638600e+00 1.486107e+00
1.656027e+00 1.503633e+00
1.672663e+00 1.521104e+00
1.690792e+00 1.539002e+00
1.708720e+00 1.556985e+00
1.725612e+00 1.574838e+00
1.742448e+00 1.592803e+00
1.760655e+00 1.611088e+00
1.779255e+00 1.629403e+00
1.798151e+00 1.647671e+00
1.817023e+00 1.665931e+00
1.834543e+00 1.684199e+00
1.852363e+00 1.702329e+00
1.870256e+00 1.720532e+00
1.889332e+00 1.739021e+00
2.726949e+00 1.681508e+00
