17 139
18 119
20 129
21 121
18 148
15 166
15 169
22 165
16 160
15 160
17 155
17 159
17 166
16 161
16 165
15 189
15 172
16 173
20 202
27 181
14 190
20 189
16 198
14 191
18 190
17 184
18 193
19 202
22 188
24 202
24 198
24 203
24 187
22 186
22 189
21 189
17 187
20 185
25 178
17 167
16 188
17 180
16 171
16 176
16 190
17 190
19 199
14 198
14 196
14 195
16 208
17 215
15 199
16 213
18 218
18 216
17 212
17 220
18 233
17 223
22 230
16 245
17 261
18 262
19 317
21 336
21 349
22 362
23 365
25 350
26 352
29 365
26 355
25 357
29 372
28 369
27 361
29 370
27 372
22 371
26 363
23 361
26 371
23 368
26 376
27 385
26 385
26 384
24 408
24 424
33 433
27 438
29 476
29 510
25 542
30 568
22 570
24 586
7 584
31 584
4 584
79 580
35 563
46 563
25 561
45 562
42 551
51 571
