1.000035e+00 1.000009e+00
1.000053e+00 1.000014e+00
1.000046e+00 1.000009e+00
1.000044e+00 1.000010e+00
1.000042e+00 1.000011e+00
1.000059e+00 1.000018e+00
1.000058e+00 1.000017e+00
1.000055e+00 1.000018e+00
1.000048e+00 1.000017e+00
1.000048e+00 1.000018e+00
1.000049e+00 1.000014e+00
1.000059e+00 1.000015e+00
1.000059e+00 1.000015e+00
1.000062e+00 1.000017e+00
1.000061e+00 1.000015e+00
1.000084e+00 1.000021e+00
1.000081e+00 1.000020e+00
1.000087e+00 1.000024e+00
1.000081e+00 1.000023e+00
1.000084e+00 1.000026e+00
1.000109e+00 1.000031e+00
1.000100e+00 1.000029e+00
1.000083e+00 1.000023e+00
1.000101e+00 1.000028e+00
1.000084e+00 1.000025e+00
1.000082e+00 1.000027e+00
1.000126e+00 1.000040e+00
1.000092e+00 1.000033e+00
1.000109e+00 1.000038e+00
1.000122e+00 1.000046e+00
1.000109e+00 1.000036e+00
1.000120e+00 1.000043e+00
1.000134e+00 1.000039e+00
1.000116e+00 1.000035e+00
1.000118e+00 1.000042e+00
1.000117e+00 1.000037e+00
1.000148e+00 1.000054e+00
1.000133e+00 1.000042e+00
1.000154e+00 1.000059e+00
1.000166e+00 1.000055e+00
1.000178e+00 1.000070e+00
1.000152e+00 1.000059e+00
1.000238e+00 1.000080e+00
1.000247e+00 1.000092e+00
1.000205e+00 1.000074e+00
1.000304e+00 1.000116e+00
1.000244e+00 1.000093e+00
1.000343e+00 1.000114e+00
1.000223e+00 1.000076e+00
1.000283e+00 1.000105e+00
1.000275e+00 1.000097e+00
1.000349e+00 1.000129e+00
1.000264e+00 1.000091e+00
1.000317e+00 1.000118e+00
1.000271e+00 1.000095e+00
1.000353e+00 1.000122e+00
1.000358e+00 1.000122e+00
1.000379e+00 1.000137e+00
1.000444e+00 1.000157e+00
1.000378e+00 1.000129e+00
1.000454e+00 1.000173e+00
1.000529e+00 1.000181e+00
1.000556e+00 1.000194e+00
1.000630e+00 1.000236e+00
1.000862e+00 1.000321e+00
1.001006e+00 1.000409e+00
1.001436e+00 1.000594e+00
1.002418e+00 1.000918e+00
1.003400e+00 1.001230e+00
1.004162e+00 1.001456e+00
1.004836e+00 1.001695e+00
1.005397e+00 1.001958e+00
1.006029e+00 1.002313e+00
1.006643e+00 1.002300e+00
1.006749e+00 1.002178e+00
1.006670e+00 1.002097e+00
1.006654e+00 1.002110e+00
1.006370e+00 1.002100e+00
1.006620e+00 1.002462e+00
1.006990e+00 1.002315e+00
1.007551e+00 1.002441e+00
1.008021e+00 1.002571e+00
1.007800e+00 1.002703e+00
1.008700e+00 1.002902e+00
1.008354e+00 1.002746e+00
1.008490e+00 1.002788e+00
1.008782e+00 1.002896e+00
1.008339e+00 1.002823e+00
1.008285e+00 1.002697e+00
1.008296e+00 1.002807e+00
1.007805e+00 1.002780e+00
1.008512e+00 1.003018e+00
1.008281e+00 1.002944e+00
1.008863e+00 1.003230e+00
1.010666e+00 1.003922e+00
1.011742e+00 1.004324e+00
1.014672e+00 1.005653e+00
1.018690e+00 1.007412e+00
1.024525e+00 1.010448e+00
1.029439e+00 1.011980e+00
1.035591e+00 1.015002e+00
1.027369e+00 1.008349e+00
1.025192e+00 1.010944e+00
1.023580e+00 1.011175e+00
1.025474e+00 1.012035e+00
1.024952e+00 1.008960e+00
1.024843e+00 1.011591e+00
1.024436e+00 1.011164e+00
