1 6.062990e-02 1.024890e-01 2.478648e-07 6.554632e-02
2 5.634921e-03 1.054184e-02 2.041110e-07 6.265676e-03
3 1.848007e-02 2.948237e-02 1.867813e-07 1.997565e-02
4 6.133643e-03 1.142655e-02 1.606010e-07 6.817224e-03
5 1.216656e-02 2.367576e-02 1.474678e-07 1.332858e-02
6 7.197816e-03 1.304241e-02 1.305278e-07 8.012668e-03
7 6.532572e-03 1.414402e-02 1.162430e-07 7.239222e-03
8 6.584146e-03 1.177060e-02 1.042385e-07 7.297417e-03
9 7.026139e-03 1.631209e-02 9.412477e-08 7.800784e-03
10 6.996836e-03 1.133192e-02 8.606815e-08 7.591254e-03
11 7.832788e-03 1.732007e-02 7.886016e-08 8.778679e-03
12 4.557687e-03 7.487224e-03 7.265047e-08 5.015991e-03
13 5.382697e-03 1.018191e-02 6.891045e-08 6.135433e-03
14 3.879268e-03 5.601838e-03 6.499671e-08 4.158455e-03
15 4.142285e-03 7.628538e-03 6.213987e-08 4.611622e-03
16 3.167705e-03 4.352419e-03 5.983444e-08 3.360905e-03
17 3.720599e-03 4.462746e-03 5.870962e-08 3.849079e-03
18 2.979659e-03 3.862546e-03 5.730324e-08 3.195767e-03
19 2.649362e-03 3.501034e-03 5.627198e-08 2.830696e-03
20 2.762760e-03 4.085356e-03 5.550405e-08 2.978424e-03
21 2.406618e-03 3.372597e-03 5.493315e-08 2.600714e-03
22 2.439569e-03 3.572284e-03 5.452176e-08 2.651868e-03
23 2.082442e-03 3.078661e-03 5.423115e-08 2.255945e-03
24 2.037698e-03 3.049879e-03 5.402838e-08 2.211712e-03
25 1.688697e-03 2.477901e-03 5.388934e-08 1.818023e-03
26 1.512266e-03 2.215514e-03 5.379669e-08 1.622397e-03
27 1.137020e-03 1.681814e-03 5.374128e-08 1.211103e-03
28 6.984235e-04 9.816098e-04 5.371600e-08 7.436051e-04
29 5.113493e-04 6.556822e-04 5.370090e-08 5.406655e-04
30 3.824292e-04 4.783923e-04 5.369107e-08 4.021394e-04
1 9.791104e-03 2.491870e-02 6.057531e-06 1.154239e-02
2 4.394503e-03 6.401364e-03 9.760730e-07 4.772961e-03
3 8.225096e-03 2.340167e-02 5.880150e-07 1.030113e-02
4 1.793683e-03 2.287879e-03 2.777369e-07 1.828073e-03
5 2.169163e-03 5.234423e-03 1.920130e-07 2.519146e-03
6 2.532586e-03 5.742971e-03 1.164170e-07 2.932850e-03
7 4.890140e-03 1.344678e-02 9.524584e-08 6.315117e-03
8 2.231670e-03 4.126338e-03 7.036311e-08 2.487850e-03
9 9.878968e-03 2.287704e-02 6.813141e-08 1.186290e-02
10 1.605128e-03 2.189336e-03 5.836848e-08 1.677228e-03
11 1.347662e-02 2.147288e-02 5.707304e-08 1.499814e-02
12 1.761716e-03 3.154050e-03 5.499912e-08 1.947880e-03
13 8.807115e-03 1.430709e-02 5.442385e-08 9.807319e-03
14 2.419771e-03 4.416865e-03 5.378028e-08 2.729945e-03
15 4.582572e-03 7.568803e-03 5.347614e-08 5.142749e-03
16 1.475199e-03 2.686729e-03 5.322980e-08 1.662903e-03
17 3.844946e-03 6.147552e-03 5.314048e-08 4.321864e-03
18 1.009056e-03 1.607022e-03 5.305600e-08 1.087150e-03
19 1.913964e-03 3.097309e-03 5.302523e-08 2.165434e-03
20 7.320556e-04 1.051377e-03 5.300748e-08 7.765829e-04
21 6.492104e-04 9.598965e-04 5.299642e-08 6.910737e-04
22 4.208978e-04 5.157376e-04 5.298884e-08 4.438706e-04
1 9.260447e-03 2.250263e-02 2.166913e-06 1.060441e-02
2 2.723455e-03 5.415471e-03 6.602324e-07 2.779118e-03
3 9.489481e-03 2.539366e-02 4.280280e-07 1.141494e-02
4 2.391488e-03 4.472699e-03 2.157061e-07 2.575146e-03
5 2.953923e-03 9.910418e-03 1.384939e-07 4.099647e-03
6 2.618494e-03 4.711651e-03 9.650488e-08 2.950755e-03
7 6.755953e-03 2.071822e-02 8.058855e-08 8.944450e-03
8 2.888199e-03 4.651032e-03 6.485548e-08 3.116498e-03
9 8.107022e-03 1.596275e-02 6.032263e-08 9.357365e-03
10 3.335085e-03 5.567880e-03 5.527251e-08 3.711838e-03
11 6.440514e-03 1.160262e-02 5.319797e-08 7.313810e-03
12 2.368592e-03 3.597193e-03 5.093814e-08 2.581625e-03
13 9.090296e-03 1.508015e-02 5.027556e-08 1.019567e-02
14 2.897176e-03 4.726199e-03 4.950668e-08 3.244475e-03
15 5.501273e-03 9.355649e-03 4.918206e-08 6.171577e-03
16 1.790943e-03 2.916760e-03 4.874562e-08 1.995644e-03
17 5.706613e-03 9.127095e-03 4.870253e-08 6.355153e-03
18 1.179182e-03 1.743818e-03 4.841859e-08 1.266421e-03
19 3.853324e-03 6.254741e-03 4.835462e-08 4.329354e-03
20 8.809641e-04 1.281172e-03 4.828315e-08 9.524804e-04
21 1.669890e-03 2.666028e-03 4.825367e-08 1.901085e-03
22 7.717747e-04 1.014301e-03 4.823693e-08 8.163794e-04
23 6.886393e-04 9.169319e-04 4.822730e-08 7.304766e-04
24 4.635388e-04 5.287844e-04 4.822185e-08 4.839988e-04
1 9.187250e-03 2.505867e-02 2.260169e-06 1.161278e-02
2 2.857381e-03 5.409128e-03 6.657661e-07 2.907709e-03
3 7.584519e-03 2.220947e-02 4.128927e-07 9.416884e-03
4 2.135504e-03 4.353014e-03 2.173331e-07 2.417584e-03
5 2.406019e-03 9.358129e-03 1.390054e-07 3.435446e-03
6 3.239244e-03 6.153456e-03 9.695715e-08 3.705810e-03
7 4.106275e-03 1.843798e-02 8.042622e-08 6.737617e-03
8 2.694768e-03 4.154991e-03 6.440450e-08 2.920853e-03
9 6.638913e-03 1.498277e-02 5.990416e-08 7.766626e-03
10 3.477437e-03 5.672000e-03 5.506416e-08 3.861694e-03
11 5.178907e-03 9.643221e-03 5.283575e-08 5.905965e-03
12 2.862541e-03 4.397198e-03 5.098300e-08 3.125214e-03
13 6.688155e-03 1.130140e-02 5.096096e-08 7.576040e-03
14 2.116517e-03 3.054769e-03 4.940130e-08 2.251909e-03
15 6.743270e-03 1.062590e-02 4.913805e-08 7.551360e-03
16 3.144196e-03 4.941933e-03 4.887068e-08 3.456121e-03
17 3.169478e-03 5.085055e-03 4.870075e-08 3.519203e-03
18 2.315639e-03 3.667300e-03 4.857846e-08 2.562445e-03
19 2.690764e-03 4.280877e-03 4.848855e-08 2.955484e-03
20 1.596173e-03 2.576075e-03 4.842921e-08 1.782895e-03
21 1.612563e-03 2.430898e-03 4.837826e-08 1.791759e-03
22 1.168016e-03 1.923518e-03 4.833969e-08 1.318945e-03
23 9.783532e-04 1.459881e-03 4.830735e-08 1.078172e-03
24 8.240808e-04 1.182496e-03 4.828017e-08 8.871862e-04
25 7.223784e-04 9.787998e-04 4.825858e-08 7.593869e-04
26 5.595944e-04 6.408929e-04 4.824393e-08 5.783419e-04
1 9.360776e-03 2.419147e-02 2.249211e-06 1.249890e-02
2 2.563174e-03 5.402873e-03 6.696222e-07 2.600882e-03
3 8.052005e-03 2.167622e-02 4.067287e-07 9.713759e-03
4 1.451694e-03 4.292415e-03 2.181523e-07 1.815191e-03
5 3.451066e-03 8.716903e-03 1.385784e-07 3.959292e-03
6 2.293077e-03 4.564854e-03 9.684443e-08 2.751452e-03
7 3.955534e-03 1.683808e-02 8.218879e-08 6.029212e-03
8 2.778912e-03 3.794539e-03 6.258242e-08 2.977287e-03
9 6.485600e-03 1.580040e-02 5.845503e-08 7.752401e-03
10 2.927204e-03 4.764053e-03 5.409953e-08 3.233488e-03
11 4.749085e-03 9.238404e-03 5.246382e-08 5.438936e-03
12 2.364455e-03 3.450759e-03 5.071276e-08 2.589481e-03
13 5.558231e-03 8.962695e-03 5.054096e-08 6.208007e-03
14 2.309362e-03 3.318960e-03 4.952057e-08 2.468188e-03
15 4.762423e-03 7.245483e-03 4.936338e-08 5.339854e-03
16 2.233748e-03 3.110173e-03 4.904429e-08 2.367877e-03
17 3.266875e-03 4.957076e-03 4.892999e-08 3.619937e-03
18 1.883620e-03 2.690062e-03 4.883541e-08 2.011646e-03
19 2.018447e-03 2.964667e-03 4.876345e-08 2.196800e-03
20 1.417862e-03 1.908920e-03 4.870899e-08 1.530242e-03
21 1.497649e-03 1.935839e-03 4.866102e-08 1.578176e-03
22 1.235861e-03 1.553536e-03 4.862275e-08 1.299839e-03
23 9.283746e-04 1.174504e-03 4.859397e-08 9.842404e-04
24 7.208803e-04 9.493512e-04 4.857115e-08 7.604857e-04
25 6.791863e-04 8.854166e-04 4.855206e-08 7.136932e-04
1 1.098508e-02 2.231402e-02 2.179022e-06 1.312460e-02
2 1.692860e-03 5.400427e-03 6.700765e-07 1.754622e-03
3 1.238842e-02 2.712205e-02 4.083622e-07 1.388757e-02
4 1.689657e-03 3.801041e-03 2.165106e-07 1.945326e-03
5 4.913182e-03 8.165250e-03 1.401112e-07 5.183699e-03
6 1.874414e-03 4.333019e-03 9.673957e-08 2.260049e-03
7 4.172881e-03 1.627431e-02 8.460967e-08 5.891263e-03
8 2.687432e-03 2.989749e-03 6.176167e-08 2.828218e-03
9 5.094849e-03 1.537785e-02 6.104718e-08 6.407463e-03
10 2.290607e-03 2.892408e-03 5.256318e-08 2.447299e-03
11 6.245503e-03 1.207801e-02 5.147439e-08 7.134295e-03
12 2.461406e-03 3.519807e-03 5.033900e-08 2.711048e-03
13 4.606075e-03 7.525706e-03 4.999592e-08 5.133493e-03
14 2.070961e-03 3.576359e-03 4.956019e-08 2.304319e-03
15 3.174144e-03 4.746738e-03 4.940711e-08 3.506075e-03
16 1.734328e-03 2.613414e-03 4.927599e-08 1.903958e-03
17 1.996252e-03 3.069532e-03 4.918077e-08 2.187712e-03
18 1.529527e-03 2.589942e-03 4.910241e-08 1.689413e-03
19 1.534982e-03 2.331217e-03 4.903364e-08 1.648860e-03
20 1.246097e-03 1.765504e-03 4.897792e-08 1.347114e-03
21 1.211616e-03 1.695116e-03 4.892982e-08 1.277954e-03
22 1.176360e-03 1.585060e-03 4.888922e-08 1.224580e-03
23 8.432057e-04 1.134738e-03 4.886302e-08 8.885041e-04
24 7.782993e-04 8.807893e-04 4.883542e-08 8.059759e-04
25 7.885047e-04 8.760412e-04 4.880297e-08 8.154779e-04
1 1.295941e-02 2.234721e-02 2.177256e-06 1.451989e-02
2 1.804353e-03 5.400746e-03 6.676406e-07 1.855269e-03
3 1.192674e-02 2.101060e-02 3.989603e-07 1.296303e-02
4 1.065029e-03 4.211725e-03 2.161034e-07 1.403661e-03
5 5.246860e-03 8.101491e-03 1.367919e-07 5.552747e-03
6 1.284038e-03 4.530130e-03 9.558196e-08 1.636647e-03
7 4.090548e-03 1.547926e-02 7.832103e-08 5.535311e-03
8 1.331919e-03 3.583617e-03 6.333499e-08 1.556321e-03
9 3.822512e-03 1.348680e-02 6.247970e-08 4.953081e-03
10 1.921447e-03 2.338255e-03 5.291650e-08 2.037354e-03
11 5.692055e-03 1.383660e-02 5.163403e-08 6.720148e-03
12 2.477053e-03 4.082620e-03 5.042806e-08 2.744688e-03
13 3.667444e-03 6.994779e-03 4.995317e-08 4.155606e-03
14 2.078434e-03 3.301749e-03 4.950954e-08 2.286257e-03
15 3.384648e-03 5.595931e-03 4.932108e-08 3.763770e-03
16 1.717808e-03 2.693973e-03 4.915623e-08 1.920193e-03
17 2.286380e-03 3.624834e-03 4.906213e-08 2.541033e-03
18 1.595592e-03 2.297231e-03 4.898750e-08 1.737347e-03
19 1.544835e-03 2.310102e-03 4.892967e-08 1.694114e-03
20 1.244217e-03 1.790055e-03 4.888641e-08 1.341002e-03
21 1.106824e-03 1.474287e-03 4.885058e-08 1.169857e-03
22 8.835419e-04 1.271932e-03 4.882422e-08 9.393445e-04
23 8.133708e-04 1.001068e-03 4.879908e-08 8.423044e-04
24 7.786561e-04 9.554324e-04 4.877472e-08 8.042031e-04
1 1.598464e-02 2.727329e-02 2.307494e-06 1.790741e-02
2 2.692550e-03 5.401846e-03 6.642434e-07 2.714516e-03
3 9.137500e-03 2.317087e-02 4.190775e-07 1.056177e-02
4 1.043918e-03 4.379500e-03 2.150324e-07 1.429667e-03
5 7.126769e-03 9.394846e-03 1.389227e-07 7.608571e-03
6 1.212838e-03 4.351398e-03 9.503120e-08 1.506155e-03
7 4.287737e-03 1.649588e-02 9.085708e-08 5.782192e-03
8 1.984152e-03 2.562330e-03 6.021226e-08 2.093277e-03
9 4.791706e-03 1.857179e-02 5.680142e-08 6.779139e-03
10 2.087857e-03 3.680353e-03 5.275050e-08 2.313369e-03
11 4.555486e-03 1.172481e-02 5.239787e-08 5.501660e-03
12 1.698778e-03 2.650730e-03 5.000182e-08 1.859534e-03
13 5.174421e-03 1.011472e-02 4.965032e-08 5.884975e-03
14 2.519567e-03 4.344577e-03 4.933380e-08 2.814688e-03
15 2.485268e-03 4.836424e-03 4.914345e-08 2.846940e-03
16 1.769494e-03 3.597562e-03 4.901367e-08 2.064538e-03
17 1.794827e-03 3.458132e-03 4.894319e-08 2.058603e-03
18 1.234520e-03 2.373987e-03 4.889769e-08 1.420983e-03
19 1.032281e-03 2.154567e-03 4.886588e-08 1.222930e-03
20 7.643185e-04 1.576985e-03 4.884489e-08 8.979732e-04
21 6.160431e-04 1.182481e-03 4.883155e-08 6.976196e-04
22 4.910396e-04 8.471260e-04 4.882253e-08 5.322252e-04
1 1.828965e-02 3.253554e-02 2.408669e-06 2.056680e-02
2 3.449118e-03 5.404850e-03 6.603101e-07 3.466596e-03
3 9.733617e-03 2.740717e-02 4.487340e-07 1.190933e-02
4 2.011275e-03 4.552250e-03 2.134307e-07 2.173021e-03
5 7.418221e-03 1.066749e-02 1.405413e-07 7.827107e-03
6 1.237436e-03 4.211788e-03 9.478677e-08 1.546800e-03
7 4.426045e-03 1.841522e-02 7.997473e-08 6.388359e-03
8 1.579524e-03 4.563203e-03 6.526187e-08 1.940548e-03
9 3.035018e-03 1.435708e-02 6.176924e-08 4.967111e-03
10 1.691243e-03 2.780977e-03 5.408047e-08 1.866704e-03
11 5.780936e-03 1.690354e-02 5.267908e-08 7.372129e-03
12 2.239592e-03 4.191026e-03 5.101448e-08 2.529213e-03
13 4.189814e-03 1.004569e-02 5.059227e-08 5.018037e-03
14 1.577503e-03 2.946809e-03 4.969702e-08 1.767353e-03
15 4.093113e-03 8.941626e-03 4.964063e-08 4.811301e-03
16 1.172836e-03 2.282268e-03 4.924741e-08 1.320731e-03
17 2.398179e-03 5.082101e-03 4.916545e-08 2.789247e-03
18 9.452491e-04 1.988425e-03 4.910207e-08 1.100018e-03
19 1.114506e-03 2.437512e-03 4.906834e-08 1.301062e-03
20 6.997522e-04 1.425864e-03 4.904685e-08 8.117785e-04
21 5.917136e-04 1.175815e-03 4.903154e-08 6.674335e-04
22 5.146063e-04 9.034753e-04 4.901972e-08 5.524045e-04
1 1.784074e-02 3.351225e-02 2.411799e-06 2.017818e-02
2 3.645063e-03 5.407902e-03 6.569010e-07 3.665610e-03
3 1.145033e-02 3.049954e-02 4.739710e-07 1.359409e-02
4 3.251024e-03 4.717330e-03 2.125386e-07 3.343633e-03
5 6.769635e-03 1.140279e-02 1.413329e-07 7.103828e-03
6 1.063141e-03 4.137687e-03 9.491853e-08 1.434031e-03
7 4.800152e-03 1.968034e-02 8.051478e-08 6.978214e-03
8 1.516766e-03 4.478598e-03 6.577396e-08 1.915810e-03
9 3.399213e-03 1.588179e-02 6.356420e-08 5.740121e-03
10 1.699208e-03 2.825495e-03 5.455594e-08 1.896337e-03
11 6.341027e-03 1.838363e-02 5.319563e-08 8.213578e-03
12 2.150259e-03 4.098634e-03 5.143358e-08 2.452394e-03
13 4.379953e-03 1.108216e-02 5.115724e-08 5.419715e-03
14 1.458571e-03 2.701942e-03 5.006295e-08 1.651162e-03
15 4.130228e-03 9.426739e-03 5.003850e-08 4.974572e-03
16 1.049337e-03 2.183528e-03 4.959561e-08 1.234645e-03
17 2.373652e-03 5.269305e-03 4.951073e-08 2.817651e-03
18 9.266504e-04 1.855197e-03 4.944642e-08 1.070653e-03
19 1.102864e-03 2.375150e-03 4.941303e-08 1.281326e-03
20 7.131588e-04 1.383432e-03 4.939124e-08 8.042197e-04
21 6.034604e-04 1.134904e-03 4.937573e-08 6.689080e-04
22 5.191863e-04 8.495187e-04 4.936435e-08 5.558729e-04
1 1.633288e-02 3.271666e-02 2.381885e-06 1.881915e-02
2 3.716877e-03 5.409735e-03 6.544888e-07 3.739375e-03
3 1.320924e-02 3.232220e-02 4.914668e-07 1.506574e-02
4 4.234271e-03 4.840487e-03 2.120889e-07 4.423705e-03
5 6.130449e-03 1.138467e-02 1.414717e-07 6.557029e-03
6 1.174509e-03 4.152471e-03 9.513090e-08 1.601938e-03
7 5.228473e-03 2.091516e-02 8.106017e-08 7.581871e-03
8 1.539485e-03 4.386557e-03 6.622242e-08 1.943856e-03
9 3.633397e-03 1.677838e-02 6.493493e-08 6.243979e-03
10 1.724143e-03 2.793002e-03 5.498028e-08 1.924013e-03
11 6.316089e-03 1.901942e-02 5.363733e-08 8.525772e-03
12 2.092433e-03 4.056732e-03 5.182151e-08 2.415147e-03
13 4.391744e-03 1.155909e-02 5.159912e-08 5.594762e-03
14 1.453975e-03 2.635605e-03 5.041162e-08 1.640493e-03
15 4.160775e-03 9.685857e-03 5.040126e-08 5.086218e-03
16 1.067304e-03 1.935364e-03 4.993545e-08 1.203557e-03
17 2.360288e-03 5.046521e-03 4.985085e-08 2.767852e-03
18 9.742010e-04 1.792522e-03 4.978818e-08 1.088529e-03
19 1.087818e-03 2.310565e-03 4.975292e-08 1.257425e-03
20 7.698737e-04 1.432717e-03 4.972901e-08 8.482148e-04
21 6.676070e-04 1.190693e-03 4.971202e-08 7.232593e-04
22 5.710068e-04 8.827807e-04 4.969984e-08 6.030010e-04
1 1.808041e-03 2.635621e-03 4.984438e-08 1.971214e-03
2 9.719721e-04 1.560170e-03 4.982137e-08 1.027356e-03
3 7.841043e-04 1.266302e-03 4.980408e-08 8.308078e-04
4 6.470543e-04 9.674569e-04 4.979125e-08 6.803324e-04
5 5.623767e-04 7.685408e-04 4.978161e-08 5.866591e-04
1 6.148551e-04 8.892284e-04 4.968882e-08 7.040100e-04
2 3.146802e-04 5.806923e-04 4.968566e-08 3.487700e-04
3 2.234449e-04 4.374398e-04 4.968329e-08 2.482650e-04
1 1.008454e-04 2.205103e-04 4.969136e-08 1.183695e-04
2 7.678278e-05 1.466407e-04 4.969042e-08 8.440275e-05
3 8.465479e-05 1.789115e-04 4.968959e-08 9.259053e-05
1 3.445320e-04 5.229841e-04 4.968803e-08 3.896929e-04
2 1.792987e-04 2.615844e-04 4.968735e-08 2.028358e-04
3 1.188999e-04 1.698260e-04 4.968671e-08 1.312720e-04
1 4.430216e-04 5.502240e-04 4.968682e-08 4.838514e-04
2 2.367356e-04 2.947315e-04 4.968620e-08 2.593208e-04
3 1.483625e-04 1.831915e-04 4.968564e-08 1.626775e-04
1 4.037954e-04 4.561468e-04 4.968652e-08 4.353772e-04
2 2.210826e-04 2.501644e-04 4.968601e-08 2.394113e-04
3 1.429463e-04 1.698840e-04 4.968554e-08 1.553160e-04
1 3.014097e-04 3.249733e-04 4.968662e-08 3.229644e-04
2 1.703420e-04 2.000333e-04 4.968626e-08 1.839530e-04
3 1.160078e-04 1.458325e-04 4.968589e-08 1.254062e-04
1 1.930992e-04 2.191825e-04 4.968701e-08 2.064571e-04
2 1.150890e-04 1.514640e-04 4.968677e-08 1.242123e-04
3 8.445457e-05 1.134404e-04 4.968650e-08 9.066889e-05
1 1.104758e-04 1.369090e-04 4.968758e-08 1.192731e-04
2 7.269043e-05 1.085156e-04 4.968743e-08 7.840526e-05
3 5.979096e-05 8.407968e-05 4.968723e-08 6.364808e-05
1 6.302388e-05 8.822466e-05 4.968821e-08 7.068342e-05
2 4.734210e-05 7.786660e-05 4.968811e-08 5.093415e-05
3 4.297613e-05 6.219340e-05 4.968796e-08 4.549432e-05
1 4.083843e-05 6.296164e-05 4.968882e-08 4.738229e-05
2 3.358945e-05 5.896996e-05 4.968875e-08 3.622866e-05
3 3.257182e-05 5.225456e-05 4.968865e-08 3.468587e-05
1 2.979115e-05 5.176598e-05 4.968939e-08 3.406186e-05
2 2.582737e-05 4.866394e-05 4.968935e-08 2.819545e-05
3 2.673538e-05 4.510046e-05 4.968927e-08 2.881497e-05
1 2.687462e-05 4.788671e-05 4.968992e-08 2.980504e-05
2 2.206250e-05 4.300482e-05 4.968989e-08 2.463969e-05
3 2.343440e-05 3.900667e-05 4.968983e-08 2.556250e-05
1 3.132509e-05 5.349207e-05 4.969039e-08 3.616327e-05
2 2.137136e-05 4.007164e-05 4.969036e-08 2.442309e-05
3 2.145779e-05 3.458266e-05 4.969032e-08 2.372167e-05
1 5.640603e-03 9.718468e-03 4.838662e-08 6.477881e-03
2 3.138721e-03 6.847793e-03 4.705983e-08 3.754075e-03
3 2.259378e-03 5.478015e-03 4.632740e-08 2.710269e-03
4 1.877745e-03 4.276806e-03 4.520930e-08 2.250088e-03
5 1.477171e-03 7.141151e-03 4.516165e-08 1.903825e-03
6 1.128231e-03 2.798031e-03 4.368984e-08 1.439419e-03
7 1.112957e-03 8.839385e-03 4.324750e-08 1.675029e-03
8 9.434486e-04 4.261573e-03 4.265116e-08 1.261366e-03
9 8.808338e-04 5.652488e-03 4.221515e-08 1.254326e-03
10 7.646539e-04 3.649137e-03 4.165369e-08 1.030644e-03
11 8.208316e-04 6.535329e-03 4.145451e-08 1.315103e-03
12 6.519022e-04 2.940563e-03 4.075578e-08 8.843020e-04
13 8.504244e-04 7.814812e-03 4.048055e-08 1.599180e-03
14 6.860042e-04 4.124318e-03 4.009220e-08 1.089531e-03
15 6.806109e-04 4.891339e-03 3.977592e-08 1.183768e-03
16 6.242654e-04 3.485897e-03 3.941378e-08 1.049766e-03
17 7.136685e-04 5.349547e-03 3.919426e-08 1.398285e-03
18 5.869918e-04 3.128695e-03 3.879446e-08 1.027805e-03
19 8.073449e-04 6.523017e-03 3.860341e-08 1.741127e-03
20 6.877718e-04 4.541811e-03 3.832676e-08 1.349339e-03
21 6.715661e-04 4.846362e-03 3.807707e-08 1.343275e-03
22 6.822264e-04 4.702740e-03 3.782573e-08 1.359537e-03
23 7.231943e-04 5.551966e-03 3.760630e-08 1.491202e-03
24 6.841033e-04 4.708137e-03 3.737174e-08 1.361306e-03
25 7.889192e-04 6.472162e-03 3.719652e-08 1.671822e-03
26 6.773083e-04 4.484230e-03 3.695621e-08 1.331511e-03
27 8.837519e-04 7.863923e-03 3.689348e-08 1.935806e-03
28 6.658893e-04 4.110599e-03 3.656317e-08 1.282424e-03
29 1.009497e-03 9.656293e-03 3.644885e-08 2.283253e-03
30 7.882189e-04 5.542149e-03 3.627335e-08 1.597399e-03
31 8.229066e-04 6.848108e-03 3.613636e-08 1.733379e-03
32 7.471961e-04 5.040775e-03 3.596842e-08 1.488406e-03
33 8.921664e-04 7.925486e-03 3.588497e-08 1.929077e-03
34 7.130761e-04 4.470581e-03 3.569068e-08 1.385926e-03
35 9.775935e-04 9.287232e-03 3.561076e-08 2.174638e-03
36 8.146715e-04 5.875674e-03 3.549027e-08 1.655002e-03
37 8.008598e-04 6.405414e-03 3.538578e-08 1.651530e-03
38 7.638939e-04 5.389187e-03 3.528045e-08 1.531059e-03
39 8.198429e-04 6.844366e-03 3.519500e-08 1.715671e-03
40 7.195573e-04 4.835390e-03 3.509923e-08 1.414106e-03
41 8.438569e-04 7.474691e-03 3.503955e-08 1.800765e-03
42 6.746014e-04 4.219078e-03 3.494213e-08 1.294138e-03
43 8.721576e-04 8.144482e-03 3.491645e-08 1.896218e-03
44 6.358972e-04 3.688110e-03 3.480607e-08 1.190390e-03
45 8.800775e-04 8.342582e-03 3.479867e-08 1.922489e-03
46 6.061598e-04 3.335742e-03 3.469255e-08 1.112922e-03
47 8.491685e-04 7.884994e-03 3.468004e-08 1.833855e-03
48 5.797814e-04 3.125373e-03 3.460284e-08 1.052563e-03
49 7.850927e-04 7.027695e-03 3.458346e-08 1.662466e-03
50 5.502830e-04 2.983703e-03 3.453501e-08 9.958039e-04
51 7.019907e-04 6.031298e-03 3.451485e-08 1.454980e-03
52 5.139192e-04 2.857638e-03 3.448544e-08 9.328968e-04
53 6.115459e-04 5.036487e-03 3.446839e-08 1.241726e-03
54 4.704024e-04 2.719218e-03 3.445029e-08 8.601414e-04
55 5.212363e-04 4.103851e-03 3.443748e-08 1.037959e-03
56 4.216010e-04 2.552741e-03 3.442609e-08 7.783431e-04
57 4.358438e-04 3.264909e-03 3.441721e-08 8.516715e-04
58 3.694661e-04 2.338178e-03 3.440994e-08 6.884159e-04
1 1.241115e-02 2.368445e-02 3.440873e-08 1.390931e-02
2 2.809772e-03 6.017025e-03 3.369078e-08 3.556063e-03
3 6.125064e-03 1.837594e-02 3.357883e-08 7.173296e-03
4 3.243289e-03 6.132659e-03 3.318951e-08 3.795339e-03
5 3.220982e-03 1.540095e-02 3.305642e-08 4.424520e-03
6 2.869890e-03 7.364852e-03 3.281070e-08 3.495260e-03
7 2.322082e-03 1.159114e-02 3.270693e-08 3.349891e-03
8 2.042674e-03 6.334753e-03 3.243363e-08 2.716550e-03
9 2.099422e-03 1.448648e-02 3.234588e-08 3.590402e-03
10 1.776049e-03 7.658728e-03 3.219386e-08 2.702135e-03
11 1.629938e-03 1.025506e-02 3.210851e-08 2.741577e-03
12 1.396567e-03 6.220224e-03 3.196018e-08 2.239114e-03
13 1.604256e-03 1.205716e-02 3.190254e-08 2.941383e-03
14 1.373395e-03 7.204171e-03 3.181414e-08 2.302093e-03
15 1.259103e-03 8.030041e-03 3.174832e-08 2.181132e-03
16 1.139240e-03 5.791476e-03 3.167897e-08 1.898030e-03
17 1.216661e-03 8.602455e-03 3.164651e-08 2.178203e-03
18 9.284313e-04 4.273231e-03 3.158008e-08 1.500336e-03
19 1.229366e-03 9.614336e-03 3.155571e-08 2.283914e-03
20 9.591225e-04 5.261633e-03 3.152256e-08 1.604519e-03
21 8.897843e-04 5.656907e-03 3.149826e-08 1.524090e-03
22 7.647916e-04 4.042372e-03 3.147626e-08 1.257114e-03
23 8.073674e-04 5.487770e-03 3.146257e-08 1.413131e-03
24 5.936778e-04 2.882980e-03 3.144790e-08 9.477004e-04
25 7.188887e-04 5.168731e-03 3.144173e-08 1.283493e-03
26 4.488045e-04 1.898655e-03 3.143218e-08 6.916338e-04
27 5.736619e-04 4.044552e-03 3.142908e-08 1.020329e-03
28 3.302060e-04 1.222025e-03 3.142518e-08 5.002371e-04
29 3.588066e-04 2.121236e-03 3.142371e-08 6.107910e-04
30 2.258325e-04 7.720305e-04 3.142280e-08 3.471773e-04
1 1.452684e-02 5.787426e-02 3.216076e-08 1.936221e-02
2 5.778641e-03 9.624623e-03 3.162275e-08 6.536065e-03
3 4.244926e-03 2.178045e-02 3.151220e-08 6.807566e-03
4 3.498071e-03 6.430406e-03 3.107148e-08 4.320639e-03
5 4.492325e-03 1.767017e-02 3.095576e-08 6.319613e-03
6 3.645526e-03 6.883580e-03 3.067636e-08 4.613161e-03
7 3.188049e-03 1.281506e-02 3.056283e-08 4.615794e-03
8 3.084606e-03 7.388137e-03 3.037478e-08 4.159059e-03
9 2.711527e-03 9.389833e-03 3.025149e-08 3.829712e-03
10 2.610936e-03 6.411591e-03 3.009418e-08 3.612509e-03
11 2.502158e-03 1.033952e-02 3.007386e-08 3.706902e-03
12 2.185467e-03 4.943245e-03 2.989732e-08 2.990115e-03
13 2.420456e-03 1.112494e-02 2.985977e-08 3.718929e-03
14 1.973815e-03 4.860094e-03 2.979497e-08 2.713831e-03
15 1.912471e-03 6.988241e-03 2.976243e-08 2.769543e-03
16 1.492991e-03 3.172987e-03 2.971326e-08 2.007654e-03
17 1.744962e-03 7.006236e-03 2.970830e-08 2.597966e-03
18 1.061725e-03 2.087931e-03 2.966520e-08 1.382182e-03
19 1.434830e-03 5.393816e-03 2.965956e-08 2.128500e-03
20 7.281855e-04 1.482073e-03 2.964044e-08 9.281323e-04
21 8.356906e-04 2.481806e-03 2.963294e-08 1.152637e-03
22 5.291844e-04 1.246035e-03 2.962680e-08 6.705161e-04
23 4.541652e-04 1.155721e-03 2.962162e-08 5.715743e-04
24 3.735647e-04 7.594347e-04 2.961676e-08 4.541836e-04
1 2.231816e-02 8.686301e-02 3.114696e-08 3.375123e-02
2 6.889778e-03 1.184147e-02 3.098142e-08 8.550058e-03
3 3.029994e-03 1.245270e-02 3.070972e-08 4.565873e-03
4 6.363218e-03 1.168396e-02 3.032480e-08 8.142687e-03
5 3.087690e-03 1.583004e-02 2.994439e-08 5.032476e-03
6 2.228447e-03 5.028508e-03 2.955543e-08 2.856696e-03
7 5.584566e-03 1.826351e-02 2.944991e-08 7.649232e-03
8 3.049533e-03 6.857097e-03 2.926368e-08 3.919509e-03
9 3.200455e-03 1.174209e-02 2.924635e-08 4.453481e-03
10 2.448732e-03 5.257272e-03 2.901521e-08 3.101123e-03
11 3.225251e-03 1.371891e-02 2.897464e-08 4.712562e-03
12 2.306942e-03 5.511228e-03 2.888849e-08 2.967568e-03
13 2.263286e-03 9.024351e-03 2.887136e-08 3.181884e-03
14 1.685165e-03 3.870396e-03 2.879136e-08 2.144644e-03
15 2.011742e-03 8.751724e-03 2.877406e-08 2.917583e-03
16 1.439832e-03 4.040837e-03 2.874808e-08 1.887380e-03
17 1.268152e-03 4.792957e-03 2.873010e-08 1.747879e-03
18 9.161052e-04 2.525878e-03 2.871386e-08 1.191198e-03
19 9.100963e-04 3.626250e-03 2.870301e-08 1.267939e-03
20 5.403649e-04 1.394961e-03 2.869389e-08 6.900065e-04
21 5.020307e-04 1.728916e-03 2.868746e-08 6.730136e-04
22 3.125639e-04 7.809942e-04 2.868245e-08 3.880704e-04
1 2.931362e-02 1.032251e-01 3.029038e-08 3.990173e-02
2 7.340707e-03 1.444858e-02 3.021409e-08 8.615402e-03
3 2.837280e-03 1.387077e-02 2.986094e-08 4.160841e-03
4 7.229484e-03 1.478413e-02 2.948848e-08 8.710902e-03
5 2.665536e-03 7.089511e-03 2.921165e-08 3.370815e-03
6 5.057484e-03 1.855352e-02 2.910671e-08 6.567707e-03
7 3.382640e-03 9.072268e-03 2.894288e-08 4.233299e-03
8 2.758207e-03 1.123422e-02 2.886216e-08 3.677498e-03
9 2.947381e-03 7.571044e-03 2.871086e-08 3.661523e-03
10 2.349585e-03 1.194109e-02 2.866054e-08 3.368882e-03
11 2.238141e-03 6.852122e-03 2.858197e-08 2.856712e-03
12 2.105727e-03 8.678752e-03 2.853210e-08 2.807160e-03
13 1.701818e-03 5.055501e-03 2.846885e-08 2.152763e-03
14 1.859240e-03 9.098434e-03 2.845894e-08 2.610148e-03
15 1.129858e-03 3.117345e-03 2.839219e-08 1.401311e-03
16 1.771483e-03 9.365448e-03 2.837718e-08 2.570532e-03
17 9.865429e-04 3.355503e-03 2.835365e-08 1.268852e-03
18 9.894596e-04 4.695419e-03 2.833618e-08 1.376940e-03
19 5.816925e-04 1.820546e-03 2.831783e-08 7.156306e-04
20 7.410202e-04 3.336312e-03 2.830303e-08 1.011585e-03
21 3.651722e-04 8.167208e-04 2.828886e-08 4.123613e-04
22 3.629967e-04 9.014953e-04 2.827667e-08 4.185948e-04
23 2.546168e-04 4.287145e-04 2.826575e-08 2.787074e-04
1 3.145732e-02 1.177519e-01 2.966310e-08 4.082140e-02
2 6.892254e-03 1.344582e-02 2.950564e-08 7.642520e-03
3 3.505254e-03 1.796785e-02 2.925751e-08 4.951454e-03
4 3.018218e-03 8.459252e-03 2.902185e-08 3.675858e-03
5 4.790515e-03 1.724294e-02 2.900707e-08 5.880168e-03
6 2.159161e-03 5.720758e-03 2.872051e-08 2.609199e-03
7 4.838662e-03 2.185546e-02 2.868489e-08 6.429898e-03
8 2.626738e-03 6.684848e-03 2.855780e-08 3.126527e-03
9 3.015329e-03 1.538172e-02 2.852257e-08 4.191416e-03
10 2.063672e-03 5.851791e-03 2.845263e-08 2.500673e-03
11 2.273621e-03 1.092745e-02 2.844937e-08 3.076039e-03
12 1.266329e-03 3.239723e-03 2.835919e-08 1.492548e-03
13 2.251783e-03 1.131690e-02 2.834099e-08 3.168467e-03
14 1.050357e-03 3.000158e-03 2.830635e-08 1.245897e-03
15 1.242210e-03 5.638293e-03 2.828211e-08 1.649212e-03
16 6.308845e-04 1.480268e-03 2.825619e-08 7.151899e-04
17 6.182707e-04 2.103495e-03 2.823627e-08 7.362178e-04
18 4.283992e-04 8.600169e-04 2.821737e-08 4.758894e-04
1 1.427794e-02 5.212727e-02 2.912648e-08 1.839772e-02
2 4.460940e-03 8.558082e-03 2.892104e-08 4.905646e-03
3 4.380749e-03 2.139237e-02 2.885801e-08 5.956972e-03
4 2.854049e-03 6.825690e-03 2.870671e-08 3.293543e-03
5 3.722685e-03 1.690219e-02 2.865926e-08 4.855363e-03
6 2.625343e-03 6.720399e-03 2.857113e-08 3.052341e-03
7 2.615111e-03 1.184188e-02 2.855619e-08 3.406067e-03
8 1.674129e-03 3.970148e-03 2.845720e-08 1.940817e-03
9 2.138459e-03 9.614495e-03 2.843448e-08 2.824066e-03
10 1.118562e-03 2.582398e-03 2.837599e-08 1.284902e-03
11 1.312903e-03 5.055290e-03 2.834323e-08 1.645213e-03
12 8.315221e-04 2.058463e-03 2.831353e-08 9.534689e-04
13 7.465806e-04 2.311812e-03 2.828790e-08 8.738504e-04
14 5.597366e-04 1.313232e-03 2.826452e-08 6.296261e-04
1 6.016963e-03 2.135932e-02 2.874666e-08 7.488051e-03
2 2.560508e-03 5.395084e-03 2.865378e-08 2.857217e-03
3 2.808789e-03 1.170954e-02 2.862475e-08 3.582727e-03
4 1.628420e-03 3.512666e-03 2.853840e-08 1.837806e-03
5 1.933237e-03 7.321335e-03 2.849725e-08 2.408567e-03
6 1.184455e-03 2.735313e-03 2.845742e-08 1.351480e-03
7 1.162828e-03 3.892064e-03 2.842353e-08 1.397590e-03
8 8.255694e-04 2.032494e-03 2.839037e-08 9.442590e-04
9 7.045235e-04 1.833343e-03 2.835623e-08 8.015840e-04
10 5.933309e-04 1.223358e-03 2.831976e-08 6.567691e-04
1 1.596505e-03 4.625446e-03 2.840476e-08 1.936269e-03
2 9.891833e-04 2.259862e-03 2.836225e-08 1.112736e-03
3 8.913908e-04 2.268090e-03 2.832320e-08 1.005879e-03
4 7.125518e-04 1.419426e-03 2.828701e-08 7.873179e-04
5 6.029927e-04 1.013884e-03 2.825246e-08 6.601884e-04
6 5.374874e-04 8.487462e-04 2.821908e-08 5.868066e-04
1 2.064471e-03 8.934863e-03 2.812162e-08 2.618223e-03
2 5.253887e-04 1.444535e-03 2.807670e-08 6.217369e-04
3 7.204972e-04 3.934830e-03 2.804818e-08 1.039616e-03
4 3.707332e-04 1.108052e-03 2.802231e-08 4.378711e-04
5 3.938137e-04 1.685443e-03 2.800025e-08 4.917700e-04
6 3.230112e-04 6.461460e-04 2.798121e-08 3.510297e-04
1 4.249081e-03 1.748832e-02 2.785926e-08 5.364738e-03
2 1.864661e-03 4.814217e-03 2.781717e-08 2.138361e-03
3 1.667380e-03 8.096030e-03 2.779887e-08 2.226090e-03
4 9.078182e-04 2.682857e-03 2.777059e-08 1.108319e-03
5 1.090832e-03 5.887261e-03 2.775917e-08 1.534477e-03
6 4.633141e-04 1.563235e-03 2.774522e-08 6.006030e-04
7 5.513906e-04 3.118763e-03 2.773725e-08 8.046677e-04
8 2.885736e-04 9.318662e-04 2.773077e-08 3.445672e-04
1 6.105933e-03 2.464122e-02 2.771774e-08 7.715973e-03
2 2.031690e-03 4.556584e-03 2.765279e-08 2.279490e-03
3 2.636657e-03 1.244304e-02 2.763694e-08 3.507780e-03
4 1.639379e-03 4.918907e-03 2.761653e-08 1.976244e-03
5 1.342273e-03 6.244795e-03 2.760658e-08 1.767297e-03
6 8.488882e-04 2.731401e-03 2.759717e-08 1.054611e-03
7 8.282767e-04 4.484736e-03 2.759347e-08 1.159776e-03
8 3.674383e-04 1.327004e-03 2.758981e-08 4.762966e-04
9 3.719789e-04 2.142928e-03 2.758812e-08 5.387466e-04
10 1.835894e-04 6.040945e-04 2.758694e-08 2.155820e-04
1 8.157728e-03 3.189520e-02 2.767719e-08 1.030393e-02
2 3.690858e-03 9.304886e-03 2.763707e-08 4.263965e-03
3 1.476796e-03 6.808469e-03 2.760549e-08 1.934372e-03
4 2.114864e-03 5.884611e-03 2.758697e-08 2.530013e-03
5 1.041114e-03 5.783409e-03 2.757964e-08 1.461980e-03
6 9.008578e-04 2.879854e-03 2.757106e-08 1.124281e-03
7 7.253862e-04 4.385832e-03 2.756936e-08 1.063800e-03
8 3.079663e-04 1.158989e-03 2.756654e-08 4.031073e-04
9 3.393111e-04 2.061741e-03 2.756589e-08 5.037563e-04
10 1.152973e-04 3.771463e-04 2.756549e-08 1.339809e-04
1 9.691189e-03 3.683335e-02 2.769992e-08 1.221397e-02
2 3.253883e-03 7.741452e-03 2.766351e-08 3.732180e-03
3 1.781949e-03 8.726822e-03 2.765081e-08 2.417976e-03
4 1.637236e-03 4.054061e-03 2.762659e-08 1.918670e-03
5 1.263501e-03 7.189537e-03 2.762245e-08 1.828262e-03
6 7.342551e-04 2.946255e-03 2.761883e-08 9.621400e-04
7 5.564536e-04 2.891004e-03 2.761742e-08 7.791390e-04
8 2.302591e-04 1.200558e-03 2.761673e-08 3.235069e-04
1 6.737203e-03 2.438842e-02 2.774945e-08 8.488427e-03
2 1.210968e-03 2.731484e-03 2.770417e-08 1.385293e-03
3 2.672354e-03 1.163491e-02 2.769820e-08 3.539420e-03
4 1.008516e-03 2.827633e-03 2.769175e-08 1.207187e-03
5 9.303782e-04 4.519243e-03 2.769052e-08 1.274804e-03
6 2.656343e-04 8.345023e-04 2.768877e-08 3.279713e-04
7 2.370920e-04 1.241375e-03 2.768857e-08 3.347005e-04
8 6.768271e-05 2.290033e-04 2.768849e-08 8.476644e-05
1 3.536588e-03 1.353287e-02 2.776293e-08 4.561876e-03
2 1.236596e-03 3.095381e-03 2.775402e-08 1.457553e-03
3 1.106836e-03 4.911153e-03 2.775198e-08 1.473708e-03
4 3.901252e-04 1.072604e-03 2.774991e-08 4.699162e-04
5 3.168742e-04 1.447384e-03 2.774963e-08 4.275647e-04
6 1.078976e-04 3.677078e-04 2.774955e-08 1.364343e-04
1 1.065336e-03 3.399239e-03 2.777795e-08 1.473076e-03
2 2.288718e-04 6.018065e-04 2.777727e-08 2.643422e-04
3 1.501596e-04 5.899925e-04 2.777720e-08 1.884451e-04
4 5.965629e-05 1.861273e-04 2.777717e-08 7.232362e-05
1 1.435808e-03 5.104705e-03 2.777180e-08 1.851331e-03
2 3.101249e-04 8.321127e-04 2.776991e-08 3.670196e-04
3 2.548896e-04 1.128341e-03 2.776977e-08 3.337526e-04
4 8.853417e-05 3.286205e-04 2.776974e-08 1.112518e-04
1 2.920071e-03 1.099968e-02 2.775074e-08 3.703099e-03
2 1.290055e-03 3.422129e-03 2.774448e-08 1.517478e-03
3 8.440217e-04 3.674389e-03 2.774244e-08 1.104985e-03
4 4.113863e-04 1.386639e-03 2.774157e-08 5.117226e-04
5 2.597320e-04 1.303316e-03 2.774139e-08 3.550775e-04
6 9.047259e-05 3.836465e-04 2.774135e-08 1.183685e-04
1 4.086759e-03 1.534175e-02 2.772359e-08 5.154054e-03
2 1.430820e-03 3.400170e-03 2.771123e-08 1.640096e-03
3 1.272689e-03 5.634262e-03 2.770882e-08 1.678850e-03
4 4.766398e-04 1.325434e-03 2.770579e-08 5.699964e-04
5 4.036502e-04 2.008059e-03 2.770545e-08 5.541927e-04
6 1.027146e-04 3.846145e-04 2.770536e-08 1.303294e-04
1 4.796361e-03 1.792547e-02 2.769493e-08 6.021866e-03
2 1.353781e-03 3.031771e-03 2.767840e-08 1.526678e-03
3 1.504199e-03 6.659839e-03 2.767766e-08 1.984257e-03
4 3.950413e-04 9.985125e-04 2.767264e-08 4.610121e-04
5 3.839945e-04 1.850932e-03 2.767238e-08 5.229924e-04
6 5.999345e-05 1.819141e-04 2.767232e-08 7.007627e-05
1 4.973907e-03 1.849669e-02 2.766628e-08 6.219593e-03
2 1.126123e-03 2.472504e-03 2.765075e-08 1.257026e-03
3 1.456718e-03 6.414563e-03 2.764858e-08 1.914909e-03
4 7.020715e-04 2.439957e-03 2.764719e-08 8.685841e-04
5 3.177685e-04 1.537941e-03 2.764684e-08 4.245700e-04
6 1.147530e-04 5.141375e-04 2.764677e-08 1.486399e-04
1 3.590395e-03 1.324498e-02 2.763672e-08 4.468342e-03
2 1.054373e-03 2.603092e-03 2.763074e-08 1.198965e-03
3 9.224206e-04 4.164064e-03 2.762966e-08 1.216824e-03
4 2.162630e-04 6.116187e-04 2.762877e-08 2.515714e-04
5 1.442467e-04 6.666007e-04 2.762870e-08 1.881362e-04
6 4.039462e-05 8.990124e-05 2.762867e-08 4.326339e-05
1 1.959743e-03 7.188579e-03 2.762016e-08 2.421074e-03
2 2.274393e-04 4.527367e-04 2.761560e-08 2.463150e-04
3 2.058478e-04 7.297031e-04 2.761550e-08 2.484114e-04
4 6.432660e-05 1.440874e-04 2.761546e-08 6.899279e-05
1 5.555466e-04 1.575994e-03 2.760592e-08 6.566950e-04
2 1.181305e-04 2.732308e-04 2.760585e-08 1.278668e-04
3 5.389175e-05 1.003000e-04 2.760583e-08 5.627773e-05
