13 89
10 59
7 114
8 88
8 64
8 67
7 114
8 70
9 112
10 149
8 117
8 101
9 170
10 151
9 120
9 165
9 160
8 142
9 127
9 161
10 144
9 125
8 126
7 156
10 141
9 123
9 157
9 142
8 116
8 122
9 147
9 110
9 124
9 152
8 146
8 116
9 127
9 146
10 119
9 131
7 155
9 156
10 117
9 141
10 145
9 116
7 123
7 152
10 148
9 118
9 162
10 149
8 119
7 125
9 160
10 142
9 128
9 156
9 140
8 138
9 127
9 156
9 139
9 125
7 147
7 153
9 137
9 131
9 147
9 134
7 128
8 137
9 143
9 125
9 143
10 142
8 141
7 130
9 144
10 148
9 131
9 158
8 148
8 152
9 134
9 150
9 150
9 139
8 143
7 155
9 147
9 141
9 150
9 145
8 137
7 136
9 144
9 134
9 144
9 143
8 144
7 137
9 148
9 145
9 142
9 149
8 157
8 157
9 141
9 150
9 147
9 144
7 164
8 145
9 138
9 155
9 154
9 147
7 156
8 153
9 151
9 151
9 154
9 151
7 151
8 160
9 162
9 159
9 160
9 152
7 149
8 166
10 163
9 159
9 164
9 157
28 153
7 152
9 160
9 152
24 157
9 156
7 155
7 153
22 161
9 160
27 157
23 161
7 149
7 162
9 169
44 164
31 166
22 152
25 164
7 157
9 165
46 165
41 166
36 171
7 161
25 170
92 164
170 168
46 165
31 164
44 165
7 167
39 162
73 167
57 164
44 168
7 186
8 164
51 173
9 181
38 172
23 176
17 173
13 180
43 170
25 175
20 168
37 187
21 176
8 174
21 181
28 178
10 172
34 180
26 191
22 182
25 187
17 178
9 192
26 174
8 199
8 197
20 182
27 191
27 193
9 176
8 207
8 198
9 174
9 193
9 199
10 182
19 196
4 214
10 152
7 190
26 210
7 188
4 188
21 185
72 176
30 170
44 159
6 173
4 180
4 182
8 174
9 168
7 177
7 191
4 192
4 198
8 220
7 229
7 258
7 301
4 310
4 315
4 346
9 375
4 386
8 433
4 438
4 440
7 472
14 440
4 443
4 447
12 460
4 448
4 440
9 457
9 467
4 463
4 462
10 456
10 451
10 460
4 455
4 459
8 481
4 477
4 475
13 456
10 453
9 479
4 479
4 479
4 465
4 457
12 452
11 431
4 427
4 426
11 439
4 432
4 430
8 449
4 446
4 445
4 447
13 420
10 441
4 444
4 441
4 436
4 444
4 446
13 456
4 458
13 430
9 468
4 462
4 460
9 455
4 459
4 457
4 455
4 454
17 459
4 454
10 462
4 461
4 454
4 458
4 457
17 457
4 454
11 491
7 485
4 487
4 488
4 484
4 476
4 477
16 484
14 530
4 534
4 531
4 519
5 525
18 504
12 529
8 498
4 491
13 506
4 505
4 494
12 533
4 529
4 537
4 537
4 528
7 528
4 526
19 522
10 532
4 533
4 524
4 517
4 508
17 501
11 550
8 507
4 501
4 480
4 483
15 484
9 516
4 518
4 517
4 508
4 503
4 502
16 509
11 521
4 517
4 530
4 521
17 520
4 509
4 506
4 509
11 538
9 536
4 537
4 541
4 541
4 532
4 522
15 502
12 514
4 511
4 507
13 487
10 518
4 519
4 519
9 506
4 504
12 492
4 489
4 489
11 511
8 504
4 501
13 501
8 487
10 509
8 529
4 529
4 529
4 517
4 507
4 501
13 480
13 497
4 511
4 517
4 514
4 514
4 511
15 486
11 514
4 519
4 520
4 523
4 523
4 519
4 514
17 488
11 504
4 507
4 509
8 505
6 493
4 486
4 482
4 472
15 476
11 478
4 481
4 476
4 468
4 465
15 447
12 500
4 497
4 495
10 454
11 461
10 494
4 492
4 493
8 476
4 476
14 452
10 485
4 484
4 486
4 482
7 482
14 478
11 474
4 474
4 477
11 492
4 491
4 486
13 473
11 485
8 461
4 470
4 472
4 474
4 482
4 475
14 449
10 465
4 469
4 474
9 470
4 471
13 463
9 477
4 478
4 478
10 490
4 490
5 480
4 482
4 470
4 468
13 460
12 464
4 460
4 459
12 445
11 454
4 450
4 448
11 452
4 455
4 450
