1.000367e+00 1.000265e+00
1.000514e+00 1.000299e+00
1.000699e+00 1.000296e+00
1.000318e+00 1.000135e+00
1.000351e+00 1.000152e+00
1.000340e+00 1.000154e+00
1.000492e+00 1.000220e+00
1.000246e+00 1.000115e+00
1.000258e+00 1.000129e+00
1.000164e+00 1.000085e+00
1.000143e+00 1.000083e+00
1.000171e+00 1.000099e+00
1.000187e+00 1.000106e+00
1.000117e+00 1.000063e+00
1.000137e+00 1.000074e+00
1.000170e+00 1.000093e+00
1.000119e+00 1.000064e+00
1.000099e+00 1.000053e+00
1.000142e+00 1.000074e+00
1.000175e+00 1.000093e+00
1.000117e+00 1.000060e+00
1.000146e+00 1.000076e+00
1.000141e+00 1.000075e+00
1.000189e+00 1.000101e+00
1.000126e+00 1.000064e+00
1.000155e+00 1.000080e+00
1.000199e+00 1.000106e+00
1.000134e+00 1.000069e+00
1.000159e+00 1.000088e+00
1.000155e+00 1.000084e+00
1.000194e+00 1.000104e+00
1.000132e+00 1.000070e+00
1.000152e+00 1.000081e+00
1.000174e+00 1.000093e+00
1.000102e+00 1.000055e+00
1.000142e+00 1.000081e+00
1.000150e+00 1.000080e+00
1.000158e+00 1.000083e+00
1.000126e+00 1.000067e+00
1.000151e+00 1.000081e+00
1.000196e+00 1.000111e+00
1.000123e+00 1.000066e+00
1.000121e+00 1.000065e+00
1.000159e+00 1.000086e+00
1.000129e+00 1.000068e+00
1.000128e+00 1.000068e+00
1.000156e+00 1.000087e+00
1.000173e+00 1.000096e+00
1.000124e+00 1.000065e+00
1.000135e+00 1.000073e+00
1.000178e+00 1.000098e+00
1.000125e+00 1.000067e+00
1.000141e+00 1.000081e+00
1.000162e+00 1.000090e+00
1.000192e+00 1.000104e+00
1.000125e+00 1.000067e+00
1.000153e+00 1.000083e+00
1.000194e+00 1.000108e+00
1.000126e+00 1.000070e+00
1.000122e+00 1.000068e+00
1.000161e+00 1.000088e+00
1.000193e+00 1.000110e+00
1.000132e+00 1.000071e+00
1.000164e+00 1.000091e+00
1.000177e+00 1.000101e+00
1.000187e+00 1.000105e+00
1.000138e+00 1.000074e+00
1.000168e+00 1.000093e+00
1.000183e+00 1.000101e+00
1.000141e+00 1.000077e+00
1.000171e+00 1.000097e+00
1.000174e+00 1.000101e+00
1.000166e+00 1.000090e+00
1.000150e+00 1.000082e+00
1.000179e+00 1.000100e+00
1.000146e+00 1.000081e+00
1.000143e+00 1.000083e+00
1.000164e+00 1.000094e+00
1.000179e+00 1.000100e+00
1.000139e+00 1.000077e+00
1.000155e+00 1.000087e+00
1.000178e+00 1.000101e+00
1.000174e+00 1.000103e+00
1.000132e+00 1.000075e+00
1.000164e+00 1.000092e+00
1.000185e+00 1.000106e+00
1.000146e+00 1.000081e+00
1.000171e+00 1.000097e+00
1.000177e+00 1.000106e+00
1.000190e+00 1.000111e+00
1.000156e+00 1.000087e+00
1.000182e+00 1.000103e+00
1.000189e+00 1.000108e+00
1.000162e+00 1.000091e+00
1.000179e+00 1.000107e+00
1.000190e+00 1.000111e+00
1.000179e+00 1.000101e+00
1.000168e+00 1.000095e+00
1.000188e+00 1.000108e+00
1.000162e+00 1.000091e+00
1.000160e+00 1.000095e+00
1.000180e+00 1.000106e+00
1.000192e+00 1.000111e+00
1.000159e+00 1.000090e+00
1.000176e+00 1.000100e+00
1.000192e+00 1.000113e+00
1.000152e+00 1.000088e+00
1.000156e+00 1.000093e+00
1.000183e+00 1.000105e+00
1.000190e+00 1.000111e+00
1.000166e+00 1.000095e+00
1.000187e+00 1.000109e+00
1.000188e+00 1.000111e+00
1.000165e+00 1.000098e+00
1.000170e+00 1.000097e+00
1.000197e+00 1.000116e+00
1.000164e+00 1.000094e+00
1.000175e+00 1.000101e+00
1.000199e+00 1.000120e+00
1.000190e+00 1.000114e+00
1.000170e+00 1.000098e+00
1.000184e+00 1.000107e+00
1.000174e+00 1.000101e+00
1.000175e+00 1.000102e+00
1.000210e+00 1.000128e+00
1.000187e+00 1.000112e+00
1.000168e+00 1.000098e+00
1.000186e+00 1.000110e+00
1.000185e+00 1.000109e+00
1.000189e+00 1.000112e+00
1.000194e+00 1.000115e+00
1.000195e+00 1.000120e+00
1.000174e+00 1.000103e+00
1.000198e+00 1.000118e+00
1.000205e+00 1.000120e+00
1.000189e+00 1.000111e+00
1.000204e+00 1.000127e+00
1.000225e+00 1.000137e+00
1.000192e+00 1.000112e+00
1.000203e+00 1.000120e+00
1.000207e+00 1.000125e+00
1.000196e+00 1.000115e+00
1.000217e+00 1.000131e+00
1.000228e+00 1.000136e+00
1.000180e+00 1.000110e+00
1.000204e+00 1.000121e+00
1.000201e+00 1.000121e+00
1.000203e+00 1.000123e+00
1.000238e+00 1.000143e+00
1.000239e+00 1.000144e+00
1.000207e+00 1.000122e+00
1.000225e+00 1.000138e+00
1.000202e+00 1.000123e+00
1.000218e+00 1.000130e+00
1.000244e+00 1.000147e+00
1.000232e+00 1.000136e+00
1.000224e+00 1.000133e+00
1.000239e+00 1.000145e+00
1.000214e+00 1.000130e+00
1.000254e+00 1.000154e+00
1.000246e+00 1.000146e+00
1.000213e+00 1.000129e+00
1.000251e+00 1.000151e+00
1.000232e+00 1.000140e+00
1.000243e+00 1.000147e+00
1.000252e+00 1.000152e+00
1.000211e+00 1.000128e+00
1.000266e+00 1.000159e+00
1.000270e+00 1.000162e+00
1.000252e+00 1.000152e+00
1.000261e+00 1.000157e+00
1.000246e+00 1.000149e+00
1.000276e+00 1.000165e+00
1.000279e+00 1.000168e+00
1.000258e+00 1.000156e+00
1.000275e+00 1.000164e+00
1.000246e+00 1.000149e+00
1.000291e+00 1.000176e+00
1.000234e+00 1.000142e+00
1.000266e+00 1.000161e+00
1.000278e+00 1.000168e+00
1.000263e+00 1.000160e+00
1.000267e+00 1.000162e+00
1.000286e+00 1.000173e+00
1.000307e+00 1.000186e+00
1.000275e+00 1.000166e+00
1.000288e+00 1.000174e+00
1.000276e+00 1.000168e+00
1.000290e+00 1.000175e+00
1.000285e+00 1.000174e+00
1.000306e+00 1.000187e+00
1.000305e+00 1.000186e+00
1.000287e+00 1.000174e+00
1.000327e+00 1.000199e+00
1.000302e+00 1.000185e+00
1.000308e+00 1.000189e+00
1.000321e+00 1.000197e+00
1.000357e+00 1.000218e+00
1.000287e+00 1.000176e+00
1.000366e+00 1.000224e+00
1.000314e+00 1.000193e+00
1.000337e+00 1.000207e+00
1.000363e+00 1.000222e+00
1.000368e+00 1.000226e+00
1.000320e+00 1.000197e+00
1.000405e+00 1.000248e+00
1.000376e+00 1.000231e+00
1.000316e+00 1.000194e+00
1.000429e+00 1.000262e+00
1.000652e+00 1.000390e+00
1.000308e+00 1.000190e+00
1.000744e+00 1.000450e+00
1.000372e+00 1.000229e+00
1.000779e+00 1.000473e+00
1.001117e+00 1.000678e+00
1.000449e+00 1.000275e+00
1.000726e+00 1.000442e+00
1.000621e+00 1.000379e+00
1.000870e+00 1.000530e+00
1.001159e+00 1.000707e+00
1.001373e+00 1.000838e+00
1.001569e+00 1.000959e+00
1.001433e+00 1.000879e+00
1.001079e+00 1.000664e+00
1.001390e+00 1.000857e+00
1.001409e+00 1.000872e+00
1.001673e+00 1.001035e+00
1.001903e+00 1.001179e+00
1.001649e+00 1.001024e+00
1.001561e+00 1.000973e+00
1.001747e+00 1.001095e+00
1.001713e+00 1.001077e+00
1.002200e+00 1.001383e+00
1.002503e+00 1.001572e+00
1.003484e+00 1.002188e+00
1.002608e+00 1.001663e+00
1.003778e+00 1.002385e+00
1.003041e+00 1.001966e+00
1.003723e+00 1.002408e+00
1.004197e+00 1.002684e+00
1.004178e+00 1.002732e+00
1.001997e+00 1.000790e+00
1.002627e+00 1.001653e+00
1.003570e+00 1.001599e+00
1.002853e+00 1.001164e+00
1.002796e+00 1.001797e+00
1.003745e+00 1.001806e+00
1.003339e+00 1.001384e+00
1.002932e+00 1.001224e+00
1.003376e+00 1.002087e+00
1.004051e+00 1.002495e+00
1.003875e+00 1.001322e+00
1.002999e+00 1.001072e+00
1.002676e+00 1.001434e+00
1.003246e+00 1.001980e+00
1.004334e+00 1.002558e+00
1.003772e+00 1.001549e+00
1.003781e+00 1.002461e+00
1.004944e+00 1.002851e+00
1.003871e+00 1.001530e+00
1.003193e+00 1.001820e+00
1.003130e+00 1.001870e+00
1.003406e+00 1.002129e+00
1.003730e+00 1.001678e+00
1.004666e+00 1.002093e+00
1.005876e+00 1.003419e+00
1.004809e+00 1.001946e+00
1.003927e+00 1.002257e+00
1.003973e+00 1.002472e+00
1.004405e+00 1.002747e+00
1.004043e+00 1.001673e+00
1.004533e+00 1.002887e+00
1.005821e+00 1.003473e+00
1.005497e+00 1.002419e+00
1.005895e+00 1.003741e+00
1.006300e+00 1.002802e+00
1.007442e+00 1.003247e+00
1.006263e+00 1.002663e+00
1.005366e+00 1.003143e+00
1.005954e+00 1.003827e+00
1.006623e+00 1.004157e+00
1.006890e+00 1.003148e+00
1.007931e+00 1.003584e+00
1.009254e+00 1.005140e+00
1.008513e+00 1.003758e+00
1.009475e+00 1.005917e+00
1.007507e+00 1.003295e+00
1.006541e+00 1.004109e+00
1.007410e+00 1.004689e+00
1.008568e+00 1.005034e+00
1.008496e+00 1.003803e+00
1.009620e+00 1.005998e+00
1.010296e+00 1.006293e+00
1.010590e+00 1.004693e+00
1.011868e+00 1.006964e+00
1.008880e+00 1.003904e+00
1.009648e+00 1.006097e+00
1.008969e+00 1.004090e+00
1.009573e+00 1.006074e+00
1.009970e+00 1.004534e+00
1.011100e+00 1.004988e+00
1.012437e+00 1.007338e+00
1.010074e+00 1.004554e+00
1.011098e+00 1.007003e+00
1.009601e+00 1.004297e+00
1.009108e+00 1.005797e+00
1.010089e+00 1.006242e+00
1.011351e+00 1.005256e+00
1.012520e+00 1.005563e+00
1.013364e+00 1.006023e+00
1.014006e+00 1.008307e+00
1.011501e+00 1.005168e+00
1.009668e+00 1.006093e+00
1.010525e+00 1.006659e+00
1.011549e+00 1.005371e+00
1.012665e+00 1.005820e+00
1.013189e+00 1.006979e+00
1.009706e+00 1.004392e+00
1.008248e+00 1.005180e+00
1.008541e+00 1.005275e+00
1.009524e+00 1.005763e+00
1.008594e+00 1.003953e+00
1.008844e+00 1.005641e+00
1.009487e+00 1.005824e+00
1.007898e+00 1.003604e+00
1.008649e+00 1.005506e+00
1.009607e+00 1.004683e+00
1.010640e+00 1.005253e+00
1.011292e+00 1.006780e+00
1.011241e+00 1.005008e+00
1.012524e+00 1.007466e+00
1.008629e+00 1.003899e+00
1.007926e+00 1.004984e+00
1.009062e+00 1.005609e+00
1.009491e+00 1.004481e+00
1.009994e+00 1.004701e+00
1.011171e+00 1.004995e+00
1.008258e+00 1.003817e+00
1.007194e+00 1.004499e+00
1.007435e+00 1.004615e+00
1.007868e+00 1.004875e+00
1.008005e+00 1.003773e+00
1.009397e+00 1.005516e+00
1.006979e+00 1.003202e+00
1.006434e+00 1.004030e+00
1.007351e+00 1.004606e+00
1.007688e+00 1.003595e+00
1.008060e+00 1.003846e+00
1.009061e+00 1.004206e+00
1.010137e+00 1.004652e+00
1.007617e+00 1.003553e+00
1.006945e+00 1.004437e+00
1.007287e+00 1.004684e+00
1.007685e+00 1.003858e+00
1.008687e+00 1.004065e+00
1.007430e+00 1.003341e+00
1.007710e+00 1.005001e+00
1.008647e+00 1.004518e+00
1.009276e+00 1.005713e+00
1.007583e+00 1.003562e+00
1.007288e+00 1.004627e+00
1.008372e+00 1.005221e+00
1.009481e+00 1.004380e+00
1.010555e+00 1.004827e+00
1.010679e+00 1.005053e+00
1.011135e+00 1.006081e+00
1.008806e+00 1.004077e+00
1.007255e+00 1.004499e+00
1.008054e+00 1.004981e+00
1.009119e+00 1.004738e+00
1.006739e+00 1.003100e+00
1.005486e+00 1.003409e+00
1.006073e+00 1.003906e+00
1.007199e+00 1.004287e+00
1.007040e+00 1.003291e+00
1.008023e+00 1.004962e+00
1.005810e+00 1.002732e+00
1.005771e+00 1.003787e+00
1.006773e+00 1.004119e+00
1.006390e+00 1.003093e+00
1.006345e+00 1.003907e+00
1.007262e+00 1.004550e+00
1.005392e+00 1.002607e+00
1.004944e+00 1.003192e+00
1.004396e+00 1.002139e+00
1.004544e+00 1.002917e+00
1.005443e+00 1.003493e+00
1.006467e+00 1.003248e+00
1.006976e+00 1.003473e+00
1.007194e+00 1.003438e+00
1.008232e+00 1.003991e+00
1.006736e+00 1.003144e+00
1.005211e+00 1.002493e+00
1.005785e+00 1.003801e+00
1.006381e+00 1.004078e+00
1.006618e+00 1.003266e+00
1.007551e+00 1.003682e+00
1.008575e+00 1.004084e+00
1.006398e+00 1.003108e+00
1.005623e+00 1.003590e+00
1.005948e+00 1.003863e+00
1.006506e+00 1.004077e+00
1.007142e+00 1.003569e+00
1.008190e+00 1.004792e+00
1.009035e+00 1.004358e+00
1.010118e+00 1.005960e+00
1.007276e+00 1.003503e+00
1.006075e+00 1.003902e+00
1.006746e+00 1.004432e+00
1.007805e+00 1.004869e+00
1.008039e+00 1.003896e+00
1.008756e+00 1.005463e+00
1.008912e+00 1.004497e+00
1.009243e+00 1.005777e+00
1.010305e+00 1.004942e+00
1.007778e+00 1.003767e+00
1.006991e+00 1.004443e+00
1.007946e+00 1.004999e+00
1.008326e+00 1.004101e+00
1.008479e+00 1.004191e+00
1.009275e+00 1.004608e+00
1.007403e+00 1.003609e+00
1.006405e+00 1.004034e+00
1.006990e+00 1.004454e+00
1.007475e+00 1.004628e+00
1.006622e+00 1.003132e+00
1.005379e+00 1.002626e+00
1.004942e+00 1.003160e+00
1.005562e+00 1.003656e+00
1.006642e+00 1.004171e+00
1.006329e+00 1.003073e+00
1.006850e+00 1.004198e+00
1.004927e+00 1.002351e+00
1.004468e+00 1.002815e+00
1.005071e+00 1.003334e+00
1.005958e+00 1.002997e+00
1.006447e+00 1.003598e+00
1.006252e+00 1.003061e+00
1.004863e+00 1.002395e+00
1.004232e+00 1.002708e+00
1.004833e+00 1.003215e+00
1.005831e+00 1.003767e+00
1.005000e+00 1.002466e+00
1.005151e+00 1.003335e+00
1.006120e+00 1.003169e+00
1.004913e+00 1.002422e+00
1.004120e+00 1.002649e+00
1.003881e+00 1.002552e+00
1.004163e+00 1.002742e+00
1.004501e+00 1.002320e+00
1.005385e+00 1.002734e+00
1.006147e+00 1.003103e+00
1.007081e+00 1.003802e+00
1.005805e+00 1.002847e+00
1.004487e+00 1.002845e+00
1.004453e+00 1.002992e+00
1.005412e+00 1.002996e+00
1.005278e+00 1.002649e+00
1.006099e+00 1.003731e+00
1.004798e+00 1.002409e+00
1.004116e+00 1.002632e+00
1.004175e+00 1.002819e+00
1.005132e+00 1.003274e+00
1.004913e+00 1.002519e+00
1.005705e+00 1.003200e+00
1.006727e+00 1.003943e+00
1.006982e+00 1.003477e+00
1.007184e+00 1.003659e+00
1.008198e+00 1.005152e+00
1.005883e+00 1.002928e+00
1.004903e+00 1.003155e+00
1.005561e+00 1.003619e+00
1.006039e+00 1.003797e+00
1.004586e+00 1.002337e+00
1.003954e+00 1.002552e+00
1.004571e+00 1.003062e+00
1.005585e+00 1.003550e+00
1.004811e+00 1.002462e+00
1.004986e+00 1.003262e+00
1.005300e+00 1.002794e+00
