108 0
52 61
39 158
26 105
18 96
17 96
17 108
18 158
18 138
18 51
19 38
16 38
14 61
12 163
13 188
13 169
13 155
14 149
14 133
16 129
18 114
18 103
18 98
19 95
18 92
60 0
125 52
80 110
963 179
2156 189
60 0
125 52
80 110
963 179
2156 189
36 270
28 243
18 239
6 214
10 218
14 256
14 300
11 315
8 335
6 343
6 336
7 336
7 331
6 325
7 320
7 341
6 339
6 314
5 329
4 344
60 0
125 52
80 110
963 179
2156 189
36 270
28 243
18 239
6 214
10 218
14 256
14 300
11 315
8 335
6 343
6 336
7 336
7 331
6 325
7 320
7 341
6 339
6 314
5 329
4 344
60 0
125 52
80 110
963 179
2156 189
36 270
28 243
18 239
6 214
10 218
14 256
14 300
11 315
8 335
6 343
6 336
7 336
7 331
6 325
7 320
7 341
6 339
6 314
5 329
4 344
60 0
125 52
80 110
