1.000093e+00 1.000012e+00
1.000024e+00 1.000005e+00
1.000050e+00 1.000005e+00
1.000048e+00 1.000006e+00
1.000028e+00 1.000004e+00
1.000004e+00 1.000001e+00
1.000006e+00 1.000001e+00
1.000004e+00 1.000001e+00
1.000004e+00 1.000001e+00
1.000003e+00 1.000001e+00
1.000002e+00 1.000001e+00
1.000003e+00 1.000001e+00
1.000003e+00 1.000001e+00
1.000003e+00 1.000001e+00
1.000003e+00 1.000001e+00
1.000002e+00 1.000001e+00
1.000003e+00 1.000001e+00
1.000040e+00 1.000003e+00
1.000013e+00 1.000002e+00
1.000004e+00 1.000002e+00
1.000019e+00 1.000003e+00
1.000035e+00 1.000005e+00
1.000048e+00 1.000005e+00
1.000151e+00 1.000009e+00
1.000028e+00 1.000004e+00
1.000020e+00 1.000004e+00
1.000017e+00 1.000006e+00
1.000031e+00 1.000007e+00
1.000101e+00 1.000034e+00
1.000150e+00 1.000063e+00
1.000020e+00 1.000004e+00
1.000017e+00 1.000006e+00
1.000031e+00 1.000007e+00
1.000101e+00 1.000034e+00
1.000150e+00 1.000063e+00
1.000086e+00 1.000037e+00
1.000019e+00 1.000011e+00
1.000021e+00 1.000010e+00
1.000021e+00 1.000011e+00
1.000015e+00 1.000007e+00
1.000009e+00 1.000004e+00
1.000006e+00 1.000003e+00
1.000007e+00 1.000003e+00
1.000006e+00 1.000001e+00
1.000006e+00 1.000001e+00
1.000004e+00 1.000000e+00
1.000008e+00 1.000001e+00
1.000030e+00 1.000003e+00
1.000007e+00 1.000001e+00
1.000022e+00 1.000002e+00
1.000007e+00 1.000001e+00
1.000004e+00 1.000000e+00
1.000003e+00 1.000000e+00
1.000004e+00 1.000001e+00
1.000005e+00 1.000001e+00
1.000020e+00 1.000004e+00
1.000017e+00 1.000006e+00
1.000031e+00 1.000007e+00
1.000101e+00 1.000034e+00
1.000150e+00 1.000063e+00
1.000086e+00 1.000037e+00
1.000019e+00 1.000011e+00
1.000021e+00 1.000010e+00
1.000021e+00 1.000011e+00
1.000015e+00 1.000007e+00
1.000009e+00 1.000004e+00
1.000006e+00 1.000003e+00
1.000007e+00 1.000003e+00
1.000006e+00 1.000001e+00
1.000006e+00 1.000001e+00
1.000004e+00 1.000000e+00
1.000008e+00 1.000001e+00
1.000030e+00 1.000003e+00
1.000007e+00 1.000001e+00
1.000022e+00 1.000002e+00
1.000007e+00 1.000001e+00
1.000004e+00 1.000000e+00
1.000003e+00 1.000000e+00
1.000004e+00 1.000001e+00
1.000005e+00 1.000001e+00
1.000020e+00 1.000004e+00
1.000017e+00 1.000006e+00
1.000031e+00 1.000007e+00
1.000101e+00 1.000034e+00
1.000150e+00 1.000063e+00
1.000086e+00 1.000037e+00
1.000019e+00 1.000011e+00
1.000021e+00 1.000010e+00
1.000021e+00 1.000011e+00
1.000015e+00 1.000007e+00
1.000009e+00 1.000004e+00
1.000006e+00 1.000003e+00
1.000007e+00 1.000003e+00
1.000006e+00 1.000001e+00
1.000006e+00 1.000001e+00
1.000004e+00 1.000000e+00
1.000008e+00 1.000001e+00
1.000030e+00 1.000003e+00
1.000007e+00 1.000001e+00
1.000022e+00 1.000002e+00
1.000007e+00 1.000001e+00
1.000004e+00 1.000000e+00
1.000003e+00 1.000000e+00
1.000004e+00 1.000001e+00
1.000005e+00 1.000001e+00
1.000020e+00 1.000004e+00
1.000017e+00 1.000006e+00
1.000031e+00 1.000007e+00
