13 140
14 116
14 121
13 135
12 139
12 150
12 161
15 163
16 164
15 162
13 158
14 159
13 167
12 166
13 166
13 150
12 153
13 158
12 165
12 166
13 161
13 164
13 168
13 173
13 177
13 175
13 179
14 170
13 179
13 200
13 206
13 207
12 203
13 205
12 197
12 196
11 180
12 182
13 174
13 165
13 169
13 181
13 174
14 180
13 180
13 179
12 177
12 178
11 175
11 182
11 175
11 172
11 169
11 174
12 158
12 172
13 181
12 180
12 176
13 169
12 158
12 169
12 173
12 175
13 177
13 168
12 172
12 164
12 166
12 158
14 173
12 172
12 164
13 162
13 160
12 160
12 169
11 165
11 160
12 155
12 176
12 152
12 157
12 157
12 168
12 172
12 164
12 152
13 162
12 169
12 165
12 158
12 153
12 166
12 157
13 150
12 164
12 166
12 158
12 149
12 145
12 149
13 148
13 163
12 147
12 150
11 144
11 157
12 137
12 142
11 156
11 144
12 137
11 158
11 145
12 139
11 157
10 142
10 133
10 147
11 141
11 135
10 153
11 145
10 138
10 154
10 144
10 160
10 159
10 169
11 153
11 155
9 155
10 148
9 154
9 159
10 145
9 157
10 150
11 148
10 158
11 159
11 161
11 155
10 148
9 141
12 160
10 148
10 149
11 139
11 126
12 143
10 132
10 126
15 136
12 136
10 126
13 129
10 134
9 137
17 136
12 121
11 122
9 134
11 130
18 140
10 138
11 127
20 140
11 121
4 127
18 134
17 120
12 129
12 124
13 127
12 118
21 110
5 113
21 121
17 117
9 113
19 120
25 123
6 124
29 126
19 117
4 118
34 116
4 116
15 114
4 112
45 123
40 109
6 106
41 109
4 106
4 104
68 112
7 99
35 98
6 97
52 109
7 107
19 100
4 96
4 87
24 87
4 87
4 87
15 85
4 84
4 84
53 94
4 92
4 93
14 96
4 96
4 96
20 97
22 84
31 87
18 87
16 87
16 97
17 91
17 83
15 83
14 93
11 95
10 90
10 93
10 97
11 95
11 93
11 87
11 88
11 84
