1 2.764147e-01 1.618407e-01 1.009646e-06 2.048813e-01
2 2.424720e-02 1.804248e-02 8.927230e-08 1.956715e-02
3 7.484430e-03 5.377509e-03 7.960298e-08 5.880555e-03
4 8.152043e-03 8.261816e-03 7.560077e-08 7.245359e-03
5 6.066646e-03 5.515152e-03 7.466531e-08 5.362188e-03
6 4.648037e-03 4.466794e-03 7.431455e-08 4.314203e-03
7 3.820966e-03 3.678199e-03 7.412336e-08 3.605134e-03
8 3.185710e-03 3.054307e-03 7.396876e-08 2.953753e-03
9 2.637172e-03 2.534993e-03 7.382678e-08 2.412106e-03
10 2.323571e-03 2.254389e-03 7.369522e-08 2.002536e-03
11 2.868312e-03 2.856258e-03 7.360278e-08 2.312945e-03
12 1.834963e-03 1.895645e-03 7.354697e-08 1.594152e-03
13 1.527158e-03 1.616247e-03 7.351392e-08 1.345949e-03
14 1.291582e-03 1.391347e-03 7.349239e-08 1.151017e-03
15 1.083139e-03 1.176326e-03 7.347836e-08 9.771893e-04
16 9.394408e-04 1.050712e-03 7.346836e-08 8.524093e-04
17 8.245330e-04 9.514044e-04 7.346058e-08 7.487159e-04
1 8.093362e-02 5.569062e-02 5.235527e-07 6.171714e-02
2 2.021590e-02 1.499852e-02 1.037306e-07 1.676261e-02
3 1.347949e-02 1.540841e-02 1.000620e-07 1.260562e-02
4 1.210251e-02 1.246366e-02 9.609768e-08 1.122880e-02
5 1.058392e-02 1.079320e-02 9.137953e-08 9.825632e-03
6 8.106625e-03 8.132794e-03 8.976548e-08 7.632432e-03
7 6.495904e-03 6.930029e-03 8.939253e-08 6.326956e-03
8 5.071410e-03 5.504215e-03 8.928729e-08 4.984552e-03
9 4.032186e-03 4.400001e-03 8.923359e-08 3.981523e-03
10 3.188157e-03 3.490759e-03 8.918766e-08 3.167741e-03
11 2.580821e-03 2.757837e-03 8.914339e-08 2.533437e-03
12 2.117965e-03 2.181141e-03 8.907291e-08 2.037699e-03
13 1.754865e-03 1.728054e-03 8.886197e-08 1.649359e-03
14 1.670070e-03 1.362738e-03 8.826214e-08 1.417028e-03
15 1.466214e-03 1.071513e-03 8.791744e-08 1.201509e-03
16 1.201033e-03 9.003557e-04 8.781669e-08 9.881859e-04
17 9.789418e-04 7.764207e-04 8.779076e-08 8.125830e-04
18 8.034479e-04 6.797874e-04 8.778306e-08 6.756569e-04
1 5.423475e-02 5.631982e-02 1.021826e-07 4.789779e-02
2 1.140608e-02 1.110459e-02 9.888319e-08 9.210363e-03
3 1.928614e-02 1.751930e-02 9.300142e-08 1.731000e-02
4 1.218442e-02 1.173046e-02 9.102825e-08 1.093335e-02
5 9.848124e-03 1.012239e-02 8.922601e-08 9.183900e-03
6 7.601789e-03 7.999067e-03 8.678766e-08 7.014308e-03
7 5.698802e-03 6.293508e-03 8.595270e-08 5.390044e-03
8 4.279285e-03 4.922151e-03 8.572409e-08 4.119247e-03
9 3.251879e-03 3.851207e-03 8.566695e-08 3.174596e-03
10 2.553804e-03 3.014071e-03 8.564791e-08 2.476693e-03
11 2.070040e-03 2.367581e-03 8.563857e-08 1.963548e-03
12 1.711294e-03 1.871619e-03 8.563273e-08 1.582743e-03
13 1.434667e-03 1.491439e-03 8.562859e-08 1.295971e-03
14 1.214681e-03 1.198502e-03 8.562545e-08 1.075735e-03
15 1.036562e-03 9.711662e-04 8.562296e-08 9.032875e-04
16 8.901759e-04 7.976210e-04 8.562091e-08 7.658654e-04
17 7.688471e-04 6.978306e-04 8.561919e-08 6.548461e-04
1 5.660338e-02 5.760462e-02 1.093502e-07 5.173383e-02
2 1.209770e-02 1.413718e-02 1.061571e-07 1.083904e-02
3 2.140462e-02 2.160389e-02 1.015134e-07 1.943217e-02
4 1.535691e-02 1.644947e-02 9.688446e-08 1.412876e-02
5 1.102618e-02 1.187402e-02 9.182967e-08 9.833272e-03
6 7.825941e-03 8.976280e-03 9.075993e-08 7.188068e-03
7 5.547059e-03 6.702037e-03 9.046276e-08 5.193195e-03
8 3.983519e-03 5.017931e-03 9.037448e-08 3.791839e-03
9 2.953183e-03 3.771043e-03 9.033508e-08 2.813326e-03
10 2.271349e-03 2.853391e-03 9.031033e-08 2.134439e-03
11 1.805471e-03 2.180336e-03 9.028809e-08 1.659331e-03
12 1.480869e-03 1.684017e-03 9.025376e-08 1.320422e-03
13 1.280723e-03 1.306669e-03 9.013553e-08 1.079041e-03
14 1.302110e-03 1.005157e-03 8.947143e-08 1.012516e-03
15 1.161188e-03 8.993845e-04 8.900326e-08 9.025939e-04
16 9.597137e-04 8.416376e-04 8.884093e-08 7.451050e-04
17 7.670576e-04 6.245855e-04 8.879286e-08 5.941269e-04
1 5.993747e-02 5.770895e-02 1.071162e-07 5.453259e-02
2 1.423691e-02 1.587407e-02 1.038920e-07 1.260691e-02
3 2.144734e-02 2.336212e-02 9.719239e-08 1.961089e-02
4 1.188398e-02 1.367401e-02 9.560230e-08 1.102071e-02
5 9.222843e-03 1.046286e-02 9.286422e-08 8.337014e-03
6 6.425854e-03 7.413053e-03 9.077320e-08 5.690494e-03
7 4.423853e-03 5.247088e-03 9.028445e-08 3.940421e-03
8 3.127557e-03 3.721817e-03 9.016352e-08 2.778898e-03
9 2.328552e-03 2.671692e-03 9.012187e-08 2.055312e-03
10 1.862234e-03 1.937315e-03 9.009446e-08 1.640112e-03
11 1.604934e-03 1.610298e-03 9.007114e-08 1.445465e-03
12 1.407284e-03 1.635372e-03 9.005644e-08 1.303565e-03
13 1.214668e-03 1.526739e-03 9.004639e-08 1.140512e-03
14 1.035958e-03 1.386816e-03 9.003709e-08 9.821027e-04
15 8.652286e-04 1.235684e-03 9.002658e-08 8.318656e-04
16 7.559678e-04 1.087715e-03 9.001410e-08 7.097651e-04
1 6.002079e-02 5.397218e-02 1.136405e-07 5.488171e-02
2 1.444128e-02 1.620530e-02 1.111959e-07 1.338646e-02
3 1.968138e-02 2.267768e-02 1.070428e-07 1.827479e-02
4 1.464494e-02 1.727203e-02 1.032371e-07 1.382822e-02
5 9.563648e-03 1.093166e-02 9.754877e-08 8.565436e-03
6 6.418580e-03 7.371659e-03 9.573929e-08 5.701045e-03
7 4.311646e-03 4.976709e-03 9.524540e-08 3.782467e-03
8 3.014102e-03 3.426481e-03 9.511416e-08 2.617268e-03
9 2.216880e-03 2.402204e-03 9.505957e-08 1.903647e-03
10 1.716445e-03 1.718244e-03 9.502225e-08 1.463672e-03
11 1.389618e-03 1.248275e-03 9.498096e-08 1.180596e-03
12 1.200585e-03 1.145284e-03 9.487910e-08 1.001147e-03
13 1.266779e-03 1.052245e-03 9.417225e-08 9.767464e-04
14 1.182362e-03 9.244908e-04 9.348958e-08 9.162758e-04
15 1.078630e-03 8.353876e-04 9.319919e-08 8.383615e-04
1 5.853804e-02 5.547441e-02 1.163991e-07 5.297669e-02
2 1.491098e-02 1.634773e-02 1.141374e-07 1.396738e-02
3 1.707937e-02 2.003890e-02 1.088258e-07 1.600434e-02
4 1.205405e-02 1.437515e-02 1.058568e-07 1.140088e-02
5 7.422797e-03 9.192025e-03 1.045454e-07 7.094075e-03
6 5.156594e-03 6.137912e-03 1.018800e-07 4.629956e-03
7 3.507660e-03 4.155855e-03 1.005011e-07 3.069644e-03
8 2.551402e-03 2.855955e-03 9.984362e-08 2.139345e-03
9 1.857685e-03 1.972212e-03 9.963083e-08 1.531587e-03
10 1.416682e-03 1.424860e-03 9.956068e-08 1.169649e-03
11 1.107680e-03 1.065568e-03 9.953800e-08 9.240936e-04
12 8.808775e-04 8.645708e-04 9.952943e-08 7.467346e-04
13 7.109807e-04 7.577457e-04 9.952565e-08 6.128121e-04
1 5.570637e-02 5.188869e-02 1.216284e-07 5.015503e-02
2 1.493072e-02 1.646175e-02 1.202755e-07 1.428580e-02
3 1.490515e-02 1.724069e-02 1.162213e-07 1.425957e-02
4 1.043006e-02 1.252742e-02 1.126870e-07 1.017597e-02
5 7.025401e-03 7.971563e-03 1.076955e-07 6.388702e-03
6 4.773970e-03 5.610377e-03 1.056084e-07 4.363147e-03
7 3.132404e-03 3.774848e-03 1.048846e-07 2.841043e-03
8 2.079815e-03 2.572776e-03 1.046787e-07 1.873715e-03
9 1.453291e-03 1.786275e-03 1.045966e-07 1.283267e-03
10 1.082546e-03 1.265356e-03 1.045231e-07 9.239594e-04
11 9.086575e-04 9.100650e-04 1.042900e-07 7.291483e-04
12 1.004473e-03 1.026358e-03 1.033627e-07 8.276927e-04
1 5.318192e-02 4.486288e-02 1.327002e-07 4.768833e-02
2 1.421783e-02 1.587990e-02 1.309722e-07 1.370359e-02
3 1.350332e-02 1.502403e-02 1.246239e-07 1.299055e-02
4 9.559958e-03 1.079834e-02 1.215109e-07 9.179426e-03
5 6.916548e-03 8.149581e-03 1.201984e-07 6.793602e-03
6 5.361462e-03 6.475896e-03 1.191621e-07 5.286687e-03
7 3.634433e-03 4.246430e-03 1.170636e-07 3.378275e-03
8 2.736775e-03 2.808162e-03 1.148220e-07 2.339763e-03
9 1.940903e-03 1.910767e-03 1.139471e-07 1.605895e-03
10 1.309422e-03 1.347238e-03 1.136927e-07 1.084510e-03
11 9.348161e-04 9.550148e-04 1.136064e-07 7.634796e-04
12 6.786031e-04 6.948834e-04 1.135749e-07 5.526424e-04
13 4.947671e-04 5.279744e-04 1.135624e-07 4.087580e-04
1 5.095866e-02 5.536856e-02 1.303381e-07 4.608186e-02
2 1.313292e-02 1.487200e-02 1.289948e-07 1.271420e-02
3 1.263788e-02 1.325670e-02 1.250810e-07 1.209935e-02
4 9.177212e-03 1.059042e-02 1.219165e-07 9.240889e-03
5 6.071273e-03 6.923771e-03 1.166709e-07 5.825985e-03
6 4.355939e-03 4.843145e-03 1.147967e-07 4.023643e-03
7 3.422302e-03 3.842092e-03 1.132740e-07 3.124613e-03
8 2.351860e-03 2.584158e-03 1.125157e-07 2.080715e-03
9 1.616161e-03 1.763736e-03 1.122413e-07 1.398897e-03
10 1.157930e-03 1.224302e-03 1.120939e-07 9.842805e-04
11 9.067287e-04 8.907775e-04 1.119053e-07 7.471216e-04
12 8.634273e-04 7.014510e-04 1.113405e-07 6.764015e-04
1 4.913671e-02 6.536384e-02 1.523987e-07 4.553531e-02
2 1.142010e-02 1.333346e-02 1.508272e-07 1.131304e-02
3 1.137435e-02 1.313414e-02 1.441045e-07 1.123565e-02
4 9.093114e-03 9.567215e-03 1.402655e-07 8.393502e-03
5 7.139203e-03 7.633534e-03 1.373912e-07 6.655525e-03
6 4.728956e-03 5.176442e-03 1.360792e-07 4.381210e-03
7 3.621850e-03 3.658928e-03 1.338306e-07 3.101993e-03
8 2.608099e-03 2.599406e-03 1.323817e-07 2.174722e-03
9 1.841181e-03 1.778114e-03 1.317940e-07 1.513876e-03
10 1.227953e-03 1.195856e-03 1.315995e-07 1.029219e-03
11 8.876023e-04 8.201405e-04 1.315203e-07 7.426847e-04
12 6.528027e-04 6.693402e-04 1.314864e-07 5.529500e-04
13 5.003264e-04 5.493520e-04 1.314700e-07 4.268928e-04
1 4.766132e-02 7.278517e-02 1.430552e-07 4.560358e-02
2 1.010065e-02 1.235640e-02 1.422543e-07 1.023405e-02
3 1.099158e-02 1.239252e-02 1.410127e-07 1.063552e-02
4 9.234138e-03 1.050136e-02 1.385590e-07 8.789417e-03
5 6.380502e-03 7.478177e-03 1.375082e-07 6.129596e-03
6 5.196660e-03 6.040868e-03 1.359162e-07 4.920444e-03
7 3.629799e-03 4.034295e-03 1.334741e-07 3.269873e-03
8 2.712125e-03 2.753646e-03 1.322394e-07 2.290681e-03
9 2.089319e-03 2.137954e-03 1.308054e-07 1.764866e-03
10 1.571887e-03 1.406138e-03 1.299268e-07 1.248410e-03
11 1.020363e-03 9.168963e-04 1.296030e-07 8.114406e-04
12 6.968888e-04 6.389137e-04 1.294664e-07 5.570462e-04
13 4.743969e-04 4.708330e-04 1.294140e-07 3.900252e-04
1 4.528809e-02 7.559159e-02 1.626431e-07 4.485088e-02
2 9.206360e-03 1.084359e-02 1.618242e-07 9.148343e-03
3 1.052174e-02 1.041743e-02 1.593650e-07 9.634203e-03
4 8.403708e-03 8.775446e-03 1.565220e-07 7.757058e-03
5 5.859872e-03 6.015576e-03 1.530224e-07 5.150423e-03
6 4.580242e-03 4.800689e-03 1.509953e-07 4.078770e-03
7 3.537404e-03 3.610048e-03 1.495724e-07 3.088529e-03
8 2.744832e-03 2.854066e-03 1.484459e-07 2.427088e-03
9 1.763994e-03 1.682363e-03 1.479457e-07 1.529330e-03
10 1.269937e-03 1.193203e-03 1.477219e-07 1.089505e-03
11 9.604239e-04 9.426032e-04 1.475714e-07 8.069667e-04
12 7.605107e-04 7.383035e-04 1.474584e-07 6.264712e-04
13 6.268012e-04 5.964223e-04 1.473737e-07 5.138439e-04
1 4.159728e-02 7.345480e-02 1.914696e-07 4.255796e-02
2 8.648996e-03 8.948013e-03 1.908822e-07 8.225517e-03
3 9.562644e-03 8.308749e-03 1.899484e-07 8.934902e-03
4 7.038006e-03 6.299469e-03 1.885440e-07 6.516017e-03
5 4.951191e-03 4.782966e-03 1.868067e-07 4.506148e-03
6 3.507231e-03 3.288421e-03 1.854076e-07 3.036787e-03
7 2.956057e-03 2.669029e-03 1.831382e-07 2.522412e-03
8 2.451343e-03 1.990980e-03 1.821094e-07 1.922079e-03
9 2.253128e-03 1.840200e-03 1.802841e-07 1.783101e-03
10 1.769805e-03 1.415218e-03 1.795072e-07 1.366143e-03
11 1.542654e-03 1.284581e-03 1.787841e-07 1.226722e-03
12 1.476758e-03 1.220858e-03 1.781638e-07 1.196340e-03
13 1.393344e-03 1.364531e-03 1.776944e-07 1.167955e-03
14 1.242177e-03 1.351098e-03 1.773100e-07 1.066044e-03
15 1.003442e-03 1.191555e-03 1.770039e-07 8.673659e-04
16 7.947224e-04 9.394657e-04 1.767851e-07 7.075384e-04
17 6.386935e-04 7.784718e-04 1.766246e-07 5.899719e-04
1 3.869875e-02 6.895331e-02 2.317409e-07 4.026199e-02
2 8.758325e-03 9.543278e-03 2.311251e-07 8.162618e-03
3 9.837952e-03 8.717452e-03 2.288876e-07 9.035072e-03
4 7.834190e-03 6.830464e-03 2.261558e-07 7.071095e-03
5 5.694707e-03 4.556889e-03 2.238149e-07 4.823545e-03
6 4.567027e-03 3.704148e-03 2.213316e-07 3.937807e-03
7 3.232146e-03 2.381559e-03 2.195396e-07 2.642942e-03
8 2.083358e-03 1.691225e-03 2.184552e-07 1.731095e-03
9 1.486298e-03 1.275112e-03 2.178052e-07 1.209308e-03
10 1.203665e-03 1.315348e-03 2.172084e-07 1.022402e-03
11 1.014618e-03 1.455845e-03 2.167318e-07 8.750652e-04
12 9.784056e-04 1.607450e-03 2.163835e-07 8.603916e-04
13 9.489598e-04 1.642278e-03 2.161426e-07 8.527073e-04
1 3.537449e-02 6.118720e-02 2.609686e-07 3.777311e-02
2 8.195250e-03 9.981878e-03 2.605794e-07 8.261389e-03
3 8.481412e-03 8.914540e-03 2.603404e-07 8.527365e-03
4 5.519592e-03 5.680280e-03 2.594175e-07 5.285322e-03
5 4.040540e-03 3.960836e-03 2.585249e-07 3.675020e-03
6 2.748194e-03 2.571697e-03 2.577953e-07 2.409434e-03
7 2.127548e-03 2.056778e-03 2.570775e-07 1.864366e-03
8 1.852179e-03 1.794391e-03 2.560368e-07 1.530225e-03
9 1.512332e-03 1.842472e-03 2.548761e-07 1.241623e-03
10 1.444678e-03 1.943593e-03 2.533629e-07 1.204496e-03
11 1.235156e-03 1.794446e-03 2.521379e-07 1.041420e-03
12 9.904107e-04 1.388015e-03 2.514150e-07 8.427038e-04
13 8.287861e-04 9.579349e-04 2.506445e-07 7.019803e-04
14 7.002791e-04 7.679847e-04 2.499206e-07 5.918074e-04
1 3.349823e-02 5.121043e-02 3.200547e-07 3.531206e-02
2 9.226657e-03 1.070161e-02 3.197879e-07 9.583245e-03
3 8.021475e-03 9.173858e-03 3.195446e-07 8.567889e-03
4 5.210206e-03 5.793552e-03 3.185539e-07 5.256278e-03
5 4.292863e-03 4.781634e-03 3.172535e-07 4.267415e-03
6 2.976607e-03 3.312772e-03 3.160354e-07 2.815936e-03
7 2.176971e-03 2.495167e-03 3.151150e-07 2.007169e-03
8 1.649299e-03 1.926089e-03 3.142884e-07 1.446591e-03
9 1.766602e-03 2.191479e-03 3.134685e-07 1.584479e-03
10 1.368197e-03 1.357164e-03 3.125997e-07 1.152606e-03
11 1.174114e-03 1.223526e-03 3.116400e-07 1.003733e-03
12 1.010877e-03 8.556145e-04 3.105655e-07 8.045866e-04
13 1.140697e-03 1.088630e-03 3.094297e-07 9.264721e-04
14 1.229594e-03 1.526665e-03 3.083281e-07 1.065146e-03
15 1.303262e-03 1.840126e-03 3.073390e-07 1.165377e-03
16 1.222975e-03 1.579009e-03 3.062989e-07 1.066831e-03
17 1.103981e-03 1.524966e-03 3.052782e-07 9.805730e-04
18 9.345806e-04 1.283111e-03 3.044908e-07 8.437195e-04
19 7.256412e-04 1.059902e-03 3.039641e-07 6.912086e-04
1 3.783941e-02 4.623354e-02 3.568628e-07 3.839780e-02
2 9.246349e-03 1.050040e-02 3.564586e-07 9.572789e-03
3 8.888449e-03 9.738315e-03 3.553278e-07 9.349675e-03
4 7.381208e-03 7.899376e-03 3.537966e-07 7.505211e-03
5 6.155340e-03 6.619981e-03 3.514665e-07 6.119542e-03
6 4.265199e-03 4.393517e-03 3.491634e-07 3.964348e-03
7 3.389831e-03 3.598517e-03 3.466328e-07 3.167299e-03
8 2.694917e-03 2.568241e-03 3.454768e-07 2.215485e-03
9 2.361102e-03 2.322287e-03 3.428259e-07 1.982468e-03
10 2.109549e-03 2.001888e-03 3.405454e-07 1.688025e-03
11 1.888016e-03 2.368688e-03 3.375439e-07 1.555932e-03
12 1.749990e-03 1.973042e-03 3.361244e-07 1.410819e-03
13 1.395195e-03 1.888311e-03 3.343167e-07 1.183700e-03
14 1.630170e-03 1.349332e-03 3.317757e-07 1.323244e-03
15 1.091906e-03 1.159016e-03 3.310391e-07 9.141729e-04
16 9.670141e-04 9.655670e-04 3.297785e-07 8.123383e-04
17 8.091882e-04 9.004576e-04 3.287511e-07 6.811229e-04
1 4.125956e-02 4.154687e-02 3.948706e-07 4.055580e-02
2 9.993603e-03 1.058067e-02 3.944110e-07 9.946758e-03
3 9.710854e-03 1.015775e-02 3.937160e-07 9.879677e-03
4 6.238914e-03 6.607916e-03 3.912931e-07 6.038554e-03
5 4.583186e-03 4.852982e-03 3.888014e-07 4.394412e-03
6 3.179628e-03 3.357854e-03 3.867212e-07 2.956753e-03
7 2.480789e-03 2.537822e-03 3.856168e-07 2.197046e-03
8 2.187045e-03 2.352438e-03 3.835944e-07 1.963079e-03
9 1.767670e-03 1.553286e-03 3.818213e-07 1.402625e-03
10 1.363609e-03 1.270580e-03 3.801666e-07 1.094219e-03
11 1.381036e-03 1.173743e-03 3.787157e-07 1.096299e-03
12 1.550061e-03 1.583829e-03 3.770240e-07 1.338745e-03
13 1.306987e-03 1.203067e-03 3.750944e-07 1.088261e-03
14 1.277070e-03 1.130655e-03 3.734918e-07 1.048288e-03
15 9.892620e-04 9.334575e-04 3.719434e-07 8.143959e-04
16 1.062367e-03 1.051012e-03 3.708551e-07 8.809143e-04
17 9.039418e-04 9.547424e-04 3.698836e-07 7.684433e-04
1 4.228058e-02 4.296643e-02 4.383799e-07 4.135434e-02
2 1.114472e-02 1.138657e-02 4.379064e-07 1.092322e-02
3 1.077104e-02 1.090196e-02 4.364310e-07 1.076804e-02
4 7.820032e-03 8.019066e-03 4.319957e-07 7.588707e-03
5 4.927383e-03 5.371860e-03 4.306847e-07 4.587879e-03
6 4.432063e-03 4.914941e-03 4.265348e-07 4.123183e-03
7 3.551706e-03 3.487114e-03 4.251960e-07 2.977601e-03
8 3.192087e-03 3.257866e-03 4.199567e-07 2.707484e-03
9 2.940935e-03 2.412047e-03 4.180508e-07 2.304658e-03
10 2.703713e-03 2.430247e-03 4.151165e-07 2.174403e-03
11 2.461453e-03 2.541222e-03 4.116445e-07 2.009283e-03
12 1.895847e-03 2.635902e-03 4.104449e-07 1.652623e-03
13 1.476968e-03 1.628964e-03 4.087180e-07 1.273108e-03
14 1.135182e-03 8.893140e-04 4.069848e-07 9.297484e-04
15 1.503876e-03 1.439677e-03 4.054239e-07 1.213222e-03
16 1.396975e-03 1.314470e-03 4.031397e-07 1.102080e-03
17 1.230670e-03 1.051117e-03 4.019688e-07 9.736069e-04
18 1.076795e-03 1.103151e-03 4.002665e-07 8.959955e-04
19 1.136559e-03 1.130330e-03 3.981198e-07 8.837351e-04
1 4.524331e-02 4.654721e-02 4.638435e-07 4.380836e-02
2 1.097397e-02 1.166244e-02 4.632931e-07 1.072437e-02
3 1.127164e-02 1.153326e-02 4.631284e-07 1.117459e-02
4 6.699351e-03 7.538707e-03 4.628989e-07 6.752475e-03
5 4.685970e-03 4.896955e-03 4.617824e-07 4.485978e-03
6 3.273892e-03 3.383823e-03 4.602198e-07 2.936053e-03
7 2.310370e-03 2.412429e-03 4.592425e-07 2.013231e-03
8 1.602262e-03 1.756896e-03 4.586205e-07 1.380892e-03
9 1.301646e-03 1.281148e-03 4.581019e-07 1.087063e-03
10 1.132032e-03 1.211744e-03 4.576672e-07 9.585537e-04
11 9.397837e-04 1.295299e-03 4.573139e-07 8.409343e-04
12 8.714574e-04 1.319183e-03 4.569441e-07 8.333842e-04
1 4.387557e-02 4.869296e-02 5.612714e-07 4.254924e-02
2 1.136913e-02 1.227692e-02 5.606605e-07 1.102578e-02
3 1.183199e-02 1.214138e-02 5.589289e-07 1.147149e-02
4 9.920261e-03 1.025071e-02 5.566673e-07 9.164587e-03
5 8.663115e-03 8.893581e-03 5.550127e-07 7.985892e-03
6 7.843524e-03 8.061606e-03 5.523086e-07 7.203831e-03
7 6.487660e-03 6.780904e-03 5.470244e-07 5.915682e-03
8 4.471601e-03 4.671255e-03 5.448349e-07 3.787249e-03
9 3.971332e-03 4.269246e-03 5.381006e-07 3.409678e-03
10 3.438911e-03 3.344083e-03 5.364466e-07 2.765896e-03
11 3.246787e-03 3.188451e-03 5.296025e-07 2.626199e-03
12 3.551459e-03 2.634820e-03 5.228730e-07 2.771661e-03
13 3.155192e-03 3.935989e-03 5.202350e-07 2.655423e-03
14 2.877008e-03 2.971756e-03 5.157727e-07 2.366142e-03
15 2.228360e-03 1.929000e-03 5.139636e-07 1.785374e-03
16 1.798597e-03 2.057468e-03 5.108833e-07 1.533766e-03
17 1.507219e-03 1.287040e-03 5.073143e-07 1.173606e-03
18 1.722596e-03 2.902879e-03 5.045614e-07 1.594461e-03
19 1.188661e-03 9.677668e-04 5.010557e-07 9.291478e-04
20 1.715140e-03 1.502360e-03 4.994886e-07 1.388403e-03
21 1.255036e-03 8.594793e-04 4.957768e-07 9.855749e-04
22 1.419529e-03 1.291058e-03 4.946111e-07 1.099788e-03
23 1.174207e-03 1.074970e-03 4.928790e-07 9.178476e-04
24 1.108744e-03 1.147644e-03 4.901185e-07 9.030684e-04
25 1.122797e-03 1.429975e-03 4.891461e-07 9.530672e-04
1 4.396435e-02 4.974088e-02 5.183190e-07 4.233146e-02
2 1.073160e-02 1.260026e-02 5.178952e-07 1.057755e-02
3 1.112454e-02 1.222709e-02 5.178201e-07 1.108953e-02
4 6.714861e-03 7.910860e-03 5.177762e-07 6.768355e-03
5 4.458041e-03 5.300880e-03 5.176934e-07 4.448548e-03
6 2.975480e-03 3.545924e-03 5.175654e-07 2.858378e-03
7 1.984241e-03 2.424043e-03 5.174524e-07 1.879304e-03
8 1.412268e-03 1.695558e-03 5.173343e-07 1.288860e-03
9 1.068663e-03 1.229491e-03 5.172343e-07 9.487139e-04
10 8.244896e-04 9.305032e-04 5.171642e-07 7.406599e-04
11 6.781531e-04 8.311550e-04 5.171131e-07 6.181641e-04
1 4.257405e-02 4.944379e-02 6.758621e-07 4.071873e-02
2 9.990113e-03 1.238223e-02 6.752174e-07 9.909278e-03
3 1.033836e-02 1.164266e-02 6.737772e-07 1.012692e-02
4 9.265393e-03 1.035701e-02 6.719145e-07 8.872934e-03
5 8.109128e-03 9.160906e-03 6.659448e-07 7.616914e-03
6 6.094364e-03 6.260638e-03 6.640770e-07 5.161597e-03
7 5.711534e-03 5.991809e-03 6.603754e-07 4.922241e-03
8 4.798696e-03 5.110278e-03 6.531735e-07 4.108208e-03
9 3.566363e-03 3.452926e-03 6.512140e-07 2.870095e-03
10 3.349498e-03 3.284048e-03 6.460601e-07 2.724601e-03
11 3.094371e-03 2.940792e-03 6.443363e-07 2.462522e-03
12 3.032728e-03 2.914642e-03 6.405276e-07 2.425697e-03
13 2.836434e-03 2.664664e-03 6.370299e-07 2.241845e-03
14 3.006831e-03 4.233560e-03 6.291443e-07 2.568138e-03
15 3.079715e-03 2.656487e-03 6.266146e-07 2.487746e-03
16 2.864725e-03 3.455987e-03 6.246111e-07 2.470773e-03
17 2.568794e-03 2.437621e-03 6.209104e-07 2.176279e-03
18 2.125141e-03 1.770437e-03 6.169250e-07 1.740664e-03
19 2.097309e-03 3.242167e-03 6.154555e-07 1.851163e-03
20 1.683613e-03 1.729664e-03 6.105235e-07 1.399810e-03
21 2.272644e-03 2.016808e-03 6.069102e-07 1.884594e-03
22 1.417119e-03 1.519335e-03 6.023849e-07 1.229689e-03
23 1.890332e-03 1.975308e-03 6.004530e-07 1.535297e-03
24 1.483622e-03 2.067207e-03 5.978025e-07 1.270503e-03
25 1.579023e-03 2.023031e-03 5.941298e-07 1.337844e-03
26 9.869514e-04 9.193561e-04 5.922261e-07 8.032251e-04
27 9.946138e-04 1.016795e-03 5.903381e-07 8.143400e-04
28 9.808441e-04 1.046552e-03 5.893085e-07 7.850174e-04
1 4.179204e-02 4.871287e-02 6.190049e-07 3.939003e-02
2 8.788397e-03 1.205491e-02 6.186337e-07 9.068635e-03
3 8.609954e-03 1.068105e-02 6.185124e-07 8.782649e-03
4 5.478362e-03 6.978830e-03 6.183942e-07 5.573963e-03
5 3.675774e-03 4.642606e-03 6.183018e-07 3.647998e-03
6 2.369076e-03 3.088336e-03 6.182660e-07 2.347513e-03
7 1.579563e-03 2.096443e-03 6.182512e-07 1.547518e-03
8 1.086051e-03 1.456533e-03 6.182441e-07 1.054675e-03
9 7.765712e-04 1.046797e-03 6.182407e-07 7.503157e-04
10 5.763185e-04 7.707201e-04 6.182388e-07 5.541376e-04
11 4.410111e-04 5.825167e-04 6.182378e-07 4.239816e-04
1 4.081491e-02 4.943760e-02 8.046272e-07 3.851673e-02
2 7.430697e-03 1.081742e-02 8.038427e-07 7.774164e-03
3 7.000616e-03 9.019656e-03 8.008958e-07 6.935799e-03
4 6.563103e-03 8.030196e-03 7.948782e-07 6.291672e-03
5 5.532762e-03 5.749666e-03 7.902145e-07 4.577879e-03
6 5.019077e-03 5.537549e-03 7.866656e-07 4.295137e-03
7 4.758501e-03 5.173235e-03 7.763976e-07 4.022892e-03
8 3.888981e-03 4.078079e-03 7.745054e-07 3.142364e-03
9 3.759136e-03 3.842363e-03 7.674030e-07 3.041150e-03
10 3.510336e-03 3.277527e-03 7.642615e-07 2.806566e-03
11 3.158549e-03 3.037019e-03 7.584952e-07 2.539748e-03
12 2.944403e-03 2.601427e-03 7.508475e-07 2.344021e-03
13 3.166057e-03 4.925446e-03 7.463575e-07 2.760482e-03
14 2.744309e-03 2.864334e-03 7.441982e-07 2.332929e-03
15 2.621145e-03 2.954466e-03 7.386718e-07 2.247747e-03
16 2.756159e-03 2.845054e-03 7.325547e-07 2.369359e-03
17 3.192509e-03 3.595481e-03 7.305895e-07 2.623129e-03
18 2.805267e-03 2.627214e-03 7.221718e-07 2.298528e-03
19 3.043875e-03 4.012001e-03 7.201376e-07 2.655904e-03
20 2.235301e-03 1.935959e-03 7.159062e-07 1.821848e-03
21 1.963677e-03 1.789404e-03 7.084485e-07 1.572976e-03
22 2.348748e-03 2.621103e-03 7.034032e-07 2.003291e-03
23 1.787425e-03 2.914836e-03 6.981911e-07 1.601855e-03
24 1.978975e-03 2.482499e-03 6.960298e-07 1.649016e-03
25 1.539037e-03 1.814570e-03 6.939921e-07 1.314299e-03
26 1.232556e-03 1.687045e-03 6.900954e-07 1.064792e-03
27 1.820635e-03 2.436348e-03 6.887356e-07 1.593263e-03
28 1.387197e-03 1.354061e-03 6.843886e-07 1.153574e-03
29 1.964393e-03 1.509445e-03 6.833138e-07 1.547543e-03
30 1.859035e-03 1.398554e-03 6.806568e-07 1.476047e-03
31 1.996852e-03 1.396397e-03 6.760951e-07 1.565870e-03
32 1.684868e-03 2.373912e-03 6.735662e-07 1.519393e-03
33 1.734870e-03 2.948935e-03 6.693174e-07 1.538678e-03
34 1.244277e-03 1.397385e-03 6.676111e-07 1.089066e-03
35 1.297433e-03 2.152214e-03 6.648869e-07 1.221012e-03
36 1.236504e-03 1.144541e-03 6.624349e-07 1.028444e-03
37 1.253123e-03 1.353885e-03 6.600922e-07 1.037070e-03
38 1.159156e-03 9.854926e-04 6.592141e-07 9.402523e-04
39 1.146123e-03 1.071150e-03 6.575866e-07 9.398033e-04
40 1.225942e-03 1.611650e-03 6.549552e-07 1.067276e-03
41 1.639886e-03 1.593795e-03 6.520160e-07 1.444596e-03
42 1.186647e-03 1.458144e-03 6.501221e-07 1.074569e-03
43 1.622546e-03 1.714184e-03 6.480846e-07 1.395115e-03
44 1.176778e-03 1.269821e-03 6.451882e-07 1.050385e-03
45 1.197962e-03 1.156237e-03 6.444158e-07 1.032143e-03
46 1.118147e-03 1.064405e-03 6.419652e-07 9.746193e-04
47 1.163666e-03 1.220888e-03 6.399878e-07 1.000488e-03
48 8.725981e-04 8.309202e-04 6.383142e-07 7.424632e-04
49 9.422758e-04 9.438480e-04 6.375512e-07 8.444766e-04
50 7.864914e-04 1.019009e-03 6.361509e-07 7.164025e-04
1 3.946247e-02 5.062736e-02 5.248982e-07 3.764413e-02
2 6.155123e-03 9.135243e-03 5.241855e-07 6.352064e-03
3 5.314355e-03 7.285536e-03 5.222547e-07 5.421596e-03
4 4.842236e-03 6.055411e-03 5.199301e-07 4.423508e-03
5 4.464478e-03 5.521901e-03 5.176332e-07 4.137681e-03
6 3.817591e-03 4.768910e-03 5.135101e-07 3.598597e-03
7 3.556027e-03 3.409702e-03 5.115573e-07 2.839680e-03
8 3.227282e-03 3.167008e-03 5.081374e-07 2.612166e-03
9 3.124563e-03 2.835152e-03 5.008180e-07 2.513043e-03
10 2.331179e-03 1.791499e-03 4.994973e-07 1.815049e-03
11 2.225358e-03 1.975657e-03 4.927629e-07 1.790344e-03
12 2.344425e-03 2.544595e-03 4.911517e-07 1.877693e-03
13 2.128505e-03 2.463650e-03 4.857812e-07 1.726743e-03
14 1.679334e-03 1.508045e-03 4.824929e-07 1.353542e-03
15 1.460290e-03 1.407758e-03 4.803351e-07 1.154211e-03
16 1.370891e-03 1.197847e-03 4.770977e-07 1.079179e-03
17 1.700430e-03 2.045750e-03 4.748588e-07 1.376581e-03
18 1.572113e-03 1.792469e-03 4.708905e-07 1.304291e-03
19 1.645585e-03 2.003627e-03 4.675967e-07 1.500781e-03
20 1.967458e-03 2.679299e-03 4.637877e-07 1.708938e-03
21 1.960336e-03 2.327860e-03 4.616584e-07 1.680711e-03
22 1.742944e-03 1.584922e-03 4.574119e-07 1.460209e-03
23 1.902556e-03 1.818085e-03 4.553569e-07 1.531286e-03
24 1.649770e-03 1.343281e-03 4.512932e-07 1.331053e-03
25 1.695670e-03 1.481231e-03 4.501746e-07 1.370265e-03
26 1.443416e-03 1.283767e-03 4.465971e-07 1.185296e-03
27 1.227928e-03 1.045518e-03 4.452481e-07 9.832770e-04
28 1.145835e-03 9.210729e-04 4.435338e-07 9.477175e-04
29 1.001761e-03 1.247505e-03 4.424014e-07 8.606454e-04
1 4.021398e-02 5.336338e-02 4.653923e-07 3.882114e-02
2 5.331127e-03 7.407340e-03 4.650018e-07 5.339783e-03
3 4.542689e-03 5.553741e-03 4.648230e-07 4.432176e-03
4 2.807425e-03 3.157170e-03 4.638534e-07 2.578812e-03
5 1.777547e-03 2.148574e-03 4.619880e-07 1.545945e-03
6 1.369773e-03 1.549118e-03 4.604035e-07 1.141611e-03
7 1.344154e-03 1.296382e-03 4.596176e-07 1.081093e-03
8 1.155666e-03 1.352470e-03 4.581939e-07 9.766983e-04
9 1.204762e-03 1.403113e-03 4.561970e-07 1.012676e-03
10 1.197378e-03 1.133669e-03 4.543367e-07 1.046029e-03
11 9.584580e-04 1.086115e-03 4.529686e-07 8.218829e-04
12 8.191220e-04 9.205826e-04 4.514667e-07 6.839111e-04
13 8.527429e-04 9.597752e-04 4.499648e-07 7.158922e-04
1 4.161069e-02 5.638353e-02 5.429757e-07 4.047703e-02
2 4.846068e-03 5.693768e-03 5.424419e-07 4.977118e-03
3 4.445433e-03 4.782628e-03 5.421691e-07 4.513209e-03
4 2.313694e-03 2.750687e-03 5.417768e-07 2.280961e-03
5 1.698582e-03 1.753767e-03 5.400789e-07 1.413931e-03
6 1.254585e-03 1.263394e-03 5.384304e-07 1.037759e-03
7 9.495688e-04 8.335229e-04 5.373146e-07 7.498603e-04
8 6.836317e-04 6.793403e-04 5.363307e-07 5.622935e-04
9 6.566281e-04 6.803144e-04 5.356936e-07 5.367638e-04
1 4.126863e-02 5.794117e-02 6.782830e-07 4.084356e-02
2 5.440714e-03 6.553340e-03 6.775623e-07 5.506895e-03
3 5.150032e-03 6.126336e-03 6.765623e-07 5.351307e-03
4 3.418039e-03 3.993340e-03 6.744427e-07 3.241275e-03
5 2.464172e-03 2.764002e-03 6.705873e-07 2.239902e-03
6 2.317087e-03 1.908847e-03 6.689347e-07 1.826991e-03
7 2.012650e-03 1.662163e-03 6.648791e-07 1.606041e-03
8 2.127482e-03 1.767660e-03 6.637343e-07 1.683493e-03
9 2.073066e-03 2.029103e-03 6.609769e-07 1.690195e-03
10 2.314084e-03 1.988497e-03 6.551667e-07 1.869637e-03
11 2.505304e-03 1.963226e-03 6.514804e-07 1.936108e-03
12 2.321324e-03 2.296291e-03 6.479873e-07 1.864694e-03
13 2.027495e-03 1.545388e-03 6.432655e-07 1.563766e-03
14 2.055632e-03 2.176206e-03 6.399288e-07 1.716775e-03
15 1.755332e-03 2.307806e-03 6.374950e-07 1.598842e-03
16 1.749655e-03 2.932588e-03 6.317867e-07 1.710878e-03
17 2.539750e-03 2.583068e-03 6.294855e-07 2.188516e-03
18 2.416798e-03 2.363168e-03 6.232331e-07 2.066754e-03
19 2.204122e-03 2.073649e-03 6.218063e-07 1.745043e-03
20 1.900496e-03 1.551621e-03 6.164658e-07 1.537887e-03
21 1.900210e-03 1.536154e-03 6.156317e-07 1.628984e-03
22 1.745328e-03 1.651961e-03 6.130330e-07 1.536257e-03
23 1.283118e-03 1.249499e-03 6.092945e-07 1.123277e-03
24 1.207794e-03 1.216316e-03 6.078287e-07 1.049948e-03
25 1.133748e-03 1.254655e-03 6.044494e-07 1.016425e-03
26 9.852463e-04 9.692628e-04 6.035654e-07 8.527623e-04
27 8.533900e-04 8.987533e-04 6.012205e-07 7.222948e-04
28 1.008491e-03 1.258961e-03 6.005583e-07 8.316588e-04
1 4.135882e-02 5.623264e-02 6.256089e-07 4.085278e-02
2 7.080656e-03 8.704154e-03 6.250365e-07 6.910754e-03
3 6.543403e-03 8.124076e-03 6.246747e-07 6.630401e-03
4 4.050530e-03 4.609278e-03 6.228941e-07 3.651011e-03
5 3.306453e-03 3.816949e-03 6.189969e-07 2.962578e-03
6 2.768985e-03 2.412545e-03 6.157683e-07 2.198299e-03
7 1.947036e-03 1.786602e-03 6.144086e-07 1.546065e-03
8 1.882250e-03 1.595898e-03 6.102955e-07 1.485650e-03
9 2.294871e-03 1.701925e-03 6.091987e-07 1.799049e-03
10 2.203334e-03 1.926375e-03 6.042604e-07 1.763281e-03
11 2.263349e-03 1.932784e-03 6.023156e-07 1.778799e-03
12 2.308431e-03 2.189364e-03 5.986717e-07 1.851884e-03
13 2.145891e-03 2.032269e-03 5.935569e-07 1.703667e-03
14 2.035681e-03 1.366623e-03 5.917118e-07 1.608387e-03
15 1.882434e-03 1.814573e-03 5.901482e-07 1.576822e-03
16 1.676920e-03 2.154180e-03 5.867961e-07 1.474994e-03
17 1.800929e-03 3.001667e-03 5.835957e-07 1.736684e-03
18 1.939892e-03 3.240387e-03 5.798979e-07 1.893658e-03
19 2.750907e-03 2.348979e-03 5.779678e-07 2.158344e-03
20 2.332156e-03 1.860942e-03 5.717375e-07 1.857398e-03
21 1.908395e-03 1.565644e-03 5.706705e-07 1.573468e-03
22 1.729153e-03 1.563806e-03 5.667172e-07 1.435049e-03
23 2.103621e-03 3.003160e-03 5.658922e-07 1.832120e-03
24 1.967690e-03 2.697915e-03 5.620978e-07 1.724624e-03
25 1.505233e-03 1.404705e-03 5.612327e-07 1.266851e-03
26 1.423778e-03 1.356108e-03 5.581038e-07 1.219447e-03
27 1.421531e-03 1.269170e-03 5.572944e-07 1.201764e-03
28 1.182294e-03 1.156561e-03 5.560532e-07 1.018608e-03
29 8.848717e-04 9.321499e-04 5.541500e-07 7.724635e-04
30 9.093471e-04 8.771125e-04 5.532179e-07 7.669450e-04
31 7.846800e-04 1.023131e-03 5.522524e-07 6.775336e-04
1 4.112376e-02 5.293041e-02 5.620788e-07 4.040231e-02
2 8.376482e-03 1.022435e-02 5.615752e-07 8.074339e-03
3 7.910125e-03 9.931084e-03 5.612541e-07 7.890832e-03
4 4.936055e-03 5.576484e-03 5.591454e-07 4.431633e-03
5 3.686301e-03 4.198305e-03 5.561805e-07 3.292092e-03
6 2.854481e-03 2.637197e-03 5.546115e-07 2.271862e-03
7 2.481453e-03 2.300995e-03 5.512741e-07 2.012115e-03
8 2.323392e-03 2.188014e-03 5.500881e-07 1.815954e-03
9 2.123160e-03 2.098997e-03 5.466130e-07 1.709080e-03
10 2.100764e-03 1.711967e-03 5.454476e-07 1.659599e-03
11 2.073285e-03 1.857192e-03 5.414396e-07 1.653431e-03
12 2.517322e-03 2.314163e-03 5.394401e-07 1.975205e-03
13 1.990537e-03 1.854329e-03 5.357813e-07 1.595329e-03
14 1.936807e-03 1.472772e-03 5.336690e-07 1.507107e-03
15 1.787941e-03 1.753704e-03 5.313479e-07 1.491421e-03
16 1.539255e-03 2.466198e-03 5.271608e-07 1.498539e-03
17 2.381733e-03 3.355390e-03 5.243867e-07 2.189790e-03
18 2.216741e-03 2.884255e-03 5.200067e-07 2.039213e-03
19 2.389745e-03 1.813226e-03 5.188851e-07 1.894605e-03
20 2.102939e-03 1.732339e-03 5.150789e-07 1.695380e-03
21 1.627459e-03 1.433050e-03 5.142874e-07 1.349350e-03
22 1.549755e-03 1.621174e-03 5.122542e-07 1.339168e-03
23 1.638223e-03 1.841434e-03 5.110365e-07 1.414190e-03
24 1.557584e-03 1.729466e-03 5.088698e-07 1.362621e-03
25 1.433652e-03 1.278174e-03 5.081750e-07 1.221026e-03
26 1.339031e-03 1.422306e-03 5.062754e-07 1.168900e-03
27 1.131708e-03 1.087507e-03 5.053794e-07 9.776706e-04
28 9.165215e-04 9.666567e-04 5.043634e-07 8.146866e-04
29 7.154849e-04 7.823903e-04 5.034277e-07 6.232099e-04
1 4.058921e-02 4.721539e-02 5.170778e-07 3.925530e-02
2 9.535675e-03 1.149747e-02 5.166377e-07 9.165265e-03
3 8.965597e-03 1.128205e-02 5.163764e-07 8.863123e-03
4 5.986068e-03 6.965978e-03 5.154142e-07 5.578419e-03
5 4.987734e-03 5.831013e-03 5.138053e-07 4.622518e-03
6 3.891447e-03 4.482601e-03 5.113254e-07 3.552698e-03
7 2.818798e-03 2.771907e-03 5.089209e-07 2.305317e-03
8 2.160626e-03 2.117885e-03 5.059635e-07 1.789185e-03
9 1.889946e-03 1.702488e-03 5.041052e-07 1.471814e-03
10 1.547244e-03 1.539931e-03 5.011487e-07 1.262736e-03
11 1.470830e-03 1.494387e-03 4.992737e-07 1.181904e-03
12 1.336140e-03 1.666751e-03 4.962148e-07 1.124315e-03
13 1.435751e-03 1.914163e-03 4.949065e-07 1.181814e-03
14 1.455069e-03 1.961475e-03 4.916847e-07 1.203001e-03
15 1.266538e-03 1.965385e-03 4.897722e-07 1.158534e-03
16 1.143964e-03 1.343762e-03 4.877915e-07 1.019678e-03
17 1.214808e-03 1.280429e-03 4.850354e-07 1.060519e-03
18 1.673829e-03 2.042657e-03 4.798694e-07 1.403556e-03
19 1.327866e-03 1.962134e-03 4.785790e-07 1.195034e-03
20 1.443959e-03 1.858368e-03 4.748762e-07 1.232721e-03
21 1.585415e-03 1.739036e-03 4.741370e-07 1.340227e-03
22 1.441993e-03 1.751780e-03 4.710493e-07 1.233071e-03
23 1.342438e-03 1.228745e-03 4.704099e-07 1.047506e-03
24 1.437160e-03 1.303308e-03 4.683210e-07 1.147742e-03
25 1.720590e-03 1.747267e-03 4.674498e-07 1.382931e-03
26 1.536070e-03 1.511722e-03 4.658133e-07 1.257787e-03
27 1.241265e-03 9.942635e-04 4.651811e-07 9.789117e-04
28 1.049347e-03 9.592211e-04 4.641139e-07 8.464620e-04
29 8.151624e-04 7.104291e-04 4.633538e-07 6.664444e-04
1 3.956161e-02 4.024452e-02 4.724098e-07 3.758754e-02
2 1.021129e-02 1.229753e-02 4.720629e-07 9.809239e-03
3 9.457647e-03 1.187915e-02 4.719016e-07 9.284647e-03
4 5.939125e-03 7.265009e-03 4.717271e-07 5.763174e-03
5 3.595046e-03 4.380946e-03 4.714291e-07 3.445407e-03
6 2.343901e-03 2.702411e-03 4.711225e-07 2.171054e-03
7 1.491487e-03 1.722286e-03 4.709333e-07 1.386657e-03
8 9.766561e-04 1.114691e-03 4.708041e-07 9.015676e-04
9 6.665398e-04 7.471785e-04 4.707109e-07 6.055492e-04
10 5.163478e-04 5.336839e-04 4.706391e-07 4.516642e-04
1 3.692632e-02 3.418494e-02 6.153070e-07 3.454254e-02
2 1.013879e-02 1.248254e-02 6.144235e-07 9.801328e-03
3 9.578669e-03 1.159234e-02 6.109057e-07 9.032037e-03
4 9.189343e-03 1.018432e-02 6.048978e-07 8.227054e-03
5 7.276458e-03 7.405499e-03 6.001453e-07 6.075191e-03
6 5.957107e-03 6.415320e-03 5.889744e-07 5.118321e-03
7 5.338155e-03 4.928540e-03 5.870094e-07 4.329109e-03
8 4.734888e-03 4.549156e-03 5.821201e-07 3.899285e-03
9 3.614682e-03 3.489373e-03 5.746931e-07 2.942748e-03
10 2.844026e-03 2.570261e-03 5.733586e-07 2.273595e-03
11 2.636192e-03 2.402586e-03 5.720151e-07 2.151775e-03
12 2.383273e-03 2.293018e-03 5.690636e-07 2.002745e-03
13 2.029250e-03 1.813802e-03 5.638417e-07 1.665499e-03
14 2.040190e-03 1.591252e-03 5.618027e-07 1.644288e-03
15 2.164308e-03 1.835366e-03 5.531965e-07 1.774368e-03
16 2.229859e-03 2.903031e-03 5.507025e-07 1.955557e-03
17 2.272402e-03 3.103267e-03 5.410316e-07 1.975329e-03
18 2.806961e-03 3.325153e-03 5.390437e-07 2.477657e-03
19 2.387376e-03 2.899954e-03 5.293053e-07 2.137212e-03
20 2.348989e-03 2.221674e-03 5.280607e-07 1.829071e-03
21 2.407981e-03 1.761517e-03 5.257795e-07 1.859937e-03
22 2.287958e-03 1.941454e-03 5.206431e-07 1.812429e-03
23 2.082640e-03 1.546657e-03 5.192157e-07 1.599257e-03
24 1.906192e-03 1.704503e-03 5.175551e-07 1.509702e-03
25 1.966945e-03 1.567315e-03 5.156143e-07 1.550543e-03
26 1.708003e-03 2.079856e-03 5.121664e-07 1.406873e-03
27 1.497875e-03 1.361712e-03 5.108649e-07 1.241012e-03
28 1.330409e-03 1.276483e-03 5.071756e-07 1.086751e-03
29 1.523946e-03 1.521451e-03 5.053640e-07 1.284450e-03
30 1.279890e-03 1.540442e-03 5.018790e-07 1.097049e-03
31 1.279831e-03 1.623329e-03 5.002142e-07 1.102524e-03
32 9.919752e-04 1.155466e-03 4.972799e-07 8.829810e-04
33 1.125608e-03 1.253441e-03 4.957413e-07 9.941659e-04
34 8.940078e-04 1.116950e-03 4.947472e-07 8.134847e-04
1 3.489469e-02 3.276370e-02 4.800260e-07 3.190550e-02
2 1.036041e-02 1.275993e-02 4.797512e-07 1.000098e-02
3 8.653725e-03 1.078727e-02 4.795682e-07 8.424275e-03
4 5.610855e-03 6.675111e-03 4.787123e-07 5.295736e-03
5 3.719928e-03 4.331425e-03 4.780412e-07 3.453950e-03
6 3.098065e-03 3.555408e-03 4.768292e-07 2.850551e-03
7 2.100067e-03 2.286082e-03 4.756950e-07 1.881135e-03
8 1.652860e-03 1.504815e-03 4.743402e-07 1.350371e-03
9 1.287544e-03 1.457432e-03 4.725167e-07 1.045084e-03
10 1.172116e-03 1.392142e-03 4.694051e-07 9.881172e-04
11 1.007951e-03 1.262462e-03 4.683947e-07 9.148200e-04
12 1.024489e-03 1.395805e-03 4.655502e-07 9.494961e-04
1 3.100265e-02 3.015958e-02 7.791321e-07 2.818647e-02
2 1.682946e-02 1.919976e-02 5.801108e-07 1.550131e-02
3 9.589567e-03 1.153077e-02 5.743439e-07 8.941021e-03
4 6.498655e-03 7.838659e-03 5.715681e-07 5.834724e-03
5 6.259334e-03 7.227937e-03 5.656497e-07 5.464124e-03
6 5.494830e-03 6.040748e-03 5.615333e-07 4.682848e-03
7 4.876309e-03 5.046305e-03 5.566779e-07 4.005773e-03
8 4.867859e-03 4.655187e-03 5.537853e-07 3.912411e-03
9 4.452418e-03 4.407737e-03 5.502910e-07 3.691272e-03
10 4.627552e-03 4.286803e-03 5.473360e-07 3.771967e-03
11 4.219485e-03 4.002824e-03 5.395604e-07 3.521882e-03
12 4.753221e-03 3.139344e-03 5.374841e-07 3.624428e-03
13 4.067612e-03 2.839660e-03 5.338662e-07 3.127340e-03
14 3.477042e-03 2.554609e-03 5.270318e-07 2.703119e-03
15 2.786169e-03 2.839208e-03 5.245164e-07 2.198296e-03
16 2.662716e-03 2.572902e-03 5.154471e-07 2.093965e-03
17 2.432270e-03 3.089121e-03 5.135280e-07 2.028795e-03
18 2.216763e-03 1.961323e-03 5.066547e-07 1.736114e-03
19 2.208587e-03 1.737479e-03 5.042305e-07 1.811310e-03
20 1.580993e-03 1.385797e-03 5.020732e-07 1.302831e-03
21 1.381174e-03 1.424371e-03 4.997156e-07 1.133078e-03
22 1.344194e-03 1.244993e-03 4.962033e-07 1.145940e-03
23 2.009877e-03 1.961333e-03 4.939129e-07 1.710309e-03
24 1.929476e-03 2.063781e-03 4.878517e-07 1.682176e-03
25 1.926425e-03 2.059429e-03 4.856780e-07 1.567379e-03
26 1.979835e-03 1.805613e-03 4.785172e-07 1.674750e-03
27 2.003410e-03 1.996045e-03 4.767168e-07 1.659304e-03
28 1.891742e-03 2.147785e-03 4.692411e-07 1.594405e-03
29 2.084458e-03 2.361343e-03 4.679118e-07 1.696738e-03
30 2.040919e-03 2.533945e-03 4.638995e-07 1.695166e-03
31 1.563326e-03 2.527484e-03 4.617489e-07 1.509266e-03
32 1.523137e-03 2.245755e-03 4.587225e-07 1.394896e-03
33 1.605363e-03 1.485275e-03 4.566297e-07 1.305631e-03
34 1.598470e-03 1.591971e-03 4.551832e-07 1.316643e-03
35 1.731686e-03 1.712468e-03 4.533304e-07 1.404731e-03
36 1.510298e-03 1.561614e-03 4.506831e-07 1.287778e-03
37 1.615109e-03 1.412058e-03 4.494362e-07 1.332247e-03
38 1.365129e-03 1.336939e-03 4.468450e-07 1.169817e-03
39 1.279249e-03 1.473600e-03 4.450330e-07 1.112446e-03
40 1.151075e-03 2.159269e-03 4.425620e-07 1.103681e-03
41 1.248554e-03 1.281006e-03 4.413148e-07 1.025239e-03
42 1.062157e-03 9.988570e-04 4.390751e-07 8.726483e-04
43 1.008334e-03 8.979342e-04 4.380863e-07 8.085882e-04
44 7.716117e-04 7.279986e-04 4.370512e-07 6.256126e-04
1 2.724921e-02 2.685920e-02 3.814104e-07 2.425884e-02
2 8.951403e-03 1.113917e-02 3.812089e-07 8.656718e-03
3 6.520668e-03 7.931567e-03 3.810667e-07 6.298051e-03
4 4.265512e-03 4.909198e-03 3.802896e-07 3.971648e-03
5 3.458202e-03 3.766774e-03 3.794625e-07 3.151309e-03
6 2.293780e-03 2.430162e-03 3.784668e-07 2.073936e-03
7 1.826857e-03 1.569123e-03 3.771045e-07 1.528045e-03
8 1.529986e-03 1.710249e-03 3.758721e-07 1.260715e-03
9 1.303764e-03 1.084711e-03 3.746196e-07 1.052141e-03
10 1.135868e-03 1.575061e-03 3.728792e-07 9.592740e-04
11 1.239166e-03 1.125243e-03 3.704351e-07 1.033550e-03
12 1.147208e-03 1.160512e-03 3.691282e-07 9.666953e-04
13 1.331775e-03 1.467687e-03 3.666582e-07 1.125546e-03
14 1.661751e-03 1.730992e-03 3.654382e-07 1.416869e-03
15 2.036354e-03 2.131947e-03 3.627009e-07 1.841318e-03
16 2.792095e-03 3.226658e-03 3.611091e-07 2.466891e-03
17 2.614254e-03 3.056980e-03 3.584181e-07 2.432382e-03
18 2.060169e-03 2.844317e-03 3.571430e-07 1.888941e-03
19 1.935185e-03 2.467807e-03 3.559690e-07 1.813296e-03
20 1.501849e-03 1.893129e-03 3.548157e-07 1.324438e-03
21 1.216683e-03 1.477036e-03 3.539754e-07 1.092469e-03
22 9.732636e-04 9.374002e-04 3.533217e-07 8.294600e-04
23 8.644652e-04 8.477489e-04 3.526934e-07 7.507576e-04
24 8.119412e-04 7.993233e-04 3.519733e-07 7.010913e-04
1 2.356426e-02 2.388661e-02 3.986712e-07 2.113478e-02
2 7.271408e-03 9.551105e-03 3.984480e-07 7.388104e-03
3 5.885678e-03 7.228348e-03 3.965182e-07 5.836462e-03
4 5.398438e-03 6.096724e-03 3.932093e-07 5.231819e-03
5 3.234340e-03 3.367879e-03 3.913754e-07 2.714951e-03
6 2.751824e-03 2.651873e-03 3.867719e-07 2.327308e-03
7 1.886750e-03 1.423967e-03 3.839251e-07 1.442626e-03
8 1.361841e-03 1.735806e-03 3.814973e-07 1.062305e-03
9 1.252209e-03 2.458998e-03 3.798058e-07 1.089643e-03
10 1.352082e-03 2.890760e-03 3.788906e-07 1.255916e-03
11 1.270453e-03 2.779517e-03 3.777794e-07 1.212898e-03
12 1.048093e-03 2.070294e-03 3.768694e-07 9.901235e-04
13 1.068459e-03 1.401525e-03 3.756650e-07 8.976664e-04
14 1.091368e-03 9.597611e-04 3.744367e-07 8.827233e-04
1 1.826573e-02 1.806068e-02 4.508985e-07 1.634943e-02
2 6.029452e-03 7.775065e-03 4.507386e-07 5.980261e-03
3 3.958247e-03 5.000181e-03 4.501966e-07 3.893027e-03
4 3.083885e-03 3.174450e-03 4.473052e-07 2.702942e-03
5 2.110786e-03 1.594286e-03 4.457724e-07 1.713590e-03
6 1.709098e-03 1.420444e-03 4.429068e-07 1.418757e-03
7 1.816813e-03 1.984404e-03 4.410425e-07 1.521703e-03
8 1.849523e-03 2.129897e-03 4.386706e-07 1.542698e-03
9 1.781831e-03 1.670076e-03 4.356878e-07 1.463403e-03
10 1.707774e-03 1.619018e-03 4.331195e-07 1.417853e-03
11 1.847088e-03 2.015914e-03 4.299146e-07 1.611819e-03
12 2.021636e-03 2.314490e-03 4.284798e-07 1.734507e-03
13 1.747196e-03 2.107027e-03 4.273011e-07 1.538951e-03
14 1.780097e-03 1.990954e-03 4.254645e-07 1.529319e-03
15 1.601948e-03 1.721008e-03 4.238130e-07 1.347657e-03
16 1.892434e-03 1.709537e-03 4.223615e-07 1.580295e-03
17 1.500427e-03 1.412511e-03 4.194410e-07 1.306330e-03
18 1.810296e-03 2.089511e-03 4.182343e-07 1.492399e-03
19 1.639467e-03 1.719993e-03 4.154168e-07 1.382239e-03
20 1.375376e-03 1.162003e-03 4.147432e-07 1.152171e-03
21 1.244792e-03 1.057786e-03 4.131818e-07 1.061760e-03
22 1.166185e-03 9.505412e-04 4.109827e-07 9.658077e-04
23 1.013958e-03 9.827490e-04 4.090564e-07 8.570248e-04
24 8.606159e-04 8.353952e-04 4.080225e-07 7.239575e-04
1 1.893347e-02 3.497349e-02 2.894048e-07 1.721942e-02
2 8.958530e-03 2.274876e-02 2.867992e-07 1.018189e-02
3 7.328605e-03 6.775424e-03 2.821989e-07 6.661902e-03
4 6.820604e-03 5.802634e-03 2.718012e-07 5.764970e-03
5 5.651894e-03 3.643309e-03 2.684416e-07 4.435932e-03
6 5.156205e-03 3.971930e-03 2.650347e-07 4.176747e-03
7 4.237056e-03 3.283871e-03 2.601334e-07 3.408697e-03
8 4.114932e-03 3.515172e-03 2.549081e-07 3.328160e-03
9 5.103142e-03 4.863608e-03 2.493141e-07 4.299940e-03
10 4.225327e-03 3.345959e-03 2.460344e-07 3.377265e-03
11 4.615562e-03 4.554396e-03 2.414286e-07 4.006568e-03
12 4.921418e-03 8.105726e-03 2.385706e-07 4.372508e-03
13 3.863542e-03 4.263000e-03 2.361592e-07 3.532565e-03
14 3.287965e-03 4.145046e-03 2.330179e-07 2.887954e-03
15 3.431099e-03 3.664978e-03 2.321653e-07 2.936490e-03
16 3.280122e-03 3.722242e-03 2.313067e-07 2.970048e-03
17 3.080951e-03 3.585107e-03 2.300222e-07 2.826517e-03
18 2.374285e-03 2.713682e-03 2.296416e-07 2.011046e-03
19 2.129320e-03 2.200112e-03 2.289527e-07 1.835128e-03
20 2.249616e-03 2.988992e-03 2.286041e-07 1.953970e-03
21 1.775794e-03 2.027053e-03 2.279570e-07 1.499188e-03
22 1.711925e-03 2.036784e-03 2.275389e-07 1.442990e-03
23 1.609457e-03 1.776256e-03 2.267732e-07 1.385810e-03
24 1.578098e-03 1.795133e-03 2.262996e-07 1.350052e-03
25 1.503014e-03 1.722390e-03 2.254777e-07 1.327200e-03
26 1.334394e-03 1.519125e-03 2.250659e-07 1.171576e-03
27 1.294977e-03 1.575085e-03 2.244064e-07 1.159096e-03
28 1.268951e-03 1.536380e-03 2.235985e-07 1.154226e-03
29 1.383295e-03 1.765897e-03 2.225240e-07 1.260107e-03
30 2.313057e-03 2.334364e-03 2.212540e-07 1.941510e-03
31 1.807769e-03 2.034715e-03 2.203603e-07 1.554454e-03
32 2.416318e-03 3.140891e-03 2.199291e-07 2.160116e-03
33 1.632682e-03 1.792452e-03 2.192198e-07 1.406256e-03
34 1.701550e-03 2.043979e-03 2.184312e-07 1.561747e-03
35 1.328375e-03 1.677240e-03 2.177905e-07 1.192874e-03
36 1.203549e-03 1.435337e-03 2.175141e-07 1.027724e-03
37 1.069741e-03 1.356701e-03 2.172664e-07 9.009412e-04
38 1.142306e-03 1.274480e-03 2.171192e-07 1.000845e-03
39 8.551015e-04 1.074648e-03 2.169788e-07 7.150042e-04
40 8.149927e-04 8.801185e-04 2.168882e-07 7.129497e-04
41 6.465747e-04 8.396136e-04 2.168112e-07 5.469384e-04
1 2.510208e-02 2.671458e-02 1.919246e-07 2.149664e-02
2 6.187006e-03 6.523247e-03 1.911520e-07 5.536763e-03
3 6.750069e-03 6.536705e-03 1.903901e-07 5.871126e-03
4 6.997237e-03 6.632384e-03 1.890913e-07 5.961597e-03
5 7.065855e-03 6.540084e-03 1.866093e-07 5.902726e-03
6 5.658974e-03 5.260063e-03 1.855087e-07 4.769878e-03
7 5.129026e-03 4.753309e-03 1.839661e-07 4.393556e-03
8 4.478694e-03 4.004637e-03 1.825260e-07 3.729988e-03
9 4.269326e-03 4.718670e-03 1.809483e-07 3.569576e-03
10 3.538906e-03 3.120986e-03 1.802669e-07 2.892969e-03
11 3.367538e-03 3.060340e-03 1.791975e-07 2.766632e-03
12 3.227117e-03 3.518901e-03 1.776006e-07 2.693689e-03
13 2.502114e-03 2.498086e-03 1.763361e-07 2.086099e-03
14 2.184149e-03 2.311411e-03 1.752237e-07 1.852794e-03
15 2.044167e-03 2.352379e-03 1.738287e-07 1.753554e-03
16 2.157916e-03 2.728269e-03 1.728374e-07 1.907544e-03
17 2.665645e-03 2.859890e-03 1.708111e-07 2.297503e-03
18 2.571850e-03 2.950967e-03 1.701240e-07 2.288761e-03
19 2.475310e-03 2.702821e-03 1.687174e-07 2.176486e-03
20 2.203491e-03 2.653629e-03 1.681479e-07 1.936488e-03
21 2.038007e-03 2.443237e-03 1.671578e-07 1.794244e-03
22 1.929518e-03 2.095936e-03 1.665209e-07 1.682713e-03
23 1.656506e-03 1.865996e-03 1.662130e-07 1.451974e-03
24 1.513898e-03 1.583375e-03 1.660627e-07 1.294306e-03
25 1.189356e-03 1.444738e-03 1.658791e-07 1.095893e-03
26 1.004487e-03 1.231991e-03 1.658084e-07 9.342652e-04
27 8.469424e-04 1.042553e-03 1.657718e-07 7.883109e-04
28 7.065902e-04 8.812121e-04 1.657522e-07 6.607288e-04
1 3.250653e-02 3.597998e-02 1.685735e-07 2.915707e-02
2 7.610368e-03 8.139607e-03 1.679321e-07 6.820150e-03
3 8.560528e-03 8.670658e-03 1.668069e-07 7.541950e-03
4 1.192393e-02 9.970811e-03 1.646377e-07 1.031548e-02
5 7.452656e-03 7.394561e-03 1.627026e-07 6.388130e-03
6 6.066592e-03 5.638701e-03 1.615899e-07 5.295258e-03
7 4.784592e-03 4.722909e-03 1.605525e-07 4.197925e-03
8 4.127949e-03 4.012274e-03 1.594660e-07 3.550151e-03
9 3.561944e-03 3.408869e-03 1.583540e-07 3.016142e-03
10 3.203998e-03 2.926309e-03 1.571465e-07 2.666623e-03
11 2.737337e-03 2.511162e-03 1.560878e-07 2.303817e-03
12 2.499468e-03 2.335957e-03 1.552449e-07 2.109294e-03
13 2.431714e-03 2.809839e-03 1.543779e-07 2.083897e-03
14 2.110144e-03 2.468261e-03 1.537282e-07 1.797631e-03
15 1.851451e-03 2.003241e-03 1.533049e-07 1.565421e-03
16 1.609542e-03 1.532009e-03 1.529429e-07 1.353518e-03
17 1.592963e-03 1.634784e-03 1.525154e-07 1.353528e-03
18 1.423584e-03 1.476200e-03 1.520976e-07 1.183160e-03
19 1.159415e-03 1.175198e-03 1.517824e-07 9.877246e-04
20 9.980451e-04 1.048257e-03 1.515305e-07 8.479362e-04
21 9.234716e-04 9.774918e-04 1.512972e-07 7.933846e-04
1 3.839509e-02 4.120661e-02 1.507797e-07 3.530187e-02
2 7.568548e-03 9.097589e-03 1.488776e-07 7.177136e-03
3 1.050520e-02 1.066421e-02 1.464421e-07 9.291814e-03
4 8.257216e-03 8.220870e-03 1.445919e-07 7.171933e-03
5 6.304323e-03 6.493914e-03 1.434739e-07 5.707351e-03
6 5.335433e-03 5.396658e-03 1.423436e-07 4.810552e-03
7 4.878297e-03 4.680042e-03 1.408950e-07 4.278857e-03
8 4.404613e-03 4.031718e-03 1.394868e-07 3.847887e-03
9 3.962769e-03 3.525826e-03 1.383079e-07 3.486359e-03
10 3.550938e-03 3.101041e-03 1.371953e-07 3.100737e-03
11 3.091311e-03 2.753025e-03 1.363473e-07 2.637309e-03
12 2.422839e-03 2.328875e-03 1.358260e-07 2.053206e-03
13 1.890499e-03 1.911798e-03 1.354985e-07 1.599881e-03
14 1.543277e-03 1.531874e-03 1.352819e-07 1.295498e-03
15 1.192404e-03 1.167986e-03 1.351367e-07 1.002994e-03
16 9.289541e-04 1.155368e-03 1.350300e-07 7.889079e-04
17 7.905588e-04 1.309460e-03 1.349294e-07 6.893904e-04
18 7.600723e-04 1.545980e-03 1.348178e-07 7.097530e-04
1 2.806279e-02 3.617039e-02 1.308425e-07 2.537188e-02
2 9.261361e-03 8.566256e-03 1.299134e-07 8.442706e-03
3 1.021352e-02 9.457036e-03 1.284693e-07 9.068667e-03
4 8.578728e-03 7.844912e-03 1.270599e-07 7.573328e-03
5 6.345861e-03 5.971997e-03 1.262390e-07 5.653590e-03
6 4.771421e-03 4.915802e-03 1.256975e-07 4.353628e-03
7 3.991915e-03 4.119740e-03 1.251287e-07 3.578437e-03
8 3.801602e-03 3.715315e-03 1.243301e-07 3.215961e-03
9 3.879135e-03 3.608734e-03 1.229774e-07 3.103892e-03
10 3.792533e-03 3.333291e-03 1.214771e-07 3.049989e-03
11 3.615226e-03 2.886147e-03 1.201174e-07 2.904599e-03
12 3.002265e-03 2.370014e-03 1.192260e-07 2.419611e-03
13 2.261321e-03 2.061488e-03 1.187657e-07 1.834032e-03
14 1.701370e-03 1.684263e-03 1.184828e-07 1.389202e-03
15 1.371490e-03 1.294952e-03 1.182942e-07 1.121648e-03
16 9.611360e-04 9.983389e-04 1.181756e-07 7.887228e-04
17 7.498628e-04 7.718913e-04 1.180865e-07 6.213667e-04
18 6.606901e-04 6.268230e-04 1.180097e-07 5.423393e-04
1 2.739648e-02 3.180223e-02 1.227322e-07 2.618431e-02
2 1.023289e-02 9.630565e-03 1.216314e-07 8.987322e-03
3 9.823040e-03 9.114923e-03 1.202221e-07 8.704262e-03
4 7.215524e-03 6.812105e-03 1.196024e-07 6.501218e-03
5 5.213434e-03 5.090154e-03 1.192240e-07 4.749668e-03
6 3.932255e-03 4.004812e-03 1.189595e-07 3.616075e-03
7 3.119306e-03 3.195115e-03 1.187551e-07 2.852756e-03
8 2.585888e-03 2.565188e-03 1.185886e-07 2.321296e-03
9 2.196935e-03 2.090936e-03 1.184544e-07 1.939164e-03
10 1.905169e-03 1.742181e-03 1.183373e-07 1.659279e-03
11 1.704964e-03 1.556001e-03 1.182201e-07 1.461920e-03
12 1.604894e-03 1.384867e-03 1.180724e-07 1.337687e-03
13 1.629750e-03 1.376832e-03 1.178386e-07 1.313424e-03
14 1.866484e-03 1.544720e-03 1.174028e-07 1.469886e-03
15 2.184324e-03 1.634093e-03 1.167413e-07 1.691193e-03
16 2.424808e-03 1.854868e-03 1.160212e-07 1.893698e-03
17 2.481400e-03 2.307865e-03 1.153558e-07 1.948979e-03
18 2.253632e-03 2.401077e-03 1.148570e-07 1.793629e-03
19 1.788604e-03 1.969772e-03 1.145479e-07 1.431668e-03
20 1.340607e-03 1.374821e-03 1.143632e-07 1.062976e-03
21 9.941661e-04 8.292985e-04 1.142505e-07 7.782587e-04
22 7.256588e-04 6.254932e-04 1.141777e-07 5.696364e-04
23 5.717902e-04 4.989870e-04 1.141247e-07 4.547292e-04
1 3.168685e-02 4.376582e-02 1.215069e-07 3.144833e-02
2 1.119020e-02 9.460479e-03 1.197205e-07 9.632305e-03
3 9.944710e-03 9.867641e-03 1.186982e-07 9.118360e-03
4 7.100426e-03 7.052111e-03 1.182382e-07 6.546640e-03
5 4.901000e-03 5.030449e-03 1.179396e-07 4.573767e-03
6 3.537274e-03 3.659506e-03 1.176497e-07 3.259978e-03
7 2.677411e-03 2.615516e-03 1.174096e-07 2.390466e-03
8 2.108034e-03 2.080287e-03 1.172075e-07 1.810024e-03
9 1.693360e-03 2.045482e-03 1.170428e-07 1.422381e-03
10 1.348301e-03 1.917592e-03 1.169297e-07 1.147463e-03
11 1.097463e-03 1.763140e-03 1.168585e-07 9.662721e-04
12 8.915998e-04 1.538551e-03 1.168138e-07 8.140302e-04
13 7.282195e-04 1.331594e-03 1.167830e-07 6.869521e-04
1 3.425473e-02 5.581094e-02 1.277988e-07 3.545848e-02
2 9.556699e-03 9.950307e-03 1.265553e-07 9.249932e-03
3 1.042090e-02 1.000963e-02 1.248257e-07 9.764166e-03
4 7.013771e-03 6.854173e-03 1.237825e-07 6.585632e-03
5 5.873730e-03 5.384208e-03 1.222697e-07 5.073949e-03
6 5.239496e-03 4.325027e-03 1.206484e-07 4.182204e-03
7 4.722406e-03 3.546674e-03 1.191512e-07 3.637321e-03
8 3.881887e-03 2.989540e-03 1.180959e-07 2.955795e-03
9 2.710810e-03 2.411684e-03 1.175443e-07 2.061467e-03
10 1.831908e-03 1.771116e-03 1.172514e-07 1.399117e-03
11 1.263710e-03 1.221524e-03 1.170733e-07 9.707747e-04
12 8.616782e-04 7.847136e-04 1.169544e-07 6.685669e-04
13 5.786352e-04 4.930061e-04 1.168676e-07 4.594610e-04
1 3.714569e-02 6.031228e-02 1.302971e-07 3.848076e-02
2 1.083384e-02 1.037544e-02 1.287222e-07 1.023950e-02
3 1.139454e-02 1.109711e-02 1.271716e-07 1.084531e-02
4 7.782416e-03 7.906737e-03 1.263765e-07 7.670805e-03
5 5.560522e-03 5.779025e-03 1.255786e-07 5.398582e-03
6 4.098604e-03 4.329519e-03 1.249022e-07 3.889125e-03
7 3.328698e-03 3.207260e-03 1.241392e-07 2.939083e-03
8 2.797873e-03 2.415926e-03 1.234153e-07 2.318624e-03
9 2.427421e-03 1.791200e-03 1.227361e-07 1.884505e-03
10 2.117694e-03 1.376008e-03 1.220189e-07 1.593410e-03
11 1.932091e-03 1.347769e-03 1.214540e-07 1.448073e-03
12 1.810124e-03 1.354348e-03 1.210337e-07 1.379621e-03
13 1.393890e-03 1.291399e-03 1.207523e-07 1.102584e-03
14 9.933651e-04 1.160574e-03 1.205811e-07 8.323964e-04
15 6.959715e-04 9.001272e-04 1.204816e-07 6.070754e-04
16 5.275128e-04 6.275141e-04 1.204217e-07 4.458032e-04
1 3.984566e-02 6.033177e-02 1.176014e-07 4.032140e-02
2 1.176090e-02 1.159771e-02 1.155423e-07 1.108740e-02
3 1.254165e-02 1.224146e-02 1.137330e-07 1.174553e-02
4 8.415026e-03 8.888926e-03 1.131542e-07 8.199051e-03
5 5.870800e-03 6.619828e-03 1.127142e-07 5.784725e-03
6 4.190909e-03 4.890066e-03 1.123717e-07 4.084334e-03
7 3.093239e-03 3.569300e-03 1.120796e-07 2.916127e-03
8 2.376030e-03 2.606957e-03 1.118133e-07 2.119988e-03
9 1.939000e-03 1.923220e-03 1.115272e-07 1.615015e-03
10 1.642153e-03 1.453432e-03 1.112484e-07 1.309415e-03
11 1.361241e-03 1.133335e-03 1.109939e-07 1.069276e-03
12 1.237171e-03 9.378141e-04 1.107695e-07 9.672220e-04
13 1.142748e-03 9.492030e-04 1.105750e-07 9.012079e-04
14 1.108573e-03 9.656679e-04 1.104021e-07 8.817827e-04
1 4.202169e-02 5.656509e-02 1.184947e-07 4.176774e-02
2 1.202440e-02 1.288798e-02 1.164414e-07 1.174923e-02
3 1.304065e-02 1.301241e-02 1.144727e-07 1.194695e-02
4 1.051467e-02 1.063641e-02 1.130016e-07 9.530962e-03
5 7.099225e-03 7.284601e-03 1.120108e-07 6.519821e-03
6 4.746109e-03 5.016118e-03 1.114054e-07 4.429297e-03
7 3.223337e-03 3.477172e-03 1.110385e-07 3.017955e-03
8 2.265217e-03 2.431026e-03 1.107541e-07 2.089375e-03
9 1.760475e-03 1.757662e-03 1.105292e-07 1.543548e-03
10 1.506417e-03 1.232944e-03 1.103476e-07 1.257914e-03
11 1.378070e-03 1.464430e-03 1.101998e-07 1.184831e-03
12 1.264172e-03 1.896744e-03 1.100706e-07 1.144628e-03
13 1.188220e-03 2.340066e-03 1.099518e-07 1.158397e-03
14 1.086266e-03 2.517191e-03 1.098409e-07 1.118332e-03
15 9.480337e-04 2.268582e-03 1.097377e-07 9.847029e-04
16 7.920100e-04 1.839241e-03 1.096451e-07 8.099644e-04
17 6.506053e-04 1.428381e-03 1.095648e-07 6.514421e-04
1 4.193683e-02 5.541594e-02 1.158384e-07 4.191896e-02
2 1.325860e-02 1.371095e-02 1.134993e-07 1.223181e-02
3 1.190289e-02 1.390491e-02 1.123973e-07 1.199582e-02
4 9.459518e-03 1.034963e-02 1.113132e-07 9.057794e-03
5 7.449130e-03 7.286469e-03 1.103510e-07 6.555652e-03
6 5.597037e-03 5.011288e-03 1.094749e-07 4.664402e-03
7 4.420682e-03 3.489567e-03 1.086838e-07 3.510051e-03
8 3.286671e-03 2.369728e-03 1.080848e-07 2.535131e-03
9 2.242643e-03 1.638591e-03 1.076802e-07 1.716064e-03
10 1.486653e-03 1.163984e-03 1.073937e-07 1.152227e-03
11 1.037350e-03 8.494147e-04 1.071826e-07 8.138392e-04
12 8.463327e-04 6.860427e-04 1.070235e-07 6.606678e-04
13 7.582431e-04 5.967364e-04 1.069009e-07 5.958852e-04
1 4.420687e-02 5.540840e-02 1.137418e-07 4.337169e-02
2 1.430204e-02 1.501100e-02 1.112927e-07 1.285669e-02
3 1.245777e-02 1.509868e-02 1.103406e-07 1.232557e-02
4 8.641712e-03 1.019107e-02 1.098915e-07 8.628135e-03
5 6.323259e-03 7.113832e-03 1.094547e-07 6.208104e-03
6 4.754300e-03 4.907157e-03 1.090571e-07 4.445057e-03
7 3.613766e-03 3.351221e-03 1.086726e-07 3.193257e-03
8 2.705678e-03 2.215710e-03 1.083202e-07 2.256016e-03
9 2.064552e-03 1.451445e-03 1.079962e-07 1.628304e-03
10 1.641703e-03 9.951506e-04 1.076854e-07 1.239705e-03
11 1.368424e-03 8.833286e-04 1.073882e-07 1.019059e-03
12 1.182738e-03 8.461294e-04 1.071002e-07 8.910228e-04
13 1.037665e-03 8.029107e-04 1.068241e-07 7.989875e-04
14 8.856302e-04 7.846059e-04 1.065725e-07 7.075712e-04
1 4.473576e-02 5.796492e-02 1.165540e-07 4.484843e-02
2 1.473639e-02 1.559995e-02 1.134621e-07 1.308922e-02
3 1.282616e-02 1.566038e-02 1.120285e-07 1.237273e-02
4 9.250769e-03 1.097908e-02 1.113258e-07 9.018509e-03
5 6.553666e-03 7.467146e-03 1.108644e-07 6.360202e-03
6 4.527770e-03 4.975867e-03 1.105788e-07 4.341750e-03
7 3.174170e-03 3.323609e-03 1.103877e-07 2.979546e-03
8 2.275867e-03 2.238907e-03 1.102453e-07 2.067635e-03
9 1.670116e-03 1.582266e-03 1.101311e-07 1.454151e-03
10 1.287468e-03 1.135914e-03 1.100326e-07 1.068501e-03
11 1.057433e-03 8.686940e-04 1.099432e-07 8.553114e-04
12 9.456708e-04 1.064788e-03 1.098537e-07 7.787420e-04
13 9.306921e-04 1.356239e-03 1.097580e-07 8.177595e-04
1 4.556079e-02 6.088575e-02 1.174484e-07 4.738522e-02
2 1.399010e-02 1.601707e-02 1.147448e-07 1.272218e-02
3 1.258942e-02 1.540650e-02 1.137355e-07 1.221649e-02
4 9.176103e-03 1.077506e-02 1.126576e-07 8.751672e-03
5 6.839049e-03 7.305809e-03 1.115572e-07 6.224456e-03
6 5.246670e-03 4.964617e-03 1.105305e-07 4.510051e-03
7 4.059434e-03 3.388533e-03 1.096551e-07 3.324750e-03
8 2.955070e-03 2.167562e-03 1.090272e-07 2.307966e-03
9 2.061003e-03 1.486866e-03 1.086357e-07 1.566823e-03
10 1.475909e-03 1.049384e-03 1.083401e-07 1.113202e-03
11 1.039230e-03 8.232795e-04 1.081562e-07 7.916891e-04
12 7.586126e-04 6.991134e-04 1.080375e-07 5.886329e-04
13 5.994759e-04 5.964241e-04 1.079553e-07 4.743389e-04
1 4.943096e-02 6.416265e-02 1.125187e-07 5.123152e-02
2 1.430258e-02 1.588077e-02 1.101523e-07 1.283750e-02
3 1.355508e-02 1.639938e-02 1.087438e-07 1.267656e-02
4 9.300952e-03 1.099901e-02 1.083245e-07 8.886849e-03
5 6.557206e-03 7.515984e-03 1.079569e-07 6.174253e-03
6 4.771334e-03 5.105845e-03 1.076131e-07 4.332910e-03
7 3.581543e-03 3.470242e-03 1.072632e-07 3.091648e-03
8 2.759316e-03 2.312014e-03 1.069153e-07 2.254679e-03
9 2.160176e-03 1.677439e-03 1.065886e-07 1.692037e-03
10 1.746258e-03 1.306737e-03 1.062825e-07 1.341054e-03
11 1.421097e-03 1.013678e-03 1.059934e-07 1.093421e-03
12 1.159009e-03 8.848391e-04 1.056852e-07 9.105054e-04
13 1.004597e-03 8.108997e-04 1.054152e-07 8.030690e-04
14 8.896364e-04 7.230443e-04 1.052005e-07 7.134855e-04
1 5.421958e-02 6.860564e-02 1.143967e-07 5.616519e-02
2 1.376766e-02 1.551938e-02 1.113717e-07 1.248726e-02
3 1.310776e-02 1.582226e-02 1.100940e-07 1.230878e-02
4 9.556646e-03 1.095874e-02 1.089854e-07 8.733459e-03
5 6.260081e-03 6.761099e-03 1.083806e-07 5.596565e-03
6 4.232368e-03 4.346229e-03 1.080106e-07 3.729962e-03
7 2.696963e-03 2.793400e-03 1.077877e-07 2.406992e-03
8 1.831544e-03 1.817904e-03 1.076312e-07 1.620350e-03
9 1.319492e-03 1.184421e-03 1.075045e-07 1.137509e-03
10 1.022708e-03 8.716470e-04 1.073929e-07 8.487470e-04
11 8.510956e-04 6.696456e-04 1.072893e-07 6.830130e-04
12 7.599068e-04 7.344744e-04 1.071887e-07 6.099390e-04
1 5.791130e-02 7.595228e-02 1.137337e-07 6.135553e-02
2 1.416257e-02 1.467175e-02 1.109731e-07 1.285788e-02
3 1.309929e-02 1.581648e-02 1.099010e-07 1.250398e-02
4 8.818634e-03 1.020524e-02 1.089063e-07 8.045028e-03
5 6.505239e-03 6.687650e-03 1.079484e-07 5.605250e-03
6 4.790347e-03 4.384673e-03 1.071099e-07 3.919954e-03
7 3.642496e-03 2.926789e-03 1.063867e-07 2.857831e-03
8 2.721712e-03 1.872363e-03 1.058306e-07 2.064000e-03
9 1.977697e-03 1.239658e-03 1.054356e-07 1.476731e-03
10 1.491461e-03 1.046256e-03 1.051592e-07 1.117890e-03
11 1.208867e-03 1.129967e-03 1.049484e-07 9.577924e-04
12 1.040185e-03 1.471855e-03 1.047667e-07 9.308319e-04
13 9.479267e-04 1.699044e-03 1.045920e-07 9.689247e-04
