1.001483e+00 1.000432e+00
1.001341e+00 1.000390e+00
1.002443e+00 1.000707e+00
1.001816e+00 1.000484e+00
1.002794e+00 1.000697e+00
1.002406e+00 1.000736e+00
1.003169e+00 1.001023e+00
1.003611e+00 1.001206e+00
1.003843e+00 1.001506e+00
1.004580e+00 1.001894e+00
1.004730e+00 1.002105e+00
1.006491e+00 1.003151e+00
1.008377e+00 1.004112e+00
1.010281e+00 1.004912e+00
1.013244e+00 1.006220e+00
1.016439e+00 1.007797e+00
1.018705e+00 1.008430e+00
1.020590e+00 1.010767e+00
1.022630e+00 1.010300e+00
1.023076e+00 1.010618e+00
1.027185e+00 1.010465e+00
1.025663e+00 1.007383e+00
1.031645e+00 1.011405e+00
1.029584e+00 1.008689e+00
1.036254e+00 1.012848e+00
1.026363e+00 1.007922e+00
1.024055e+00 1.008032e+00
1.026227e+00 1.009386e+00
1.031165e+00 1.010692e+00
1.029032e+00 1.009488e+00
1.026637e+00 1.009041e+00
1.025055e+00 1.008606e+00
1.023516e+00 1.007892e+00
1.028849e+00 1.014268e+00
1.023637e+00 1.007280e+00
1.026720e+00 1.015485e+00
1.019259e+00 1.007118e+00
1.020145e+00 1.010691e+00
1.021762e+00 1.012721e+00
1.022001e+00 1.011449e+00
1.012177e+00 1.004099e+00
1.010023e+00 1.002951e+00
1.007028e+00 1.001743e+00
1.005124e+00 1.001300e+00
1.003553e+00 1.000922e+00
1.002582e+00 1.000673e+00
1.004228e+00 1.001290e+00
1.003825e+00 1.000934e+00
1.002776e+00 1.000725e+00
1.003021e+00 1.000828e+00
1.002846e+00 1.000807e+00
1.002266e+00 1.000586e+00
1.002190e+00 1.000599e+00
1.002878e+00 1.000700e+00
1.002532e+00 1.000555e+00
1.002343e+00 1.000545e+00
1.002721e+00 1.000630e+00
1.002041e+00 1.000470e+00
