16 1475
26 1446
23 1479
28 1534
11 1543
12 1573
24 1625
15 1642
15 1684
12 1706
21 1747
14 1762
16 1783
9 1803
9 1823
10 1818
10 1818
10 1842
9 1838
9 1836
9 1858
15 1878
10 1882
9 1872
9 1878
9 1873
9 1863
9 1878
12 1895
13 1957
9 1975
11 1983
13 1956
9 1958
13 1958
11 1929
13 1935
12 1918
9 1927
11 1945
10 1915
9 1913
9 1906
9 1911
7 1917
9 1898
9 1892
9 1933
9 1964
9 1973
9 1961
8 1957
9 2017
14 2045
13 2099
10 2134
9 2133
11 2122
9 2146
9 2138
9 2149
9 2154
9 2076
9 2027
9 2003
9 1993
9 1987
9 2000
9 1994
9 2009
8 2019
7 2040
7 2038
8 2053
9 2069
9 2047
9 2029
8 2020
9 2000
9 1952
11 1955
8 1947
8 1948
8 1937
8 1946
8 1942
8 1948
14 1963
8 1985
8 2022
11 2052
8 2077
8 2097
8 2112
8 2109
8 2096
8 2087
10 2080
10 2046
10 2030
14 2018
12 2027
15 2047
15 2046
18 2061
18 2084
14 2086
20 2113
19 2127
28 2156
52 2158
42 2223
47 2320
56 2364
62 2409
76 2369
63 2351
71 2306
79 2313
77 2364
75 2328
54 2286
52 2227
71 2231
75 2309
135 2566
68 3000
39 2962
20 2955
23 2922
121 2867
49 2854
49 2798
54 2735
62 2731
42 2720
51 2672
50 2592
54 2494
