1.000061e+00 1.000007e+00
1.000414e+00 1.000007e+00
1.000115e+00 1.000004e+00
1.000143e+00 1.000003e+00
1.000102e+00 1.000003e+00
1.000373e+00 1.000006e+00
1.000028e+00 1.000003e+00
1.000026e+00 1.000004e+00
1.000208e+00 1.000005e+00
1.001324e+00 1.000011e+00
1.000017e+00 1.000003e+00
1.000126e+00 1.000003e+00
1.000040e+00 1.000004e+00
1.000125e+00 1.000003e+00
1.000066e+00 1.000002e+00
1.000050e+00 1.000002e+00
1.000449e+00 1.000005e+00
1.000063e+00 1.000003e+00
1.000068e+00 1.000002e+00
1.000016e+00 1.000002e+00
1.000053e+00 1.000002e+00
1.000029e+00 1.000003e+00
1.000082e+00 1.000003e+00
1.000126e+00 1.000003e+00
1.000095e+00 1.000002e+00
1.000095e+00 1.000002e+00
1.000096e+00 1.000002e+00
1.000047e+00 1.000002e+00
1.000185e+00 1.000002e+00
1.000032e+00 1.000002e+00
1.000204e+00 1.000004e+00
1.000171e+00 1.000003e+00
1.000014e+00 1.000002e+00
1.000028e+00 1.000002e+00
1.000079e+00 1.000003e+00
1.000016e+00 1.000002e+00
1.000024e+00 1.000002e+00
1.000093e+00 1.000002e+00
1.000142e+00 1.000004e+00
1.000016e+00 1.000002e+00
1.000200e+00 1.000003e+00
1.000017e+00 1.000002e+00
1.000028e+00 1.000002e+00
1.000041e+00 1.000002e+00
1.000079e+00 1.000003e+00
1.000011e+00 1.000002e+00
1.000027e+00 1.000002e+00
1.000035e+00 1.000002e+00
1.000059e+00 1.000003e+00
1.000088e+00 1.000003e+00
1.000109e+00 1.000004e+00
1.000040e+00 1.000002e+00
1.000062e+00 1.000003e+00
1.000040e+00 1.000003e+00
1.000024e+00 1.000002e+00
1.000029e+00 1.000003e+00
1.000059e+00 1.000003e+00
1.000072e+00 1.000003e+00
1.000072e+00 1.000003e+00
1.000115e+00 1.000003e+00
1.000051e+00 1.000002e+00
1.000141e+00 1.000003e+00
1.000016e+00 1.000002e+00
1.000012e+00 1.000002e+00
1.000015e+00 1.000002e+00
1.000011e+00 1.000002e+00
1.000097e+00 1.000002e+00
1.000019e+00 1.000002e+00
1.000028e+00 1.000002e+00
1.000011e+00 1.000002e+00
1.000133e+00 1.000002e+00
1.000135e+00 1.000002e+00
1.000091e+00 1.000002e+00
1.000033e+00 1.000002e+00
1.000085e+00 1.000002e+00
1.000066e+00 1.000002e+00
1.000038e+00 1.000002e+00
1.000011e+00 1.000002e+00
1.000142e+00 1.000003e+00
1.000011e+00 1.000002e+00
1.000011e+00 1.000002e+00
1.000325e+00 1.000002e+00
1.000349e+00 1.000002e+00
1.000352e+00 1.000002e+00
1.000354e+00 1.000002e+00
1.000364e+00 1.000002e+00
1.000366e+00 1.000002e+00
1.000029e+00 1.000002e+00
1.000226e+00 1.000002e+00
1.000293e+00 1.000002e+00
1.000011e+00 1.000002e+00
1.000244e+00 1.000002e+00
1.000347e+00 1.000003e+00
1.000364e+00 1.000003e+00
1.000363e+00 1.000003e+00
1.000339e+00 1.000003e+00
1.000336e+00 1.000003e+00
1.000023e+00 1.000002e+00
1.000054e+00 1.000002e+00
1.000020e+00 1.000002e+00
1.000044e+00 1.000002e+00
1.000033e+00 1.000003e+00
1.000124e+00 1.000003e+00
1.000137e+00 1.000003e+00
1.000064e+00 1.000003e+00
1.000108e+00 1.000004e+00
1.000536e+00 1.000007e+00
1.000143e+00 1.000005e+00
1.000172e+00 1.000006e+00
1.000172e+00 1.000005e+00
1.000105e+00 1.000005e+00
1.000182e+00 1.000007e+00
1.000135e+00 1.000006e+00
1.000087e+00 1.000007e+00
1.000269e+00 1.000007e+00
1.000338e+00 1.000009e+00
1.000186e+00 1.000009e+00
1.000326e+00 1.000010e+00
1.000184e+00 1.000009e+00
1.000230e+00 1.000011e+00
1.000264e+00 1.000010e+00
1.000540e+00 1.000011e+00
1.000247e+00 1.000007e+00
1.000058e+00 1.000007e+00
1.000144e+00 1.000014e+00
1.001062e+00 1.000686e+00
1.007805e+00 1.005101e+00
1.015117e+00 1.009859e+00
1.022474e+00 1.014641e+00
1.029851e+00 1.019428e+00
1.038078e+00 1.024071e+00
1.046993e+00 1.028849e+00
1.055132e+00 1.033634e+00
1.063036e+00 1.038417e+00
1.067526e+00 1.043210e+00
1.076796e+00 1.047995e+00
1.084374e+00 1.052788e+00
1.090185e+00 1.057578e+00
1.098502e+00 1.062368e+00
