10 146
12 154
9 154
10 180
10 170
8 171
7 163
7 167
7 173
7 172
5 165
5 172
7 175
7 165
7 176
6 173
4 162
5 171
7 168
7 154
7 160
6 162
4 169
4 159
7 156
7 168
7 169
7 166
4 161
4 165
7 165
6 168
7 160
7 170
4 159
6 149
7 152
7 159
7 154
7 164
4 167
4 160
7 137
7 154
6 156
8 149
4 158
6 155
7 153
7 145
7 157
8 135
5 137
4 155
6 156
8 133
7 141
5 157
7 142
5 126
7 144
9 153
7 113
7 141
4 152
8 141
7 138
7 150
8 125
7 133
5 139
4 145
8 107
7 137
6 143
8 85
5 126
5 137
9 134
7 105
7 134
8 132
5 93
5 129
7 140
8 110
7 133
7 134
7 123
5 102
7 140
7 128
7 94
7 136
4 132
4 136
8 114
7 137
8 119
7 128
4 141
4 131
8 113
7 134
7 132
8 90
5 126
4 141
10 125
7 105
7 137
9 125
5 99
4 120
7 129
8 116
7 132
7 135
4 135
7 89
7 137
7 133
8 85
7 136
4 140
4 132
8 132
7 128
9 128
7 130
4 141
4 137
9 92
7 134
7 129
8 91
4 120
4 139
7 132
8 115
7 128
10 129
4 111
4 117
7 134
9 116
7 131
7 130
4 136
7 92
7 134
5 133
9 104
7 128
4 133
4 135
8 115
7 134
9 124
7 125
4 131
4 131
9 108
7 131
7 132
9 92
4 114
7 130
5 131
8 101
7 134
5 132
7 89
4 99
7 131
9 126
7 134
7 132
4 130
8 86
7 130
7 132
9 87
7 135
4 137
4 130
9 100
7 128
5 134
8 124
4 139
4 136
10 124
7 135
7 125
8 98
4 115
4 141
7 127
8 106
7 127
7 117
4 128
4 137
8 130
6 124
7 117
7 117
4 122
7 121
7 130
7 123
8 120
7 123
4 127
4 130
8 113
7 125
5 135
8 115
4 144
4 140
8 122
7 123
5 135
8 123
4 117
4 131
4 142
8 129
7 127
5 132
7 127
4 123
7 128
8 133
7 131
7 136
4 144
4 141
8 134
4 147
8 121
7 135
4 140
4 146
8 140
6 139
7 132
7 141
4 145
7 140
7 150
7 134
7 137
7 144
4 151
4 155
8 145
7 133
4 148
8 144
4 155
7 142
7 143
4 162
7 151
7 152
4 162
4 160
7 152
8 145
4 163
7 161
4 168
4 168
7 151
7 161
4 170
8 158
4 163
4 156
9 158
4 170
9 150
6 152
4 162
4 162
7 164
7 155
7 156
4 160
4 169
4 167
8 162
4 180
8 155
8 166
4 160
4 155
4 167
8 160
9 153
4 164
4 167
8 150
4 157
4 171
9 162
8 163
4 164
4 165
33 164
4 183
4 191
9 181
4 180
4 184
4 191
9 181
4 190
8 194
4 202
4 205
4 213
9 211
7 228
4 239
4 240
7 249
4 255
4 254
10 268
4 274
4 287
4 285
4 287
4 296
10 339
8 330
7 339
4 340
4 347
14 367
10 353
8 354
6 368
6 368
8 356
9 357
8 365
9 382
6 378
6 367
9 364
8 379
7 373
10 352
8 365
7 370
9 386
7 390
7 370
11 371
4 377
4 383
8 383
11 384
9 373
9 375
4 378
4 375
7 387
9 381
10 390
9 392
4 388
4 385
4 393
4 400
4 394
14 391
9 395
7 403
4 411
4 409
4 412
10 424
11 410
9 414
12 406
4 408
4 412
4 415
4 426
4 422
12 426
14 412
9 425
9 410
11 398
8 408
4 417
4 420
4 414
4 415
4 413
11 424
10 423
12 423
13 416
4 418
4 418
9 414
5 422
4 415
4 420
13 425
4 425
4 424
9 436
13 431
4 427
4 436
8 435
4 425
12 431
9 418
4 422
4 429
12 420
11 411
4 407
4 410
13 402
12 400
4 412
4 406
12 398
10 400
8 408
4 406
4 411
7 398
12 392
4 395
4 392
4 389
4 395
13 400
12 396
4 404
4 407
16 388
9 381
4 389
4 391
10 393
11 391
7 391
4 387
5 380
4 383
4 384
4 387
11 399
9 375
11 375
11 388
10 369
10 370
8 381
4 385
4 386
4 379
4 396
11 382
4 383
4 379
4 389
13 383
9 373
12 393
12 374
4 368
7 366
11 385
4 391
4 393
4 395
8 396
7 376
11 380
8 389
4 383
4 388
4 384
11 396
11 389
9 380
4 388
4 382
13 406
8 399
12 382
4 391
4 393
12 403
8 393
4 390
11 387
7 389
4 393
4 394
8 394
11 393
11 385
9 378
4 379
4 378
7 385
10 390
4 393
4 392
11 390
11 392
4 393
4 396
4 396
4 399
13 399
10 408
4 412
4 410
10 387
14 389
12 389
10 391
4 397
4 395
10 385
11 386
4 393
4 396
4 410
4 406
10 413
13 395
4 406
4 411
4 410
8 416
9 420
4 423
12 417
11 424
7 424
4 435
4 438
9 426
12 419
12 433
4 435
4 432
4 446
9 448
12 427
12 405
7 412
4 418
4 414
4 422
16 426
4 427
4 416
10 414
4 416
4 425
13 421
12 398
10 400
9 398
