1.000180e+00 1.000055e+00
1.000101e+00 1.000046e+00
1.000129e+00 1.000083e+00
1.000378e+00 1.000179e+00
1.000452e+00 1.000215e+00
1.000615e+00 1.000314e+00
1.000723e+00 1.000362e+00
1.000704e+00 1.000367e+00
1.000893e+00 1.000513e+00
1.000706e+00 1.000406e+00
1.000817e+00 1.000484e+00
1.000807e+00 1.000480e+00
1.000789e+00 1.000453e+00
1.000760e+00 1.000431e+00
1.000875e+00 1.000513e+00
1.000832e+00 1.000456e+00
1.000976e+00 1.000558e+00
1.000812e+00 1.000472e+00
1.000935e+00 1.000538e+00
1.000795e+00 1.000455e+00
1.000849e+00 1.000500e+00
1.000930e+00 1.000523e+00
1.001058e+00 1.000624e+00
1.001183e+00 1.000658e+00
1.001142e+00 1.000676e+00
1.000828e+00 1.000485e+00
1.000777e+00 1.000460e+00
1.000865e+00 1.000500e+00
1.001050e+00 1.000599e+00
1.001285e+00 1.000693e+00
1.000951e+00 1.000572e+00
1.001063e+00 1.000601e+00
1.000796e+00 1.000469e+00
1.001066e+00 1.000644e+00
1.001298e+00 1.000775e+00
1.000746e+00 1.000452e+00
1.000763e+00 1.000462e+00
1.001166e+00 1.000706e+00
1.000678e+00 1.000401e+00
1.000847e+00 1.000514e+00
1.001187e+00 1.000718e+00
1.001368e+00 1.000822e+00
1.000680e+00 1.000416e+00
1.000963e+00 1.000594e+00
1.001042e+00 1.000599e+00
1.000766e+00 1.000475e+00
1.001040e+00 1.000611e+00
1.001123e+00 1.000703e+00
1.000741e+00 1.000447e+00
1.000806e+00 1.000499e+00
1.001275e+00 1.000794e+00
1.000706e+00 1.000435e+00
1.000869e+00 1.000538e+00
1.001013e+00 1.000602e+00
1.001435e+00 1.000889e+00
1.000665e+00 1.000418e+00
1.000953e+00 1.000601e+00
1.001520e+00 1.000909e+00
1.000613e+00 1.000391e+00
1.000914e+00 1.000563e+00
1.001096e+00 1.000682e+00
1.000666e+00 1.000424e+00
1.000836e+00 1.000524e+00
1.001219e+00 1.000781e+00
1.001668e+00 1.001075e+00
1.000684e+00 1.000430e+00
1.000868e+00 1.000536e+00
1.001407e+00 1.000904e+00
1.000788e+00 1.000495e+00
1.000932e+00 1.000607e+00
1.001217e+00 1.000789e+00
1.001626e+00 1.001027e+00
1.000809e+00 1.000493e+00
1.001073e+00 1.000703e+00
1.001668e+00 1.001030e+00
1.000699e+00 1.000457e+00
1.000969e+00 1.000626e+00
1.001215e+00 1.000790e+00
1.000724e+00 1.000446e+00
1.000908e+00 1.000596e+00
1.001380e+00 1.000892e+00
1.000855e+00 1.000545e+00
1.001026e+00 1.000666e+00
1.000999e+00 1.000648e+00
1.001519e+00 1.000977e+00
1.000927e+00 1.000601e+00
1.001111e+00 1.000734e+00
1.001574e+00 1.001009e+00
1.000809e+00 1.000541e+00
1.001095e+00 1.000728e+00
1.001225e+00 1.000808e+00
1.001112e+00 1.000603e+00
1.001132e+00 1.000745e+00
1.001367e+00 1.000905e+00
1.001766e+00 1.001136e+00
1.001955e+00 1.001157e+00
1.000945e+00 1.000627e+00
1.001484e+00 1.000983e+00
1.000984e+00 1.000648e+00
1.001118e+00 1.000742e+00
1.001453e+00 1.000912e+00
1.001717e+00 1.001092e+00
1.001031e+00 1.000678e+00
1.001203e+00 1.000808e+00
1.001533e+00 1.001011e+00
1.000858e+00 1.000574e+00
1.001127e+00 1.000754e+00
1.001406e+00 1.000881e+00
1.000819e+00 1.000546e+00
1.000999e+00 1.000672e+00
1.001429e+00 1.000964e+00
1.000935e+00 1.000632e+00
1.001137e+00 1.000767e+00
1.001260e+00 1.000784e+00
1.001590e+00 1.001066e+00
1.001029e+00 1.000695e+00
1.001156e+00 1.000788e+00
1.001723e+00 1.001167e+00
1.001944e+00 1.001196e+00
1.000857e+00 1.000585e+00
1.001264e+00 1.000859e+00
1.001760e+00 1.001184e+00
1.000787e+00 1.000540e+00
1.001386e+00 1.000952e+00
1.001815e+00 1.001204e+00
1.002176e+00 1.001469e+00
1.000890e+00 1.000598e+00
1.001566e+00 1.001074e+00
1.001025e+00 1.000703e+00
1.001116e+00 1.000769e+00
1.001465e+00 1.000976e+00
1.001775e+00 1.001174e+00
1.001093e+00 1.000739e+00
1.001233e+00 1.000851e+00
1.001950e+00 1.001347e+00
1.001017e+00 1.000698e+00
1.001379e+00 1.000909e+00
1.001507e+00 1.000973e+00
1.002154e+00 1.001480e+00
1.000887e+00 1.000606e+00
1.001513e+00 1.001056e+00
1.000994e+00 1.000691e+00
1.001376e+00 1.000929e+00
1.001347e+00 1.000863e+00
1.001694e+00 1.001174e+00
1.001052e+00 1.000728e+00
1.001198e+00 1.000838e+00
1.001886e+00 1.001325e+00
1.002126e+00 1.001336e+00
1.001007e+00 1.000706e+00
1.001324e+00 1.000927e+00
1.002101e+00 1.001438e+00
1.000946e+00 1.000655e+00
1.001453e+00 1.001025e+00
1.001906e+00 1.001334e+00
1.002219e+00 1.001458e+00
1.000917e+00 1.000639e+00
1.001604e+00 1.001133e+00
1.001053e+00 1.000741e+00
1.001194e+00 1.000846e+00
1.001530e+00 1.001048e+00
1.001855e+00 1.001290e+00
1.001111e+00 1.000782e+00
1.001277e+00 1.000907e+00
1.001923e+00 1.001371e+00
1.000960e+00 1.000678e+00
1.001466e+00 1.000991e+00
1.001420e+00 1.001015e+00
1.002154e+00 1.001468e+00
1.001025e+00 1.000725e+00
1.001539e+00 1.001102e+00
1.002261e+00 1.001488e+00
1.001009e+00 1.000715e+00
1.001487e+00 1.000989e+00
1.001734e+00 1.001235e+00
1.001168e+00 1.000834e+00
1.001260e+00 1.000906e+00
1.001877e+00 1.001356e+00
1.002311e+00 1.001641e+00
1.000998e+00 1.000712e+00
1.001373e+00 1.000987e+00
1.002077e+00 1.001500e+00
1.001128e+00 1.000810e+00
1.001509e+00 1.001092e+00
1.001923e+00 1.001369e+00
1.002324e+00 1.001679e+00
1.001178e+00 1.000838e+00
1.001665e+00 1.001212e+00
1.002413e+00 1.001728e+00
1.001041e+00 1.000749e+00
1.001707e+00 1.001246e+00
1.002049e+00 1.001424e+00
1.001422e+00 1.001019e+00
1.001415e+00 1.001029e+00
1.001888e+00 1.001385e+00
1.001277e+00 1.000927e+00
1.001588e+00 1.001111e+00
1.001706e+00 1.001127e+00
1.001925e+00 1.001397e+00
1.001251e+00 1.000902e+00
1.001602e+00 1.001184e+00
1.001645e+00 1.001139e+00
1.001978e+00 1.001397e+00
1.002251e+00 1.001516e+00
1.001769e+00 1.001289e+00
1.001811e+00 1.001245e+00
1.001913e+00 1.001397e+00
1.001729e+00 1.001270e+00
1.002044e+00 1.001486e+00
1.001383e+00 1.001015e+00
1.001530e+00 1.001126e+00
1.001778e+00 1.001303e+00
1.001381e+00 1.001014e+00
1.001561e+00 1.001153e+00
1.001908e+00 1.001388e+00
1.002088e+00 1.001452e+00
1.001530e+00 1.001126e+00
1.001677e+00 1.001238e+00
1.002109e+00 1.001502e+00
1.001521e+00 1.001117e+00
1.001987e+00 1.001426e+00
1.002161e+00 1.001524e+00
1.001560e+00 1.001141e+00
1.001574e+00 1.001163e+00
1.002089e+00 1.001511e+00
1.001561e+00 1.001152e+00
1.001946e+00 1.001420e+00
1.002006e+00 1.001416e+00
1.002674e+00 1.001886e+00
1.001915e+00 1.001404e+00
1.001788e+00 1.001337e+00
1.002340e+00 1.001727e+00
1.001766e+00 1.001302e+00
1.001964e+00 1.001409e+00
1.001966e+00 1.001457e+00
1.001659e+00 1.001242e+00
1.001701e+00 1.001273e+00
1.001853e+00 1.001378e+00
1.002080e+00 1.001504e+00
1.002653e+00 1.001977e+00
1.001935e+00 1.001426e+00
1.002671e+00 1.001874e+00
1.001954e+00 1.001453e+00
1.001900e+00 1.001424e+00
1.002272e+00 1.001684e+00
1.002387e+00 1.001683e+00
1.002030e+00 1.001508e+00
1.002081e+00 1.001534e+00
1.001772e+00 1.001324e+00
1.001980e+00 1.001487e+00
1.002311e+00 1.001721e+00
1.001797e+00 1.001341e+00
1.001985e+00 1.001496e+00
1.001968e+00 1.001439e+00
1.002005e+00 1.001506e+00
1.002005e+00 1.001508e+00
1.002318e+00 1.001711e+00
1.002559e+00 1.001867e+00
1.002267e+00 1.001701e+00
1.001997e+00 1.001417e+00
1.002875e+00 1.002044e+00
1.002401e+00 1.001788e+00
1.002675e+00 1.001967e+00
1.002107e+00 1.001593e+00
1.002149e+00 1.001628e+00
1.003087e+00 1.002279e+00
1.002928e+00 1.002165e+00
1.002329e+00 1.001740e+00
1.002637e+00 1.001956e+00
1.002847e+00 1.002034e+00
1.002601e+00 1.001933e+00
1.002086e+00 1.001583e+00
1.002845e+00 1.002093e+00
1.002749e+00 1.002039e+00
1.002833e+00 1.002054e+00
1.002962e+00 1.002188e+00
1.002706e+00 1.001953e+00
1.002608e+00 1.001979e+00
1.003298e+00 1.002405e+00
1.002621e+00 1.001990e+00
1.002743e+00 1.002060e+00
1.003076e+00 1.002332e+00
1.002337e+00 1.001778e+00
1.003187e+00 1.002335e+00
1.002538e+00 1.001950e+00
1.002493e+00 1.001851e+00
1.002644e+00 1.001983e+00
1.002819e+00 1.002033e+00
1.002753e+00 1.002074e+00
1.002535e+00 1.001968e+00
1.002315e+00 1.001768e+00
1.003076e+00 1.002246e+00
1.003400e+00 1.002573e+00
1.003423e+00 1.002598e+00
1.002684e+00 1.002048e+00
1.003438e+00 1.002562e+00
1.002891e+00 1.002232e+00
1.002373e+00 1.001859e+00
1.002686e+00 1.002079e+00
1.002996e+00 1.002312e+00
1.003881e+00 1.002952e+00
1.003296e+00 1.002575e+00
1.002286e+00 1.001786e+00
1.003274e+00 1.002549e+00
1.003732e+00 1.002919e+00
1.002146e+00 1.001684e+00
1.003309e+00 1.002577e+00
1.004142e+00 1.003131e+00
1.003099e+00 1.002399e+00
1.002440e+00 1.001917e+00
1.002749e+00 1.002128e+00
1.003064e+00 1.002346e+00
1.001821e+00 1.001407e+00
1.002649e+00 1.001999e+00
1.003375e+00 1.002523e+00
1.002486e+00 1.001877e+00
1.002823e+00 1.002130e+00
1.003104e+00 1.002334e+00
1.004078e+00 1.003039e+00
1.002871e+00 1.002149e+00
1.003688e+00 1.002719e+00
1.003138e+00 1.002331e+00
1.003432e+00 1.002558e+00
1.003536e+00 1.002586e+00
1.004543e+00 1.003370e+00
1.003320e+00 1.002452e+00
1.003101e+00 1.002291e+00
1.003847e+00 1.002830e+00
1.004159e+00 1.003059e+00
1.003277e+00 1.002427e+00
1.004008e+00 1.002970e+00
1.005148e+00 1.003817e+00
1.003575e+00 1.002641e+00
1.004500e+00 1.003335e+00
1.004618e+00 1.003449e+00
1.004882e+00 1.003645e+00
1.006094e+00 1.004532e+00
1.007273e+00 1.005427e+00
1.005958e+00 1.004471e+00
1.005805e+00 1.004329e+00
1.004987e+00 1.003763e+00
1.005531e+00 1.004199e+00
1.006551e+00 1.004946e+00
1.001088e+00 1.000279e+00
1.000817e+00 1.000297e+00
1.000784e+00 1.000283e+00
1.000722e+00 1.000291e+00
1.000707e+00 1.000191e+00
1.000762e+00 1.000195e+00
1.000766e+00 1.000285e+00
1.000792e+00 1.000331e+00
1.000787e+00 1.000221e+00
1.000727e+00 1.000365e+00
1.000742e+00 1.000235e+00
1.000761e+00 1.000210e+00
1.000763e+00 1.000365e+00
1.000767e+00 1.000411e+00
1.000836e+00 1.000273e+00
1.000792e+00 1.000395e+00
1.000760e+00 1.000369e+00
1.000786e+00 1.000258e+00
1.000760e+00 1.000482e+00
1.000794e+00 1.000358e+00
1.000860e+00 1.000312e+00
1.000728e+00 1.000531e+00
1.000806e+00 1.000585e+00
1.000910e+00 1.000427e+00
1.000951e+00 1.000378e+00
1.000972e+00 1.000632e+00
1.000976e+00 1.000425e+00
1.000953e+00 1.000750e+00
1.001041e+00 1.000534e+00
1.001204e+00 1.000611e+00
1.001257e+00 1.000605e+00
1.001213e+00 1.000586e+00
1.001286e+00 1.000963e+00
1.001376e+00 1.001102e+00
1.001587e+00 1.000942e+00
1.002068e+00 1.001034e+00
1.002777e+00 1.001589e+00
1.003433e+00 1.001670e+00
1.002679e+00 1.001305e+00
1.002523e+00 1.001638e+00
1.002423e+00 1.001589e+00
1.002692e+00 1.001904e+00
1.003468e+00 1.001703e+00
1.004175e+00 1.002048e+00
1.003997e+00 1.001961e+00
1.003202e+00 1.001467e+00
1.002781e+00 1.001955e+00
1.002466e+00 1.001074e+00
1.002662e+00 1.002028e+00
1.003387e+00 1.002068e+00
1.004150e+00 1.002084e+00
1.004381e+00 1.002186e+00
1.004707e+00 1.002341e+00
1.004185e+00 1.002067e+00
1.003213e+00 1.001539e+00
1.002922e+00 1.002174e+00
1.002778e+00 1.001363e+00
1.002148e+00 1.001007e+00
1.001974e+00 1.001397e+00
1.002336e+00 1.001524e+00
1.003028e+00 1.001533e+00
1.003675e+00 1.001890e+00
1.004514e+00 1.002570e+00
1.004918e+00 1.002701e+00
1.004141e+00 1.002037e+00
1.003917e+00 1.002908e+00
1.003367e+00 1.001567e+00
1.002651e+00 1.001909e+00
1.003009e+00 1.002349e+00
1.003461e+00 1.002640e+00
1.003098e+00 1.001571e+00
1.003511e+00 1.001854e+00
1.004221e+00 1.003162e+00
1.005015e+00 1.002670e+00
1.004046e+00 1.002008e+00
1.004348e+00 1.003161e+00
1.004517e+00 1.003061e+00
1.004305e+00 1.002153e+00
1.003408e+00 1.001636e+00
1.003706e+00 1.002919e+00
1.004610e+00 1.003543e+00
1.004279e+00 1.002201e+00
1.004454e+00 1.003376e+00
1.003654e+00 1.001776e+00
1.003345e+00 1.002491e+00
1.003902e+00 1.002561e+00
1.004794e+00 1.003467e+00
1.003896e+00 1.001934e+00
1.003046e+00 1.001474e+00
1.003519e+00 1.002376e+00
1.004452e+00 1.003151e+00
1.003660e+00 1.001800e+00
1.002805e+00 1.001349e+00
1.002843e+00 1.002078e+00
1.003053e+00 1.001742e+00
1.002602e+00 1.001277e+00
1.002114e+00 1.001315e+00
1.002072e+00 1.001543e+00
1.002527e+00 1.001918e+00
1.002895e+00 1.001982e+00
1.002848e+00 1.001395e+00
1.002211e+00 1.001099e+00
1.002556e+00 1.001938e+00
1.003332e+00 1.002333e+00
1.003897e+00 1.002085e+00
1.004190e+00 1.002819e+00
1.003211e+00 1.001609e+00
1.002553e+00 1.001247e+00
1.002948e+00 1.002173e+00
1.003837e+00 1.002808e+00
1.002656e+00 1.001335e+00
1.002101e+00 1.001553e+00
1.002247e+00 1.001697e+00
1.002804e+00 1.001486e+00
1.002478e+00 1.001291e+00
1.002107e+00 1.001038e+00
1.002061e+00 1.001541e+00
1.002146e+00 1.001664e+00
1.002269e+00 1.001229e+00
1.002706e+00 1.001458e+00
1.003422e+00 1.002322e+00
1.004188e+00 1.002265e+00
1.003523e+00 1.001858e+00
1.003049e+00 1.002284e+00
1.002382e+00 1.001249e+00
1.001849e+00 1.000964e+00
1.001679e+00 1.001034e+00
1.001469e+00 1.000768e+00
1.001529e+00 1.001201e+00
1.001762e+00 1.001387e+00
1.001957e+00 1.001063e+00
1.002428e+00 1.001328e+00
1.003089e+00 1.001714e+00
1.002813e+00 1.001500e+00
1.003349e+00 1.001934e+00
1.003614e+00 1.002153e+00
1.004064e+00 1.002216e+00
1.003207e+00 1.001662e+00
1.002852e+00 1.002157e+00
1.002245e+00 1.001191e+00
1.001909e+00 1.000972e+00
1.001939e+00 1.001503e+00
1.001883e+00 1.000995e+00
1.001723e+00 1.000915e+00
1.002146e+00 1.001614e+00
1.002804e+00 1.001737e+00
1.003558e+00 1.001816e+00
1.003181e+00 1.001734e+00
1.003234e+00 1.001629e+00
1.002590e+00 1.001359e+00
1.002597e+00 1.001985e+00
1.003103e+00 1.002454e+00
1.003826e+00 1.002873e+00
1.004186e+00 1.003024e+00
1.003400e+00 1.001826e+00
1.002891e+00 1.001532e+00
1.002689e+00 1.002051e+00
1.003199e+00 1.002479e+00
1.003869e+00 1.002860e+00
1.002921e+00 1.001546e+00
1.002709e+00 1.002017e+00
1.002176e+00 1.001131e+00
1.002494e+00 1.001730e+00
1.003231e+00 1.002070e+00
1.002779e+00 1.001487e+00
1.002480e+00 1.001878e+00
1.002561e+00 1.001985e+00
1.002180e+00 1.001162e+00
1.002237e+00 1.001680e+00
1.002742e+00 1.001919e+00
1.003442e+00 1.001903e+00
1.003275e+00 1.001767e+00
1.002585e+00 1.001355e+00
1.002170e+00 1.001524e+00
1.001955e+00 1.001071e+00
1.002334e+00 1.001776e+00
1.002982e+00 1.001994e+00
1.002835e+00 1.001545e+00
1.002338e+00 1.001224e+00
1.002687e+00 1.002109e+00
1.003374e+00 1.002495e+00
1.002915e+00 1.001586e+00
1.002666e+00 1.001395e+00
1.002775e+00 1.002145e+00
1.003036e+00 1.002374e+00
1.003603e+00 1.002021e+00
1.004291e+00 1.002583e+00
1.003642e+00 1.001984e+00
1.003448e+00 1.002587e+00
1.003559e+00 1.002766e+00
1.003747e+00 1.002264e+00
1.003779e+00 1.002090e+00
1.002966e+00 1.001598e+00
1.002380e+00 1.001701e+00
1.002074e+00 1.001157e+00
1.002142e+00 1.001690e+00
1.002300e+00 1.001310e+00
1.002089e+00 1.001150e+00
1.001899e+00 1.000998e+00
1.002172e+00 1.001667e+00
1.002966e+00 1.001821e+00
1.003052e+00 1.001692e+00
1.003227e+00 1.002083e+00
1.002956e+00 1.001641e+00
1.002695e+00 1.001369e+00
1.002793e+00 1.001817e+00
1.003442e+00 1.002719e+00
1.003788e+00 1.002485e+00
1.003944e+00 1.001932e+00
1.003325e+00 1.001893e+00
1.004174e+00 1.003040e+00
1.003403e+00 1.001938e+00
1.002900e+00 1.001599e+00
1.002744e+00 1.002105e+00
1.002822e+00 1.002246e+00
1.003398e+00 1.002202e+00
1.003601e+00 1.002071e+00
1.003159e+00 1.001758e+00
1.002602e+00 1.001391e+00
1.002641e+00 1.002072e+00
1.002885e+00 1.002320e+00
1.003387e+00 1.001986e+00
1.003663e+00 1.002092e+00
1.003150e+00 1.001743e+00
1.002545e+00 1.001432e+00
1.002358e+00 1.001770e+00
1.002373e+00 1.001874e+00
1.002977e+00 1.002004e+00
1.003782e+00 1.002212e+00
1.002905e+00 1.001655e+00
1.003357e+00 1.002722e+00
1.003728e+00 1.002886e+00
1.003029e+00 1.001701e+00
1.003502e+00 1.002798e+00
1.004219e+00 1.002545e+00
1.003693e+00 1.002110e+00
1.002897e+00 1.001609e+00
1.002383e+00 1.001767e+00
1.002074e+00 1.001497e+00
