10 76
10 88
10 82
11 85
9 85
8 83
11 73
11 87
11 83
11 85
9 88
9 83
11 73
11 89
10 83
10 85
8 83
8 87
10 74
10 87
10 81
10 77
8 86
8 88
10 78
10 79
10 85
10 67
9 75
8 81
10 77
11 67
11 83
11 73
9 68
8 71
11 89
11 63
11 73
11 85
9 68
9 62
11 75
11 71
11 67
11 75
8 85
9 67
11 65
11 82
11 65
11 71
8 73
8 82
11 67
11 71
10 70
11 67
8 67
8 73
10 65
11 67
10 81
10 65
8 69
8 69
11 77
11 66
11 61
11 75
8 71
8 63
11 61
11 75
11 67
11 61
9 65
9 75
11 65
11 65
11 76
11 67
9 61
9 61
11 81
11 65
11 57
11 77
9 67
9 65
11 57
11 79
11 63
10 55
8 69
8 76
11 64
11 61
11 84
11 63
8 55
9 55
11 77
11 60
10 56
11 80
8 65
8 65
11 47
11 79
11 61
11 51
8 61
9 73
11 61
11 47
11 77
11 61
8 51
9 47
11 71
11 65
11 49
11 71
8 80
8 62
11 47
11 67
11 64
11 48
9 46
8 65
11 70
10 46
11 60
11 77
9 58
8 49
11 56
11 80
11 55
11 47
8 68
8 76
11 54
11 46
11 74
11 60
9 48
9 44
11 69
11 62
11 45
11 66
9 78
9 64
11 44
11 63
11 78
10 46
9 44
9 50
11 79
11 46
11 44
11 76
8 65
8 54
11 44
11 69
11 54
11 44
9 45
9 71
11 63
11 45
11 65
11 73
8 53
8 43
11 49
11 77
10 45
11 46
8 65
8 69
10 53
11 41
11 69
11 61
9 45
9 43
11 63
11 73
11 43
11 47
8 69
9 75
11 45
11 45
11 69
10 45
9 43
9 41
10 69
11 55
11 41
10 63
8 69
8 71
11 43
11 41
11 65
10 42
8 41
8 41
10 69
10 49
11 41
10 67
9 65
8 67
11 40
10 65
11 72
11 43
8 40
8 40
10 65
10 42
11 40
10 66
9 72
9 51
9 39
9 65
11 66
11 39
9 39
9 44
11 70
11 41
11 39
10 67
8 65
8 41
9 40
10 63
11 63
11 39
9 37
8 59
11 65
10 41
11 38
10 63
9 63
8 39
10 40
10 71
10 65
10 41
8 38
8 59
11 63
10 44
9 46
10 70
8 65
8 43
9 44
10 66
10 62
9 46
9 40
8 64
9 68
10 46
16 50
10 68
11 60
8 40
10 42
10 66
14 57
9 47
14 52
7 68
9 69
11 45
17 64
10 68
14 61
19 42
9 55
10 74
17 45
17 46
7 64
8 70
9 66
15 44
14 68
11 64
20 53
8 44
12 65
10 73
27 45
16 48
7 66
7 69
10 59
17 40
8 51
19 48
7 49
7 42
17 64
7 61
21 62
23 48
7 58
6 65
19 66
30 56
7 66
10 62
7 60
7 52
12 71
16 68
9 56
8 76
13 83
6 97
18 71
8 69
7 102
9 96
17 83
7 79
19 108
20 103
18 90
7 118
6 137
13 122
8 107
8 140
10 145
8 149
7 174
7 213
10 261
8 271
7 292
6 290
4 289
6 306
7 301
4 299
16 296
8 310
4 310
4 306
11 296
8 310
8 296
9 297
4 304
4 304
8 305
9 293
8 303
7 292
4 288
7 295
8 304
8 288
8 292
8 301
4 300
4 300
10 290
8 295
8 293
8 291
4 296
7 300
8 302
8 300
8 294
8 303
4 291
4 293
8 299
8 300
8 296
8 292
4 296
4 295
8 298
8 305
8 295
9 302
4 297
4 290
8 297
8 299
9 296
8 290
4 294
7 303
8 302
9 298
8 292
8 301
4 286
7 291
8 293
9 298
8 290
8 285
4 291
7 285
9 296
8 296
8 293
9 287
7 287
4 286
8 295
8 292
8 291
8 288
5 298
4 282
8 289
8 288
9 296
8 291
5 284
4 281
8 277
8 292
8 295
10 277
4 279
6 283
9 281
8 287
8 288
8 286
4 283
7 287
9 288
8 285
9 284
8 283
4 283
7 288
9 281
9 289
8 291
8 288
5 278
7 278
8 273
8 288
8 284
9 285
6 278
6 286
8 272
10 280
8 284
9 288
6 288
6 279
8 281
8 278
9 287
8 289
5 290
7 283
9 280
9 283
8 290
8 287
5 284
8 283
8 279
9 275
8 279
8 291
6 285
6 286
8 278
8 279
9 273
8 288
6 283
6 289
9 278
8 273
8 276
8 282
5 279
5 277
9 279
8 271
8 266
8 283
6 281
6 277
8 277
8 279
8 268
9 273
6 279
6 292
8 281
9 278
9 262
8 275
6 288
6 289
8 282
9 280
8 270
8 271
6 275
6 268
9 280
8 280
9 270
9 264
6 267
8 270
8 275
8 274
8 273
8 260
6 267
6 279
8 273
9 273
8 274
8 271
7 271
6 276
8 274
9 281
9 273
9 266
7 263
6 260
9 271
8 275
9 270
9 267
7 258
7 259
8 269
8 266
9 264
8 268
7 258
6 262
9 263
9 266
8 274
8 266
7 270
7 259
9 255
8 272
8 274
9 273
7 267
6 265
9 260
9 272
8 268
9 259
7 261
6 253
9 251
9 256
9 260
9 257
6 261
7 262
9 258
9 253
8 270
9 261
6 263
7 264
