1.000124e+00 1.000060e+00
1.000031e+00 1.000015e+00
1.000023e+00 1.000011e+00
1.000022e+00 1.000012e+00
1.000017e+00 1.000011e+00
1.000019e+00 1.000011e+00
1.000020e+00 1.000011e+00
1.000020e+00 1.000010e+00
1.000020e+00 1.000010e+00
1.000021e+00 1.000011e+00
1.000018e+00 1.000010e+00
1.000018e+00 1.000010e+00
1.000019e+00 1.000010e+00
1.000019e+00 1.000010e+00
1.000019e+00 1.000010e+00
1.000020e+00 1.000011e+00
1.000019e+00 1.000010e+00
1.000019e+00 1.000011e+00
1.000019e+00 1.000010e+00
1.000020e+00 1.000011e+00
1.000018e+00 1.000010e+00
1.000019e+00 1.000010e+00
1.000021e+00 1.000012e+00
1.000016e+00 1.000009e+00
1.000018e+00 1.000010e+00
1.000021e+00 1.000012e+00
1.000019e+00 1.000010e+00
1.000020e+00 1.000011e+00
1.000019e+00 1.000011e+00
1.000021e+00 1.000012e+00
1.000018e+00 1.000010e+00
1.000021e+00 1.000012e+00
1.000020e+00 1.000011e+00
1.000019e+00 1.000010e+00
1.000021e+00 1.000012e+00
1.000022e+00 1.000012e+00
1.000019e+00 1.000011e+00
1.000021e+00 1.000012e+00
1.000022e+00 1.000012e+00
1.000020e+00 1.000011e+00
1.000022e+00 1.000014e+00
1.000023e+00 1.000013e+00
1.000022e+00 1.000012e+00
1.000021e+00 1.000012e+00
1.000023e+00 1.000013e+00
1.000021e+00 1.000012e+00
1.000020e+00 1.000012e+00
1.000022e+00 1.000013e+00
1.000022e+00 1.000012e+00
1.000020e+00 1.000011e+00
1.000022e+00 1.000012e+00
1.000021e+00 1.000012e+00
1.000021e+00 1.000012e+00
1.000020e+00 1.000012e+00
1.000023e+00 1.000013e+00
1.000021e+00 1.000012e+00
1.000022e+00 1.000012e+00
1.000022e+00 1.000013e+00
1.000019e+00 1.000011e+00
1.000022e+00 1.000013e+00
1.000022e+00 1.000013e+00
1.000022e+00 1.000013e+00
1.000022e+00 1.000013e+00
1.000023e+00 1.000013e+00
1.000023e+00 1.000013e+00
1.000020e+00 1.000012e+00
1.000022e+00 1.000012e+00
1.000023e+00 1.000013e+00
1.000021e+00 1.000012e+00
1.000022e+00 1.000013e+00
1.000022e+00 1.000013e+00
1.000024e+00 1.000014e+00
1.000021e+00 1.000012e+00
1.000022e+00 1.000013e+00
1.000024e+00 1.000014e+00
1.000021e+00 1.000013e+00
1.000026e+00 1.000017e+00
1.000023e+00 1.000014e+00
1.000024e+00 1.000014e+00
1.000022e+00 1.000013e+00
1.000024e+00 1.000014e+00
1.000023e+00 1.000014e+00
1.000020e+00 1.000013e+00
1.000024e+00 1.000015e+00
1.000025e+00 1.000015e+00
1.000024e+00 1.000014e+00
1.000023e+00 1.000014e+00
1.000025e+00 1.000015e+00
1.000024e+00 1.000016e+00
1.000021e+00 1.000013e+00
1.000026e+00 1.000015e+00
1.000025e+00 1.000015e+00
1.000022e+00 1.000013e+00
1.000025e+00 1.000015e+00
1.000027e+00 1.000017e+00
1.000024e+00 1.000015e+00
1.000022e+00 1.000013e+00
1.000024e+00 1.000015e+00
1.000026e+00 1.000016e+00
1.000022e+00 1.000013e+00
1.000024e+00 1.000015e+00
1.000027e+00 1.000017e+00
1.000027e+00 1.000016e+00
1.000021e+00 1.000013e+00
1.000025e+00 1.000015e+00
1.000026e+00 1.000016e+00
1.000025e+00 1.000016e+00
1.000021e+00 1.000013e+00
1.000026e+00 1.000015e+00
1.000028e+00 1.000017e+00
1.000022e+00 1.000013e+00
1.000025e+00 1.000016e+00
1.000031e+00 1.000020e+00
1.000027e+00 1.000017e+00
1.000022e+00 1.000013e+00
1.000026e+00 1.000016e+00
1.000029e+00 1.000018e+00
1.000022e+00 1.000014e+00
1.000025e+00 1.000016e+00
1.000028e+00 1.000019e+00
1.000032e+00 1.000019e+00
1.000024e+00 1.000015e+00
1.000026e+00 1.000016e+00
1.000032e+00 1.000020e+00
1.000027e+00 1.000017e+00
1.000022e+00 1.000014e+00
1.000026e+00 1.000016e+00
1.000033e+00 1.000021e+00
1.000026e+00 1.000016e+00
1.000026e+00 1.000016e+00
1.000029e+00 1.000020e+00
1.000033e+00 1.000022e+00
1.000028e+00 1.000017e+00
1.000026e+00 1.000016e+00
1.000033e+00 1.000021e+00
1.000030e+00 1.000019e+00
1.000023e+00 1.000016e+00
1.000028e+00 1.000019e+00
1.000032e+00 1.000020e+00
1.000031e+00 1.000019e+00
1.000025e+00 1.000016e+00
1.000030e+00 1.000020e+00
1.000036e+00 1.000024e+00
1.000030e+00 1.000020e+00
1.000024e+00 1.000015e+00
1.000031e+00 1.000020e+00
1.000036e+00 1.000024e+00
1.000023e+00 1.000015e+00
1.000030e+00 1.000021e+00
1.000032e+00 1.000022e+00
1.000040e+00 1.000025e+00
1.000024e+00 1.000015e+00
1.000030e+00 1.000020e+00
1.000039e+00 1.000026e+00
1.000030e+00 1.000021e+00
1.000020e+00 1.000014e+00
1.000029e+00 1.000019e+00
1.000036e+00 1.000025e+00
1.000028e+00 1.000018e+00
1.000029e+00 1.000018e+00
1.000033e+00 1.000023e+00
1.000034e+00 1.000024e+00
1.000031e+00 1.000020e+00
1.000026e+00 1.000018e+00
1.000033e+00 1.000022e+00
1.000036e+00 1.000025e+00
1.000020e+00 1.000013e+00
1.000030e+00 1.000021e+00
1.000035e+00 1.000023e+00
1.000044e+00 1.000030e+00
1.000025e+00 1.000016e+00
1.000033e+00 1.000022e+00
1.000034e+00 1.000024e+00
1.000045e+00 1.000032e+00
1.000026e+00 1.000017e+00
1.000033e+00 1.000022e+00
1.000039e+00 1.000027e+00
1.000027e+00 1.000018e+00
1.000029e+00 1.000020e+00
1.000036e+00 1.000025e+00
1.000037e+00 1.000024e+00
1.000032e+00 1.000021e+00
1.000028e+00 1.000019e+00
1.000036e+00 1.000025e+00
1.000042e+00 1.000030e+00
1.000044e+00 1.000030e+00
1.000030e+00 1.000020e+00
1.000037e+00 1.000025e+00
1.000051e+00 1.000036e+00
1.000028e+00 1.000018e+00
1.000036e+00 1.000026e+00
1.000038e+00 1.000027e+00
1.000046e+00 1.000032e+00
1.000026e+00 1.000018e+00
1.000034e+00 1.000024e+00
1.000038e+00 1.000027e+00
1.000054e+00 1.000039e+00
1.000023e+00 1.000016e+00
1.000030e+00 1.000021e+00
1.000038e+00 1.000027e+00
1.000045e+00 1.000032e+00
1.000031e+00 1.000021e+00
1.000039e+00 1.000028e+00
1.000040e+00 1.000029e+00
1.000059e+00 1.000042e+00
1.000030e+00 1.000021e+00
1.000039e+00 1.000028e+00
1.000048e+00 1.000034e+00
1.000047e+00 1.000034e+00
1.000019e+00 1.000013e+00
1.000036e+00 1.000026e+00
1.000040e+00 1.000029e+00
1.000033e+00 1.000023e+00
1.000031e+00 1.000022e+00
1.000041e+00 1.000029e+00
1.000042e+00 1.000030e+00
1.000055e+00 1.000038e+00
1.000032e+00 1.000023e+00
1.000042e+00 1.000031e+00
1.000061e+00 1.000044e+00
1.000031e+00 1.000022e+00
1.000026e+00 1.000019e+00
1.000041e+00 1.000030e+00
1.000047e+00 1.000034e+00
1.000027e+00 1.000019e+00
1.000035e+00 1.000026e+00
1.000043e+00 1.000031e+00
1.000044e+00 1.000032e+00
1.000045e+00 1.000031e+00
1.000033e+00 1.000023e+00
1.000044e+00 1.000032e+00
1.000065e+00 1.000048e+00
1.000019e+00 1.000013e+00
1.000035e+00 1.000026e+00
1.000045e+00 1.000032e+00
1.000059e+00 1.000042e+00
1.000028e+00 1.000020e+00
1.000041e+00 1.000030e+00
1.000047e+00 1.000034e+00
1.000047e+00 1.000035e+00
1.000034e+00 1.000025e+00
1.000035e+00 1.000026e+00
1.000046e+00 1.000034e+00
1.000061e+00 1.000044e+00
1.000019e+00 1.000014e+00
1.000041e+00 1.000030e+00
1.000049e+00 1.000034e+00
1.000073e+00 1.000054e+00
1.000033e+00 1.000024e+00
1.000046e+00 1.000034e+00
1.000049e+00 1.000037e+00
1.000055e+00 1.000041e+00
1.000030e+00 1.000022e+00
1.000041e+00 1.000030e+00
1.000049e+00 1.000037e+00
1.000052e+00 1.000038e+00
1.000026e+00 1.000020e+00
1.000045e+00 1.000034e+00
1.000051e+00 1.000037e+00
1.000079e+00 1.000058e+00
1.000038e+00 1.000028e+00
1.000052e+00 1.000038e+00
1.000054e+00 1.000040e+00
1.000068e+00 1.000051e+00
1.000031e+00 1.000023e+00
1.000046e+00 1.000034e+00
1.000055e+00 1.000038e+00
1.000046e+00 1.000033e+00
1.000031e+00 1.000022e+00
1.000052e+00 1.000039e+00
1.000056e+00 1.000039e+00
1.000084e+00 1.000062e+00
1.000043e+00 1.000032e+00
1.000059e+00 1.000041e+00
1.000060e+00 1.000044e+00
1.000087e+00 1.000063e+00
1.000037e+00 1.000025e+00
1.000052e+00 1.000038e+00
1.000063e+00 1.000047e+00
1.000039e+00 1.000028e+00
1.000042e+00 1.000031e+00
1.000060e+00 1.000045e+00
1.000063e+00 1.000046e+00
1.000082e+00 1.000059e+00
1.000048e+00 1.000035e+00
1.000066e+00 1.000046e+00
1.000068e+00 1.000050e+00
1.000112e+00 1.000081e+00
1.000042e+00 1.000030e+00
1.000063e+00 1.000046e+00
1.000086e+00 1.000063e+00
1.000036e+00 1.000026e+00
1.000055e+00 1.000041e+00
1.000070e+00 1.000052e+00
1.000073e+00 1.000053e+00
1.000063e+00 1.000046e+00
1.000051e+00 1.000038e+00
1.000072e+00 1.000053e+00
1.000092e+00 1.000065e+00
1.000137e+00 1.000098e+00
1.000053e+00 1.000038e+00
1.000078e+00 1.000056e+00
1.000131e+00 1.000094e+00
1.000042e+00 1.000030e+00
1.000074e+00 1.000054e+00
1.000085e+00 1.000062e+00
1.000098e+00 1.000071e+00
1.000051e+00 1.000035e+00
1.000065e+00 1.000048e+00
1.000082e+00 1.000060e+00
1.000140e+00 1.000101e+00
1.000167e+00 1.000117e+00
1.000067e+00 1.000048e+00
1.000101e+00 1.000073e+00
1.000196e+00 1.000137e+00
1.000054e+00 1.000039e+00
1.000191e+00 1.000134e+00
1.000231e+00 1.000163e+00
1.000222e+00 1.000156e+00
1.000394e+00 1.000278e+00
1.000218e+00 1.000155e+00
1.000231e+00 1.000164e+00
1.000271e+00 1.000192e+00
1.000383e+00 1.000271e+00
1.000229e+00 1.000163e+00
1.000252e+00 1.000179e+00
1.000326e+00 1.000232e+00
1.000173e+00 1.000124e+00
1.000264e+00 1.000188e+00
1.000259e+00 1.000185e+00
1.000293e+00 1.000210e+00
1.000134e+00 1.000099e+00
1.000256e+00 1.000183e+00
1.000260e+00 1.000187e+00
1.000360e+00 1.000258e+00
1.000440e+00 1.000315e+00
1.000257e+00 1.000185e+00
1.000269e+00 1.000193e+00
1.000441e+00 1.000317e+00
1.000298e+00 1.000215e+00
1.000304e+00 1.000219e+00
1.000265e+00 1.000191e+00
1.000408e+00 1.000294e+00
1.000273e+00 1.000198e+00
1.000293e+00 1.000212e+00
1.000387e+00 1.000280e+00
1.000497e+00 1.000359e+00
1.000251e+00 1.000183e+00
1.000315e+00 1.000228e+00
1.000375e+00 1.000272e+00
1.000224e+00 1.000163e+00
1.000309e+00 1.000224e+00
1.000305e+00 1.000220e+00
1.000368e+00 1.000267e+00
1.000244e+00 1.000185e+00
1.000458e+00 1.000353e+00
1.000578e+00 1.000473e+00
1.000929e+00 1.000743e+00
1.001245e+00 1.000971e+00
1.001033e+00 1.000856e+00
1.001329e+00 1.001140e+00
1.002332e+00 1.001931e+00
1.001373e+00 1.000650e+00
1.001587e+00 1.001099e+00
1.001936e+00 1.001340e+00
1.002219e+00 1.000999e+00
1.001481e+00 1.000640e+00
1.001324e+00 1.000936e+00
1.001343e+00 1.000962e+00
1.001153e+00 1.000500e+00
1.001241e+00 1.000843e+00
1.001414e+00 1.000843e+00
1.001267e+00 1.000590e+00
1.001094e+00 1.000483e+00
1.001047e+00 1.000729e+00
1.001150e+00 1.000721e+00
1.001435e+00 1.001000e+00
1.001195e+00 1.000517e+00
1.001040e+00 1.000479e+00
1.000974e+00 1.000450e+00
1.001009e+00 1.000636e+00
1.000975e+00 1.000684e+00
1.001152e+00 1.000829e+00
1.001442e+00 1.000876e+00
1.000973e+00 1.000432e+00
1.000913e+00 1.000642e+00
1.000906e+00 1.000637e+00
1.000976e+00 1.000424e+00
1.001088e+00 1.000749e+00
1.000930e+00 1.000416e+00
1.000819e+00 1.000381e+00
1.000858e+00 1.000608e+00
1.000887e+00 1.000398e+00
1.000813e+00 1.000382e+00
1.000947e+00 1.000699e+00
1.001135e+00 1.000503e+00
1.000884e+00 1.000405e+00
1.000738e+00 1.000511e+00
1.000780e+00 1.000541e+00
1.000761e+00 1.000350e+00
1.000865e+00 1.000632e+00
1.001027e+00 1.000476e+00
1.000832e+00 1.000376e+00
1.000694e+00 1.000493e+00
1.000721e+00 1.000509e+00
1.000749e+00 1.000341e+00
1.000878e+00 1.000631e+00
1.001024e+00 1.000467e+00
1.000800e+00 1.000372e+00
1.000696e+00 1.000498e+00
1.000681e+00 1.000459e+00
1.000631e+00 1.000446e+00
1.000711e+00 1.000501e+00
1.000716e+00 1.000325e+00
1.000711e+00 1.000328e+00
1.000614e+00 1.000296e+00
1.000614e+00 1.000436e+00
1.000672e+00 1.000467e+00
1.000767e+00 1.000539e+00
1.000670e+00 1.000312e+00
1.000695e+00 1.000322e+00
1.000539e+00 1.000256e+00
1.000597e+00 1.000428e+00
1.000651e+00 1.000314e+00
1.000773e+00 1.000571e+00
1.000725e+00 1.000325e+00
1.000590e+00 1.000276e+00
1.000551e+00 1.000403e+00
1.000604e+00 1.000342e+00
1.000584e+00 1.000268e+00
1.000549e+00 1.000390e+00
1.000639e+00 1.000463e+00
1.000659e+00 1.000305e+00
1.000602e+00 1.000289e+00
1.000521e+00 1.000251e+00
1.000554e+00 1.000378e+00
1.000616e+00 1.000433e+00
1.000726e+00 1.000348e+00
1.000659e+00 1.000307e+00
1.000574e+00 1.000281e+00
1.000494e+00 1.000237e+00
1.000568e+00 1.000407e+00
1.000655e+00 1.000463e+00
1.000771e+00 1.000365e+00
1.000670e+00 1.000308e+00
1.000566e+00 1.000277e+00
1.000532e+00 1.000387e+00
1.000517e+00 1.000233e+00
1.000575e+00 1.000409e+00
1.000589e+00 1.000270e+00
1.000570e+00 1.000261e+00
1.000602e+00 1.000418e+00
1.000529e+00 1.000253e+00
1.000493e+00 1.000286e+00
1.000550e+00 1.000388e+00
1.000545e+00 1.000248e+00
1.000538e+00 1.000243e+00
1.000622e+00 1.000409e+00
1.000471e+00 1.000219e+00
1.000484e+00 1.000349e+00
1.000570e+00 1.000416e+00
1.000572e+00 1.000268e+00
1.000541e+00 1.000249e+00
1.000504e+00 1.000224e+00
1.000503e+00 1.000345e+00
1.000521e+00 1.000243e+00
1.000554e+00 1.000374e+00
1.000486e+00 1.000230e+00
1.000481e+00 1.000227e+00
1.000489e+00 1.000354e+00
1.000507e+00 1.000243e+00
1.000400e+00 1.000197e+00
1.000402e+00 1.000292e+00
1.000415e+00 1.000236e+00
1.000439e+00 1.000223e+00
1.000468e+00 1.000233e+00
1.000498e+00 1.000241e+00
1.000379e+00 1.000191e+00
1.000399e+00 1.000290e+00
1.000427e+00 1.000211e+00
1.000437e+00 1.000212e+00
1.000440e+00 1.000218e+00
1.000392e+00 1.000196e+00
1.000420e+00 1.000301e+00
1.000462e+00 1.000335e+00
1.000421e+00 1.000211e+00
1.000381e+00 1.000187e+00
1.000382e+00 1.000273e+00
1.000432e+00 1.000312e+00
1.000440e+00 1.000223e+00
1.000465e+00 1.000340e+00
1.000364e+00 1.000175e+00
1.000361e+00 1.000186e+00
1.000359e+00 1.000178e+00
1.000410e+00 1.000287e+00
1.000388e+00 1.000192e+00
1.000367e+00 1.000271e+00
1.000367e+00 1.000261e+00
1.000396e+00 1.000192e+00
1.000368e+00 1.000180e+00
1.000346e+00 1.000170e+00
1.000358e+00 1.000248e+00
1.000401e+00 1.000286e+00
1.000432e+00 1.000209e+00
1.000375e+00 1.000178e+00
1.000364e+00 1.000250e+00
1.000355e+00 1.000168e+00
1.000378e+00 1.000268e+00
1.000427e+00 1.000301e+00
1.000468e+00 1.000222e+00
1.000370e+00 1.000167e+00
1.000369e+00 1.000251e+00
1.000364e+00 1.000172e+00
1.000374e+00 1.000262e+00
1.000360e+00 1.000264e+00
1.000332e+00 1.000174e+00
1.000332e+00 1.000168e+00
1.000352e+00 1.000172e+00
1.000327e+00 1.000165e+00
1.000295e+00 1.000152e+00
1.000302e+00 1.000230e+00
1.000323e+00 1.000247e+00
1.000367e+00 1.000183e+00
1.000309e+00 1.000159e+00
1.000300e+00 1.000152e+00
1.000305e+00 1.000207e+00
1.000322e+00 1.000236e+00
1.000350e+00 1.000201e+00
1.000370e+00 1.000187e+00
1.000319e+00 1.000160e+00
1.000318e+00 1.000232e+00
1.000323e+00 1.000159e+00
1.000346e+00 1.000239e+00
1.000348e+00 1.000173e+00
1.000301e+00 1.000154e+00
1.000346e+00 1.000217e+00
1.000336e+00 1.000166e+00
1.000316e+00 1.000162e+00
1.000313e+00 1.000224e+00
1.000295e+00 1.000152e+00
1.000353e+00 1.000180e+00
1.000391e+00 1.000192e+00
1.000333e+00 1.000167e+00
1.000318e+00 1.000158e+00
1.000321e+00 1.000220e+00
1.000330e+00 1.000164e+00
1.000366e+00 1.000182e+00
1.000354e+00 1.000160e+00
1.000325e+00 1.000204e+00
1.000307e+00 1.000186e+00
1.000290e+00 1.000199e+00
1.000290e+00 1.000186e+00
1.000283e+00 1.000147e+00
1.000256e+00 1.000134e+00
1.000275e+00 1.000157e+00
1.000274e+00 1.000134e+00
1.000272e+00 1.000190e+00
1.000278e+00 1.000143e+00
1.000269e+00 1.000135e+00
1.000315e+00 1.000222e+00
1.000292e+00 1.000149e+00
1.000264e+00 1.000138e+00
1.000251e+00 1.000191e+00
1.000251e+00 1.000188e+00
1.000269e+00 1.000144e+00
1.000306e+00 1.000231e+00
1.000272e+00 1.000142e+00
1.000253e+00 1.000156e+00
1.000249e+00 1.000193e+00
1.000270e+00 1.000156e+00
1.000285e+00 1.000149e+00
1.000265e+00 1.000148e+00
1.000265e+00 1.000198e+00
1.000281e+00 1.000164e+00
1.000273e+00 1.000192e+00
1.000263e+00 1.000130e+00
1.000245e+00 1.000119e+00
1.000250e+00 1.000171e+00
1.000284e+00 1.000188e+00
1.000269e+00 1.000122e+00
1.000269e+00 1.000169e+00
1.000279e+00 1.000129e+00
1.000262e+00 1.000121e+00
1.000252e+00 1.000168e+00
1.000270e+00 1.000155e+00
1.000231e+00 1.000116e+00
1.000212e+00 1.000156e+00
1.000219e+00 1.000129e+00
1.000216e+00 1.000114e+00
1.000220e+00 1.000118e+00
1.000221e+00 1.000116e+00
1.000231e+00 1.000120e+00
1.000249e+00 1.000174e+00
1.000238e+00 1.000123e+00
1.000227e+00 1.000119e+00
1.000227e+00 1.000156e+00
1.000256e+00 1.000172e+00
1.000251e+00 1.000120e+00
1.000249e+00 1.000159e+00
1.000227e+00 1.000108e+00
