13 146
11 128
10 121
10 130
15 149
11 150
11 189
12 190
16 204
15 182
23 211
26 222
29 206
24 205
22 231
19 229
13 283
11 396
10 512
11 545
17 516
18 511
18 517
17 515
17 507
15 509
16 515
17 505
16 500
17 503
15 490
17 496
16 493
16 488
19 497
16 473
15 481
18 478
18 468
20 485
13 146
11 128
10 121
10 130
15 149
11 150
11 189
12 190
16 204
15 182
23 211
26 222
29 206
24 205
22 231
19 229
13 283
11 396
10 512
11 545
17 516
18 511
18 517
17 515
17 507
15 509
16 515
17 505
16 500
17 503
15 490
17 496
16 493
16 488
19 497
16 473
15 481
18 478
18 468
20 485
17 490
17 494
16 478
16 484
17 487
19 498
15 488
18 472
15 491
15 452
19 454
16 463
15 441
18 449
15 453
19 455
16 445
16 444
19 446
17 436
