1 8.543700e-02 1.173627e-01 1.304140e-06 9.137377e-02
2 5.110103e-02 1.324357e-01 9.361476e-08 6.624564e-02
3 1.707272e-02 5.477710e-02 6.057464e-08 2.415903e-02
4 1.627665e-02 4.619152e-02 3.281030e-08 2.215519e-02
5 1.361417e-02 3.006832e-02 2.673655e-08 1.678966e-02
6 4.605446e-03 1.052563e-02 2.591215e-08 5.641556e-03
7 2.416781e-03 7.361071e-03 2.583288e-08 3.281632e-03
8 9.486074e-04 2.336725e-03 2.583136e-08 1.352388e-03
9 8.471340e-04 1.985494e-03 2.581508e-08 1.169160e-03
10 7.094989e-04 1.761466e-03 2.581385e-08 1.001568e-03
11 6.272856e-04 1.604065e-03 2.580859e-08 8.955122e-04
12 5.611816e-04 1.450203e-03 2.580307e-08 8.049721e-04
13 5.059397e-04 1.354094e-03 2.580050e-08 7.424978e-04
1 6.219241e-03 1.670116e-02 9.200704e-08 7.413569e-03
2 3.946260e-03 9.330627e-03 8.392535e-08 4.812119e-03
3 8.479698e-03 1.690235e-02 6.118622e-08 9.826985e-03
4 6.452633e-03 1.264610e-02 3.699411e-08 7.505880e-03
5 6.379358e-03 1.019349e-02 2.266014e-08 7.155591e-03
6 2.268039e-03 3.575892e-03 1.936952e-08 2.635453e-03
7 2.112597e-03 3.262501e-03 1.812940e-08 2.428863e-03
8 1.517223e-03 2.559017e-03 1.794423e-08 1.771585e-03
9 7.945021e-04 1.688779e-03 1.790796e-08 9.126883e-04
10 4.392479e-04 1.071522e-03 1.789866e-08 5.356062e-04
11 2.972800e-04 7.790381e-04 1.789440e-08 3.956375e-04
1 1.835639e-02 3.319056e-02 4.606900e-08 2.076624e-02
2 9.560776e-03 2.229635e-02 4.197230e-08 1.220192e-02
3 7.870186e-03 1.256647e-02 2.183091e-08 8.695525e-03
4 4.790905e-03 8.501078e-03 1.351686e-08 5.492401e-03
5 2.883532e-03 5.031036e-03 1.179290e-08 3.208943e-03
6 2.148681e-03 4.494604e-03 1.153391e-08 2.482059e-03
7 1.369519e-03 3.213507e-03 1.148834e-08 1.621044e-03
8 6.220737e-04 1.146676e-03 1.147980e-08 6.779240e-04
9 3.750816e-04 7.705572e-04 1.147649e-08 4.350598e-04
10 2.997971e-04 7.109978e-04 1.147433e-08 3.857077e-04
1 1.618519e-02 3.144759e-02 1.714936e-07 1.820834e-02
2 6.894582e-03 1.941263e-02 1.102180e-07 9.494649e-03
3 7.797055e-03 1.127236e-02 5.070161e-08 8.241084e-03
4 5.529529e-03 7.457222e-03 1.437681e-08 5.781859e-03
5 3.278870e-03 4.521634e-03 1.137659e-08 3.502683e-03
6 1.964003e-03 4.483024e-03 1.115696e-08 2.214957e-03
7 1.233798e-03 2.128693e-03 1.111552e-08 1.369061e-03
8 7.706746e-04 1.770385e-03 1.110725e-08 9.690443e-04
9 5.725778e-04 1.472277e-03 1.110332e-08 7.768235e-04
10 4.943532e-04 1.321653e-03 1.110040e-08 6.960902e-04
1 1.211235e-02 1.899502e-02 2.001353e-07 1.305175e-02
2 5.528485e-03 1.354077e-02 1.357860e-07 6.818929e-03
3 7.709139e-03 1.024498e-02 7.647307e-08 7.984921e-03
4 6.906324e-03 9.679197e-03 2.573434e-08 7.238590e-03
5 4.723945e-03 6.527799e-03 1.212363e-08 4.978251e-03
6 2.130220e-03 4.313381e-03 1.181264e-08 2.318574e-03
7 1.373094e-03 2.877684e-03 1.172346e-08 1.592504e-03
8 1.087952e-03 2.632408e-03 1.166915e-08 1.379543e-03
9 1.021047e-03 2.318596e-03 1.160888e-08 1.247370e-03
10 1.093444e-03 2.100422e-03 1.153364e-08 1.236486e-03
11 1.088316e-03 1.786058e-03 1.146611e-08 1.184549e-03
12 9.441616e-04 1.543379e-03 1.141454e-08 1.033674e-03
13 7.933791e-04 1.496474e-03 1.138028e-08 9.027965e-04
14 7.137442e-04 1.536673e-03 1.135959e-08 8.917302e-04
15 6.358868e-04 1.496349e-03 1.134750e-08 8.596828e-04
1 2.618235e-02 6.798562e-02 3.561863e-07 3.058446e-02
2 8.438038e-03 2.471215e-02 1.986203e-07 1.094928e-02
3 8.706494e-03 1.236261e-02 1.288993e-08 9.050743e-03
4 3.678355e-03 7.413566e-03 1.049759e-08 3.981227e-03
5 2.801795e-03 6.204817e-03 1.012508e-08 3.142148e-03
6 2.609981e-03 8.310710e-03 1.002739e-08 3.338185e-03
7 1.603693e-03 4.748983e-03 9.993947e-09 1.984631e-03
8 1.157660e-03 3.333532e-03 9.981667e-09 1.395471e-03
9 7.656326e-04 1.529905e-03 9.975851e-09 8.918566e-04
10 6.003546e-04 1.502825e-03 9.972354e-09 7.499135e-04
11 5.007633e-04 1.397118e-03 9.969987e-09 6.733801e-04
1 3.448137e-02 9.280990e-02 6.031070e-07 4.335789e-02
2 1.085343e-02 3.303087e-02 2.561567e-07 1.470256e-02
3 8.503315e-03 1.202986e-02 1.861815e-08 9.102125e-03
4 3.693619e-03 6.430182e-03 1.016653e-08 4.035533e-03
5 2.770270e-03 8.708452e-03 9.790864e-09 3.735512e-03
6 2.387019e-03 7.873767e-03 9.671368e-09 3.305085e-03
7 1.598351e-03 5.571114e-03 9.636673e-09 2.311741e-03
8 9.776739e-04 3.138122e-03 9.625777e-09 1.372804e-03
9 5.431148e-04 1.760358e-03 9.621948e-09 7.439097e-04
10 2.969462e-04 9.334366e-04 9.620324e-09 3.877737e-04
11 1.794644e-04 5.324078e-04 9.619516e-09 2.215750e-04
1 3.224053e-02 1.008150e-01 8.361541e-07 4.564331e-02
2 1.207001e-02 3.438192e-02 1.136310e-07 1.592940e-02
3 6.395320e-03 1.072987e-02 6.195465e-08 7.131992e-03
4 5.015851e-03 8.425549e-03 1.325160e-08 5.620704e-03
5 2.670654e-03 4.211696e-03 9.960586e-09 3.017153e-03
6 2.056964e-03 6.819352e-03 9.675751e-09 2.671995e-03
7 1.647565e-03 5.613755e-03 9.554209e-09 2.213865e-03
8 1.062286e-03 3.034838e-03 9.524348e-09 1.385635e-03
9 8.277140e-04 2.178719e-03 9.516785e-09 1.030840e-03
10 5.536407e-04 1.432702e-03 9.514171e-09 6.808180e-04
11 3.331586e-04 8.674534e-04 9.513208e-09 4.056057e-04
12 1.972309e-04 5.339046e-04 9.512815e-09 2.405890e-04
1 3.743908e-02 1.243100e-01 2.424237e-07 5.329379e-02
2 1.100434e-02 3.471816e-02 1.129277e-07 1.485023e-02
3 8.600932e-03 1.473573e-02 1.280054e-08 9.704660e-03
4 3.813849e-03 1.226971e-02 1.075557e-08 5.119047e-03
5 3.969066e-03 1.236713e-02 1.032077e-08 5.524241e-03
6 4.414009e-03 1.563502e-02 1.011524e-08 6.376832e-03
7 3.510797e-03 1.132521e-02 9.997693e-09 4.926913e-03
8 3.145136e-03 1.131827e-02 9.943182e-09 4.376691e-03
9 2.220741e-03 5.312591e-03 9.920458e-09 2.714215e-03
10 1.739935e-03 4.421307e-03 9.911484e-09 2.120123e-03
11 8.920974e-04 2.018939e-03 9.908464e-09 1.025002e-03
12 6.534984e-04 1.979301e-03 9.907648e-09 8.112845e-04
13 8.525087e-04 4.621600e-03 9.907138e-09 1.517154e-03
14 4.093009e-04 1.564878e-03 9.906597e-09 5.522119e-04
15 2.319946e-04 6.196587e-04 9.906401e-09 2.907220e-04
16 2.232719e-04 8.845603e-04 9.906308e-09 3.327208e-04
1 4.128134e-02 1.360679e-01 2.479733e-07 6.076700e-02
2 1.285249e-02 4.344281e-02 1.447128e-07 1.839592e-02
3 9.468451e-03 1.518494e-02 1.758013e-08 1.073828e-02
4 4.693329e-03 1.211063e-02 1.139356e-08 5.844212e-03
5 3.685499e-03 1.238759e-02 1.063431e-08 5.412107e-03
6 4.798834e-03 1.563940e-02 1.031879e-08 6.918362e-03
7 4.322686e-03 1.335793e-02 1.015418e-08 5.885508e-03
8 3.893010e-03 1.093060e-02 1.006695e-08 5.107840e-03
9 2.608836e-03 7.621138e-03 1.003074e-08 3.393595e-03
10 1.833335e-03 4.449979e-03 1.001834e-08 2.242453e-03
11 1.271840e-03 3.524584e-03 1.001491e-08 1.578557e-03
12 9.004776e-04 3.101017e-03 1.001298e-08 1.203897e-03
13 5.070331e-04 1.641835e-03 1.001219e-08 6.540389e-04
14 5.710515e-04 2.516815e-03 1.001198e-08 9.100272e-04
15 4.711953e-04 2.179631e-03 1.001180e-08 7.759661e-04
1 4.272482e-02 1.435569e-01 3.031220e-07 6.322105e-02
2 1.359320e-02 4.596313e-02 1.448594e-07 1.967260e-02
3 9.299720e-03 1.515412e-02 2.444206e-08 1.044438e-02
4 5.226413e-03 1.309499e-02 1.147413e-08 6.337079e-03
5 3.724771e-03 1.250510e-02 1.065877e-08 5.377304e-03
6 4.628584e-03 1.575766e-02 1.033396e-08 6.607602e-03
7 3.703575e-03 1.264552e-02 1.019513e-08 5.307406e-03
8 3.102122e-03 1.068154e-02 1.013258e-08 4.201285e-03
9 2.521188e-03 6.075121e-03 1.011026e-08 3.142511e-03
10 1.852891e-03 5.300256e-03 1.010218e-08 2.365907e-03
11 1.244175e-03 4.441610e-03 1.010007e-08 1.714962e-03
12 9.075113e-04 3.843306e-03 1.009844e-08 1.377687e-03
13 7.476589e-04 3.630044e-03 1.009788e-08 1.264400e-03
14 5.076446e-04 2.635283e-03 1.009757e-08 8.402659e-04
15 4.079825e-04 2.118918e-03 1.009753e-08 6.890517e-04
16 7.083048e-04 3.851359e-03 1.009740e-08 1.331440e-03
17 7.513265e-04 4.540574e-03 1.009727e-08 1.499547e-03
18 4.504576e-04 2.643420e-03 1.009724e-08 8.232694e-04
19 4.161113e-04 2.391822e-03 1.009724e-08 7.853247e-04
20 5.843553e-04 3.386054e-03 1.009718e-08 1.119331e-03
21 1.206635e-04 3.045900e-04 1.009711e-08 1.436940e-04
22 3.872986e-04 2.390600e-03 1.009705e-08 7.360669e-04
23 7.522046e-05 2.738418e-04 1.009705e-08 9.509742e-05
1 4.059543e-02 1.363653e-01 2.024706e-07 5.955926e-02
2 1.289630e-02 4.554303e-02 1.263095e-07 1.896114e-02
3 1.011084e-02 1.830460e-02 3.654132e-08 1.153159e-02
4 6.475710e-03 1.165886e-02 1.235015e-08 7.378853e-03
5 4.222869e-03 1.538307e-02 1.115223e-08 6.031938e-03
6 5.031617e-03 1.575542e-02 1.065941e-08 6.896820e-03
7 5.419209e-03 1.767645e-02 1.042237e-08 7.114677e-03
8 5.208745e-03 1.243792e-02 1.028899e-08 6.550948e-03
9 4.525089e-03 1.150665e-02 1.023659e-08 5.750978e-03
10 3.743593e-03 1.335423e-02 1.021852e-08 5.315773e-03
11 2.157981e-03 6.718062e-03 1.020885e-08 2.890677e-03
12 1.837503e-03 9.416279e-03 1.020879e-08 3.251914e-03
13 1.835202e-03 8.731379e-03 1.020679e-08 3.190212e-03
14 1.147184e-03 5.151068e-03 1.020653e-08 1.893350e-03
15 1.080355e-03 5.339285e-03 1.020604e-08 1.875172e-03
16 9.244061e-04 4.478833e-03 1.020583e-08 1.591340e-03
17 8.413936e-04 4.301161e-03 1.020565e-08 1.511478e-03
18 8.227040e-04 4.286917e-03 1.020556e-08 1.491833e-03
19 7.879198e-04 4.275264e-03 1.020548e-08 1.489977e-03
20 7.704706e-04 4.186271e-03 1.020540e-08 1.450791e-03
21 7.382427e-04 4.132264e-03 1.020539e-08 1.438888e-03
22 7.423406e-04 4.131092e-03 1.020532e-08 1.433631e-03
23 7.273225e-04 4.178682e-03 1.020495e-08 1.449542e-03
24 4.335748e-04 2.464365e-03 1.020487e-08 7.818568e-04
25 4.098629e-04 2.553782e-03 1.020481e-08 8.013400e-04
26 1.663988e-04 8.733812e-04 1.020479e-08 2.893176e-04
1 3.673289e-02 1.190700e-01 1.658050e-07 5.336262e-02
2 1.198994e-02 4.158325e-02 1.105276e-07 1.724218e-02
3 1.013827e-02 1.807322e-02 7.417318e-08 1.196245e-02
4 8.378046e-03 1.503570e-02 2.139349e-08 9.845331e-03
5 4.898294e-03 1.253739e-02 1.251939e-08 5.962010e-03
6 4.482500e-03 1.442506e-02 1.154371e-08 6.266047e-03
7 5.028253e-03 1.549770e-02 1.106603e-08 6.840852e-03
8 4.771834e-03 1.546553e-02 1.079262e-08 6.655278e-03
9 4.305843e-03 1.421519e-02 1.061809e-08 5.965472e-03
10 3.805870e-03 1.165621e-02 1.053314e-08 5.035385e-03
11 2.348345e-03 7.105446e-03 1.049511e-08 3.023046e-03
12 1.749520e-03 4.521233e-03 1.048456e-08 2.173397e-03
13 1.173070e-03 4.230201e-03 1.048091e-08 1.528564e-03
14 1.084411e-03 5.340544e-03 1.047990e-08 1.694508e-03
15 7.772409e-04 3.674011e-03 1.047936e-08 1.184043e-03
16 1.133530e-03 6.619676e-03 1.047904e-08 2.093582e-03
17 4.174305e-04 1.977616e-03 1.047892e-08 6.132895e-04
18 8.548144e-04 4.660825e-03 1.047890e-08 1.478180e-03
19 8.435489e-04 5.432406e-03 1.047879e-08 1.622161e-03
20 7.658717e-04 4.264769e-03 1.047874e-08 1.342361e-03
21 5.984353e-04 3.726420e-03 1.047867e-08 1.095114e-03
22 6.797188e-04 3.895575e-03 1.047866e-08 1.201773e-03
23 6.178665e-04 3.938184e-03 1.047859e-08 1.161264e-03
24 6.607549e-04 3.854649e-03 1.047859e-08 1.184263e-03
25 6.443239e-04 4.157779e-03 1.047854e-08 1.235008e-03
26 7.273275e-04 4.338916e-03 1.047843e-08 1.334482e-03
27 1.293117e-04 3.175739e-04 1.047822e-08 1.532307e-04
28 7.841728e-05 1.876020e-04 1.047812e-08 9.354899e-05
29 5.336906e-05 1.214625e-04 1.047807e-08 6.445592e-05
1 3.611987e-02 1.271876e-01 2.068288e-07 5.368220e-02
2 1.149954e-02 3.887525e-02 1.139103e-07 1.644173e-02
3 8.539968e-03 1.467653e-02 2.197912e-08 9.953162e-03
4 4.814211e-03 1.321626e-02 1.242549e-08 6.006597e-03
5 3.894899e-03 1.344931e-02 1.143920e-08 5.665916e-03
6 4.196987e-03 1.484304e-02 1.107257e-08 6.045588e-03
7 3.551239e-03 1.251858e-02 1.090613e-08 5.305983e-03
8 2.812516e-03 9.756429e-03 1.083174e-08 3.867760e-03
9 2.348781e-03 6.351327e-03 1.080535e-08 3.044496e-03
10 1.632381e-03 5.717651e-03 1.079644e-08 2.122164e-03
11 1.417781e-03 6.812969e-03 1.079546e-08 2.175751e-03
12 1.308385e-03 7.475421e-03 1.079381e-08 2.357044e-03
13 1.615801e-03 7.616389e-03 1.079179e-08 2.835038e-03
14 1.088900e-03 4.399293e-03 1.079166e-08 1.762157e-03
15 1.321891e-03 5.379701e-03 1.079077e-08 2.290246e-03
16 6.382227e-04 3.908286e-03 1.079074e-08 1.164277e-03
17 9.995860e-04 6.760695e-03 1.079059e-08 1.999894e-03
18 7.041128e-04 4.393671e-03 1.079048e-08 1.307494e-03
19 5.112693e-04 3.789649e-03 1.079045e-08 1.044704e-03
20 4.912558e-04 3.759590e-03 1.079041e-08 1.041804e-03
21 5.566043e-04 4.565027e-03 1.079035e-08 1.243960e-03
22 2.928935e-04 2.051082e-03 1.079031e-08 5.664637e-04
23 9.457418e-05 2.112552e-04 1.079018e-08 1.088721e-04
24 7.512435e-05 3.154586e-04 1.079017e-08 9.654692e-05
1 3.564375e-02 1.217429e-01 1.513148e-07 5.287807e-02
2 1.232389e-02 4.383081e-02 1.083291e-07 1.816553e-02
3 9.495894e-03 1.728794e-02 3.732809e-08 1.113039e-02
4 6.416034e-03 1.451403e-02 1.423910e-08 7.646405e-03
5 4.514420e-03 1.561178e-02 1.244966e-08 6.582398e-03
6 4.404354e-03 1.332240e-02 1.186659e-08 6.036539e-03
7 4.682908e-03 1.587852e-02 1.157932e-08 6.826449e-03
8 3.337237e-03 1.087560e-02 1.143370e-08 4.695081e-03
9 3.900086e-03 1.228130e-02 1.138237e-08 5.269646e-03
10 2.719895e-03 9.895452e-03 1.135339e-08 3.726762e-03
11 1.241326e-03 3.815291e-03 1.134540e-08 1.599502e-03
12 1.589713e-03 8.442367e-03 1.134454e-08 2.600770e-03
13 1.223830e-03 6.525002e-03 1.134402e-08 1.964904e-03
14 1.646894e-03 1.001092e-02 1.134176e-08 3.002635e-03
15 9.143130e-04 4.670019e-03 1.134066e-08 1.460622e-03
16 6.376965e-04 3.553248e-03 1.134050e-08 1.048938e-03
17 9.823343e-04 5.521847e-03 1.134009e-08 1.707399e-03
18 5.520016e-04 3.728311e-03 1.134004e-08 1.058866e-03
19 7.064135e-04 5.131737e-03 1.133975e-08 1.440587e-03
20 1.158152e-04 3.018598e-04 1.133956e-08 1.414861e-04
21 1.482007e-04 9.487914e-04 1.133954e-08 2.533800e-04
22 1.347978e-04 9.532213e-04 1.133951e-08 2.473764e-04
1 3.384721e-02 1.151269e-01 1.628031e-07 5.140102e-02
2 1.165648e-02 4.077163e-02 1.133725e-07 1.680360e-02
3 9.624424e-03 1.801714e-02 3.035924e-08 1.128595e-02
4 6.439944e-03 1.558227e-02 1.458002e-08 7.854911e-03
5 4.577846e-03 1.486903e-02 1.275075e-08 6.498185e-03
6 4.522325e-03 1.424579e-02 1.211255e-08 6.317877e-03
7 4.914753e-03 1.592802e-02 1.178873e-08 6.753998e-03
8 3.381888e-03 1.156145e-02 1.161131e-08 4.930657e-03
9 3.095915e-03 1.039327e-02 1.154023e-08 4.330859e-03
10 3.019857e-03 1.526695e-02 1.152628e-08 4.814663e-03
11 2.188269e-03 9.278973e-03 1.150990e-08 3.230224e-03
12 9.323695e-04 5.112386e-03 1.150870e-08 1.490616e-03
13 1.638191e-03 8.861002e-03 1.150826e-08 2.961910e-03
14 1.102964e-03 5.110914e-03 1.150597e-08 1.881554e-03
15 2.306494e-04 1.310244e-03 1.150588e-08 3.598212e-04
16 6.208669e-04 5.781761e-03 1.150564e-08 1.451070e-03
17 4.286996e-04 3.307560e-03 1.150550e-08 8.819510e-04
18 1.047493e-04 8.444536e-04 1.150541e-08 1.866801e-04
19 5.973337e-05 5.500692e-04 1.150536e-08 1.134387e-04
1 3.075767e-02 1.060950e-01 1.256985e-07 4.663568e-02
2 1.059146e-02 3.788857e-02 9.380121e-08 1.600916e-02
3 9.264759e-03 1.931378e-02 5.725230e-08 1.069521e-02
4 7.677032e-03 1.735915e-02 3.041044e-08 9.106758e-03
5 6.200478e-03 1.553986e-02 1.490286e-08 7.461027e-03
6 5.112390e-03 1.639066e-02 1.309520e-08 7.280583e-03
7 4.131046e-03 1.453350e-02 1.249082e-08 6.109498e-03
8 4.082760e-03 1.314420e-02 1.224394e-08 5.789899e-03
9 2.409324e-03 8.028884e-03 1.214117e-08 3.275098e-03
10 1.530694e-03 5.177481e-03 1.211237e-08 2.091433e-03
11 4.921136e-04 1.495254e-03 1.210441e-08 6.112528e-04
12 1.632607e-04 4.575260e-04 1.210028e-08 2.069034e-04
13 1.343473e-04 2.687448e-04 1.209712e-08 1.597987e-04
1 2.135032e-02 6.718928e-02 6.912691e-08 3.154736e-02
2 8.782552e-03 2.883080e-02 5.573813e-08 1.290720e-02
3 7.084742e-03 1.700933e-02 4.026882e-08 8.737694e-03
4 6.521869e-03 1.475527e-02 2.022125e-08 7.791151e-03
5 5.222497e-03 1.304324e-02 1.527155e-08 6.564538e-03
6 3.799657e-03 1.137825e-02 1.436211e-08 5.146322e-03
7 2.206673e-03 6.541743e-03 1.406993e-08 2.948070e-03
8 1.001751e-03 2.586453e-03 1.396694e-08 1.267287e-03
9 4.076544e-04 1.041797e-03 1.392316e-08 4.908962e-04
10 2.490134e-04 7.531102e-04 1.389087e-08 3.071743e-04
11 3.258665e-04 7.623153e-04 1.385308e-08 3.931626e-04
1 1.109701e-02 3.041027e-02 4.613450e-08 1.593747e-02
2 5.019346e-03 1.638438e-02 4.274967e-08 7.534597e-03
3 4.582037e-03 1.176534e-02 3.805549e-08 6.100110e-03
4 4.658366e-03 9.363427e-03 2.465008e-08 5.725340e-03
5 2.937140e-03 6.434790e-03 2.063126e-08 3.516358e-03
6 1.661120e-03 3.231879e-03 1.936541e-08 1.812138e-03
7 1.072794e-03 1.690479e-03 1.873271e-08 1.191053e-03
8 6.192833e-04 1.568025e-03 1.855514e-08 7.209367e-04
9 4.131605e-04 1.077412e-03 1.850221e-08 4.832125e-04
10 2.861735e-04 7.368980e-04 1.848381e-08 3.395918e-04
1 5.288235e-03 1.674966e-02 4.922193e-08 7.641435e-03
2 1.765950e-03 4.093820e-03 4.846676e-08 2.420580e-03
3 2.482364e-03 4.680207e-03 4.312939e-08 3.213786e-03
4 2.203138e-03 4.516245e-03 3.916368e-08 2.691307e-03
5 1.480947e-03 2.679642e-03 3.729852e-08 1.737189e-03
6 1.451105e-03 2.632062e-03 3.575978e-08 1.678719e-03
7 1.354267e-03 2.714946e-03 3.420282e-08 1.497011e-03
8 1.129445e-03 2.428893e-03 3.271740e-08 1.244170e-03
9 5.689884e-04 9.303576e-04 3.232441e-08 6.236441e-04
10 2.445166e-04 5.106487e-04 3.226353e-08 2.807610e-04
11 1.130523e-04 3.593823e-04 3.225186e-08 1.343575e-04
1 3.431180e-03 1.674938e-02 5.300613e-08 5.634065e-03
2 2.301019e-03 7.291586e-03 5.202175e-08 3.098109e-03
3 2.479596e-03 6.936480e-03 5.060347e-08 3.238927e-03
4 2.474385e-03 5.400301e-03 4.923983e-08 3.125132e-03
5 2.487288e-03 4.070417e-03 4.775017e-08 3.020824e-03
6 2.159794e-03 3.136183e-03 4.695202e-08 2.543754e-03
7 2.093725e-03 2.984763e-03 4.596263e-08 2.402988e-03
8 2.099331e-03 3.091794e-03 4.472435e-08 2.346268e-03
9 2.250109e-03 3.149529e-03 4.390960e-08 2.382860e-03
10 2.428342e-03 3.847575e-03 4.159649e-08 2.636768e-03
11 2.526651e-03 3.576723e-03 4.088734e-08 2.684850e-03
12 2.726999e-03 3.706636e-03 3.943187e-08 2.890928e-03
13 1.578607e-03 2.005506e-03 3.888903e-08 1.664831e-03
14 1.906958e-03 2.492617e-03 3.806974e-08 2.011980e-03
15 9.410377e-04 1.263727e-03 3.780121e-08 9.896843e-04
16 7.961161e-04 1.148892e-03 3.761311e-08 8.509486e-04
17 5.268791e-04 8.642080e-04 3.752631e-08 5.720529e-04
1 3.702868e-03 1.675157e-02 5.067855e-08 5.922442e-03
2 1.299457e-03 2.187589e-03 5.009664e-08 1.593881e-03
3 1.815257e-03 2.978873e-03 4.861199e-08 2.213251e-03
4 1.765204e-03 2.730698e-03 4.739957e-08 2.059514e-03
5 1.764310e-03 2.551871e-03 4.673371e-08 1.960272e-03
6 2.319201e-03 2.948461e-03 4.560050e-08 2.435293e-03
7 1.848946e-03 2.461161e-03 4.512303e-08 1.944553e-03
8 2.104744e-03 2.730845e-03 4.359144e-08 2.211175e-03
9 2.680229e-03 3.477984e-03 4.235141e-08 2.817960e-03
10 2.680983e-03 3.571666e-03 4.110284e-08 2.837352e-03
11 2.785375e-03 3.681297e-03 4.026207e-08 2.943019e-03
12 2.077365e-03 2.858781e-03 3.921171e-08 2.208022e-03
13 2.131709e-03 2.923186e-03 3.786606e-08 2.260678e-03
14 1.517235e-03 1.794097e-03 3.746286e-08 1.587880e-03
15 1.048769e-03 1.220921e-03 3.722188e-08 1.099489e-03
16 6.539789e-04 9.741173e-04 3.710094e-08 6.921219e-04
17 6.506145e-04 8.284721e-04 3.700023e-08 6.859542e-04
18 3.370878e-04 4.176976e-04 3.697219e-08 3.566669e-04
1 4.143247e-03 1.675457e-02 5.030440e-08 6.504155e-03
2 1.251533e-03 2.100199e-03 4.966792e-08 1.542208e-03
3 1.840243e-03 3.109568e-03 4.851319e-08 2.228617e-03
4 2.149847e-03 3.429446e-03 4.737376e-08 2.497317e-03
5 3.805614e-03 4.676408e-03 4.583813e-08 3.965768e-03
6 2.997532e-03 3.541938e-03 4.436519e-08 3.126072e-03
7 2.971652e-03 3.632377e-03 4.293188e-08 3.117950e-03
8 3.012766e-03 4.228534e-03 4.080853e-08 3.194231e-03
9 2.633440e-03 3.086341e-03 4.008085e-08 2.759393e-03
10 2.153172e-03 2.768452e-03 3.915497e-08 2.271252e-03
11 1.757517e-03 2.380803e-03 3.865116e-08 1.857566e-03
12 1.539218e-03 2.030900e-03 3.784811e-08 1.630085e-03
13 1.423751e-03 1.809704e-03 3.752516e-08 1.494592e-03
14 9.653305e-04 1.242884e-03 3.717356e-08 1.020103e-03
15 1.108382e-03 1.705221e-03 3.674810e-08 1.186956e-03
16 9.087512e-04 1.197600e-03 3.659101e-08 9.565903e-04
17 6.339479e-04 7.905489e-04 3.649846e-08 6.642489e-04
18 3.898728e-04 7.190143e-04 3.647217e-08 4.180619e-04
1 4.352672e-03 1.675715e-02 4.919794e-08 6.659911e-03
2 1.320128e-03 2.178935e-03 4.843287e-08 1.638301e-03
3 1.889890e-03 3.213267e-03 4.680830e-08 2.284681e-03
4 2.177373e-03 3.356202e-03 4.533234e-08 2.489549e-03
5 2.624098e-03 3.169645e-03 4.393915e-08 2.741614e-03
6 2.393261e-03 3.223258e-03 4.272823e-08 2.522926e-03
7 2.522964e-03 3.466166e-03 4.222078e-08 2.676315e-03
8 1.978597e-03 2.893756e-03 4.030639e-08 2.118879e-03
9 2.343938e-03 3.154986e-03 3.956920e-08 2.489911e-03
10 2.446805e-03 3.150074e-03 3.835871e-08 2.579404e-03
11 1.661244e-03 2.265968e-03 3.768277e-08 1.760998e-03
12 1.719298e-03 2.251721e-03 3.714056e-08 1.811813e-03
13 1.292199e-03 1.648843e-03 3.661800e-08 1.364101e-03
14 1.057964e-03 1.376676e-03 3.630714e-08 1.118411e-03
15 6.309107e-04 9.563138e-04 3.619452e-08 6.723654e-04
16 3.812826e-04 5.550528e-04 3.615647e-08 4.058412e-04
17 2.061992e-04 3.001072e-04 3.614522e-08 2.204645e-04
1 4.720619e-03 1.675956e-02 4.915237e-08 7.122703e-03
2 1.187670e-03 2.046393e-03 4.839184e-08 1.471187e-03
3 1.806528e-03 3.060880e-03 4.689283e-08 2.174938e-03
4 1.948081e-03 3.076428e-03 4.557094e-08 2.249976e-03
5 2.538831e-03 3.054746e-03 4.450581e-08 2.651148e-03
6 2.978859e-03 3.508620e-03 4.377926e-08 3.116952e-03
7 1.789689e-03 2.203475e-03 4.255152e-08 1.876429e-03
8 2.051636e-03 2.962947e-03 4.119898e-08 2.189955e-03
9 1.867259e-03 2.609431e-03 4.032118e-08 1.982439e-03
10 2.163412e-03 3.124297e-03 3.954371e-08 2.308226e-03
11 1.611088e-03 2.320726e-03 3.846567e-08 1.722281e-03
12 1.910009e-03 2.476869e-03 3.790843e-08 2.014498e-03
13 1.683438e-03 2.186831e-03 3.701167e-08 1.774910e-03
14 1.195698e-03 1.534787e-03 3.662884e-08 1.254848e-03
15 8.954520e-04 1.206336e-03 3.633622e-08 9.471381e-04
16 9.246452e-04 1.150188e-03 3.614897e-08 9.696738e-04
17 4.986370e-04 6.463138e-04 3.607843e-08 5.261183e-04
1 4.952031e-03 1.676270e-02 5.045315e-08 7.631134e-03
2 1.177590e-03 2.054114e-03 4.961927e-08 1.454239e-03
3 1.679815e-03 2.836321e-03 4.826111e-08 2.027255e-03
4 1.755233e-03 2.776495e-03 4.709618e-08 2.037625e-03
5 3.499813e-03 4.320915e-03 4.379525e-08 3.667383e-03
6 3.571531e-03 4.581412e-03 4.270018e-08 3.764299e-03
7 3.092392e-03 4.049097e-03 4.182167e-08 3.270024e-03
8 1.778349e-03 2.453543e-03 4.032279e-08 1.879107e-03
9 1.916058e-03 2.923460e-03 3.961138e-08 2.052600e-03
10 1.399956e-03 2.098553e-03 3.867895e-08 1.501902e-03
11 1.713417e-03 2.099200e-03 3.827489e-08 1.796349e-03
12 1.318362e-03 1.603888e-03 3.785563e-08 1.381658e-03
13 6.691391e-04 8.716914e-04 3.773862e-08 6.984959e-04
14 5.326898e-04 8.047098e-04 3.764817e-08 5.655149e-04
15 5.513464e-04 8.389715e-04 3.755349e-08 5.889753e-04
1 5.543977e-03 1.880078e-02 5.252356e-08 8.641068e-03
2 1.257057e-03 2.312911e-03 5.148953e-08 1.577496e-03
3 1.912469e-03 3.088967e-03 4.979937e-08 2.363114e-03
4 3.730965e-03 4.681607e-03 4.869115e-08 3.944124e-03
5 2.971778e-03 3.847005e-03 4.583521e-08 3.141783e-03
6 2.737528e-03 3.252878e-03 4.462977e-08 2.875642e-03
7 2.688666e-03 3.220357e-03 4.387263e-08 2.831145e-03
8 3.238894e-03 4.065539e-03 4.177293e-08 3.410480e-03
9 2.647756e-03 3.427270e-03 4.015839e-08 2.787828e-03
10 2.196388e-03 2.701258e-03 3.928382e-08 2.299929e-03
11 1.955175e-03 2.629525e-03 3.869511e-08 2.059241e-03
12 1.443191e-03 1.949535e-03 3.809871e-08 1.520529e-03
13 1.187125e-03 1.505186e-03 3.777126e-08 1.248141e-03
14 8.414436e-04 1.272414e-03 3.759314e-08 8.918574e-04
15 5.294670e-04 1.103973e-03 3.751861e-08 5.786732e-04
16 3.484997e-04 1.346283e-03 3.748325e-08 4.111572e-04
1 6.566153e-03 2.202606e-02 4.986270e-08 1.024553e-02
2 1.331001e-03 2.300799e-03 4.916642e-08 1.670112e-03
3 2.261136e-03 3.941382e-03 4.741861e-08 2.874628e-03
4 1.833794e-03 3.833098e-03 4.635155e-08 2.224107e-03
5 3.111946e-03 3.932879e-03 4.512181e-08 3.260125e-03
6 3.154301e-03 4.083395e-03 4.296069e-08 3.333055e-03
7 2.728086e-03 3.398600e-03 4.172799e-08 2.863201e-03
8 2.703702e-03 3.477916e-03 4.114472e-08 2.847384e-03
9 2.010820e-03 2.682350e-03 4.006094e-08 2.121002e-03
10 2.521368e-03 3.216107e-03 3.876813e-08 2.651074e-03
11 1.673474e-03 2.374741e-03 3.765672e-08 1.769031e-03
12 1.547614e-03 2.078912e-03 3.703003e-08 1.620836e-03
13 1.226211e-03 1.498986e-03 3.663810e-08 1.280784e-03
14 1.304017e-03 1.819718e-03 3.612910e-08 1.373063e-03
15 8.107161e-04 9.414116e-04 3.597050e-08 8.427769e-04
16 5.086377e-04 7.306404e-04 3.589764e-08 5.340607e-04
17 4.893069e-04 6.194949e-04 3.584281e-08 5.105090e-04
1 7.418808e-03 2.479820e-02 4.833093e-08 1.179124e-02
2 1.546751e-03 2.695823e-03 4.764288e-08 2.005742e-03
3 2.371149e-03 3.917891e-03 4.640318e-08 2.951075e-03
4 2.434990e-03 3.962578e-03 4.468029e-08 2.907782e-03
5 3.550071e-03 4.505776e-03 4.230315e-08 3.723074e-03
6 3.524932e-03 4.443128e-03 4.120414e-08 3.700190e-03
7 2.480489e-03 3.148289e-03 3.966218e-08 2.610457e-03
8 2.053085e-03 2.904771e-03 3.862625e-08 2.178738e-03
9 2.582569e-03 3.342495e-03 3.793128e-08 2.717492e-03
10 2.129176e-03 2.910251e-03 3.700551e-08 2.243264e-03
11 1.900396e-03 2.479747e-03 3.650193e-08 1.991581e-03
12 1.433696e-03 1.835444e-03 3.587650e-08 1.500198e-03
13 1.372071e-03 1.715751e-03 3.538835e-08 1.432930e-03
14 8.237988e-04 1.005320e-03 3.524790e-08 8.541794e-04
15 4.333776e-04 6.334582e-04 3.520904e-08 4.600926e-04
16 3.028166e-04 4.864358e-04 3.518889e-08 3.248009e-04
1 8.246436e-03 3.246322e-02 4.910376e-08 1.339807e-02
2 1.591006e-03 3.031996e-03 4.840917e-08 2.094082e-03
3 2.069429e-03 3.453092e-03 4.685528e-08 2.616988e-03
4 2.023230e-03 3.215187e-03 4.545421e-08 2.408104e-03
5 2.505400e-03 3.219062e-03 4.458208e-08 2.649077e-03
6 3.306832e-03 4.055426e-03 4.322894e-08 3.469069e-03
7 2.132111e-03 3.068690e-03 4.193996e-08 2.262316e-03
8 1.924583e-03 2.506917e-03 4.149721e-08 2.020486e-03
9 2.255069e-03 3.020585e-03 3.961711e-08 2.378717e-03
10 1.987248e-03 2.552059e-03 3.868318e-08 2.088152e-03
11 2.143130e-03 2.965960e-03 3.810226e-08 2.254461e-03
12 1.781606e-03 2.568363e-03 3.710900e-08 1.881832e-03
13 1.694166e-03 2.209111e-03 3.634533e-08 1.774714e-03
14 1.214128e-03 1.443444e-03 3.604483e-08 1.264308e-03
15 6.668818e-04 8.227633e-04 3.596414e-08 6.965195e-04
16 4.017486e-04 5.785720e-04 3.593400e-08 4.243012e-04
17 2.828729e-04 4.561806e-04 3.591668e-08 3.014481e-04
1 8.805024e-03 4.187530e-02 5.202168e-08 1.477927e-02
2 1.619797e-03 3.227086e-03 5.103529e-08 2.134705e-03
3 1.895275e-03 3.197630e-03 4.943229e-08 2.423590e-03
4 2.216909e-03 3.313423e-03 4.871301e-08 2.574409e-03
5 3.452323e-03 4.205813e-03 4.627009e-08 3.632216e-03
6 3.633119e-03 4.409939e-03 4.501215e-08 3.803652e-03
7 3.361062e-03 4.110208e-03 4.188861e-08 3.524476e-03
8 2.465781e-03 2.971892e-03 4.135669e-08 2.575103e-03
9 1.904303e-03 2.466030e-03 4.044548e-08 1.992755e-03
10 1.436895e-03 2.105105e-03 3.999325e-08 1.512887e-03
11 1.050417e-03 1.599293e-03 3.951824e-08 1.122152e-03
12 1.375991e-03 1.861671e-03 3.896181e-08 1.441666e-03
13 9.226039e-04 1.210212e-03 3.870528e-08 9.655307e-04
14 5.473392e-04 7.495581e-04 3.859106e-08 5.768269e-04
15 7.712052e-04 1.110989e-03 3.840213e-08 8.123236e-04
1 9.283441e-03 5.161318e-02 5.287148e-08 1.602371e-02
2 1.672898e-03 3.512967e-03 5.179476e-08 2.225585e-03
3 2.142649e-03 3.598399e-03 5.071290e-08 2.652550e-03
4 3.260163e-03 4.637869e-03 4.884383e-08 3.584674e-03
5 4.256690e-03 5.212053e-03 4.652431e-08 4.470282e-03
6 3.213396e-03 3.766168e-03 4.470951e-08 3.375083e-03
7 2.588352e-03 3.190261e-03 4.361843e-08 2.723458e-03
8 2.596397e-03 3.145423e-03 4.294986e-08 2.721552e-03
9 2.252613e-03 2.724688e-03 4.232655e-08 2.358050e-03
10 2.036757e-03 2.464019e-03 4.138818e-08 2.129932e-03
11 1.494233e-03 1.924514e-03 4.074474e-08 1.567412e-03
12 1.432670e-03 1.829462e-03 4.028418e-08 1.496842e-03
13 1.451454e-03 1.803958e-03 3.988735e-08 1.509660e-03
14 9.855640e-04 1.285243e-03 3.965281e-08 1.029283e-03
15 6.055446e-04 8.642757e-04 3.954677e-08 6.444816e-04
16 6.131533e-04 8.457480e-04 3.945347e-08 6.443189e-04
17 4.727417e-04 6.502335e-04 3.939889e-08 4.973407e-04
1 1.012066e-02 5.996305e-02 5.280404e-08 1.771871e-02
2 1.634596e-03 3.328852e-03 5.155553e-08 2.156452e-03
3 1.892978e-03 3.342283e-03 4.997478e-08 2.371639e-03
4 1.965107e-03 3.069138e-03 4.869833e-08 2.321955e-03
5 3.321997e-03 4.108116e-03 4.651065e-08 3.489404e-03
6 2.972302e-03 3.641300e-03 4.561156e-08 3.115232e-03
7 2.798230e-03 3.561521e-03 4.456342e-08 2.937230e-03
8 2.284628e-03 2.921426e-03 4.313126e-08 2.393900e-03
9 1.835727e-03 2.584796e-03 4.255469e-08 1.928699e-03
10 1.548934e-03 2.285927e-03 4.159848e-08 1.643007e-03
11 1.480092e-03 1.749455e-03 4.116874e-08 1.539299e-03
12 1.434059e-03 1.829109e-03 4.059347e-08 1.498461e-03
13 1.112396e-03 1.434990e-03 4.028029e-08 1.154449e-03
14 7.219703e-04 1.112329e-03 4.014855e-08 7.557874e-04
15 6.618252e-04 9.491092e-04 4.003429e-08 6.907498e-04
16 6.867762e-04 8.945777e-04 3.994206e-08 7.112621e-04
1 1.057878e-02 6.761070e-02 5.038642e-08 1.903144e-02
2 1.733424e-03 3.805793e-03 4.946921e-08 2.309010e-03
3 2.129240e-03 4.215866e-03 4.764394e-08 2.733892e-03
4 2.093814e-03 3.478804e-03 4.624726e-08 2.543178e-03
5 2.086690e-03 2.658252e-03 4.533408e-08 2.221870e-03
6 1.998174e-03 2.526214e-03 4.484178e-08 2.108520e-03
7 2.336825e-03 2.935326e-03 4.265773e-08 2.456555e-03
8 2.715818e-03 3.531787e-03 4.146110e-08 2.850001e-03
9 1.904870e-03 2.533560e-03 4.013860e-08 2.003587e-03
10 1.846734e-03 2.546125e-03 3.955361e-08 1.946333e-03
11 1.460423e-03 2.008475e-03 3.874055e-08 1.533680e-03
12 1.602682e-03 2.032925e-03 3.836775e-08 1.675695e-03
13 1.200166e-03 1.527271e-03 3.801477e-08 1.254140e-03
14 6.096427e-04 9.692372e-04 3.792683e-08 6.387438e-04
15 3.293188e-04 6.846701e-04 3.789155e-08 3.571869e-04
16 2.143161e-04 4.833995e-04 3.787016e-08 2.368425e-04
1 1.103843e-02 7.420612e-02 5.132508e-08 2.031752e-02
2 1.526068e-03 3.767181e-03 4.998848e-08 2.008755e-03
3 1.790247e-03 3.653820e-03 4.854317e-08 2.274101e-03
4 1.738184e-03 2.970080e-03 4.771479e-08 2.116976e-03
5 1.345832e-03 2.285483e-03 4.682075e-08 1.514679e-03
6 1.848283e-03 2.384302e-03 4.573055e-08 1.961067e-03
7 2.146745e-03 2.646161e-03 4.524930e-08 2.256413e-03
8 1.778360e-03 2.203027e-03 4.398938e-08 1.868601e-03
9 1.956542e-03 2.546214e-03 4.320180e-08 2.055555e-03
10 2.140933e-03 2.704614e-03 4.261915e-08 2.241905e-03
11 2.035128e-03 2.781627e-03 4.081964e-08 2.147931e-03
12 2.230148e-03 2.803046e-03 4.023850e-08 2.333850e-03
13 1.842030e-03 2.388207e-03 3.924448e-08 1.933611e-03
14 1.298245e-03 1.619057e-03 3.904308e-08 1.349874e-03
15 1.501612e-03 1.955221e-03 3.844953e-08 1.568734e-03
16 1.303857e-03 1.667356e-03 3.814947e-08 1.371624e-03
17 9.205526e-04 1.281836e-03 3.791147e-08 9.710095e-04
18 8.975647e-04 1.104030e-03 3.770584e-08 9.362114e-04
19 7.267049e-04 1.007382e-03 3.758745e-08 7.615003e-04
1 1.160278e-02 7.909663e-02 5.324731e-08 2.160110e-02
2 1.565485e-03 4.004432e-03 5.175607e-08 2.030419e-03
3 1.929055e-03 3.983571e-03 4.991775e-08 2.403638e-03
4 2.389138e-03 3.814616e-03 4.849925e-08 2.727065e-03
5 3.436138e-03 4.356377e-03 4.671805e-08 3.615206e-03
6 2.376772e-03 2.954566e-03 4.500775e-08 2.493182e-03
7 1.840864e-03 2.603537e-03 4.401847e-08 1.946006e-03
8 2.060637e-03 2.682824e-03 4.344314e-08 2.163743e-03
9 1.376065e-03 1.880840e-03 4.254120e-08 1.448174e-03
10 1.624597e-03 2.030539e-03 4.209036e-08 1.696319e-03
11 1.231941e-03 1.605935e-03 4.155119e-08 1.288170e-03
12 1.405118e-03 1.993459e-03 4.092163e-08 1.477717e-03
13 1.121484e-03 1.570217e-03 4.063980e-08 1.180861e-03
14 9.065021e-04 1.177470e-03 4.042357e-08 9.452483e-04
15 7.679669e-04 1.083778e-03 4.022418e-08 8.071675e-04
16 8.710736e-04 1.115800e-03 4.003686e-08 9.124948e-04
1 1.212826e-02 8.276598e-02 5.379724e-08 2.280367e-02
2 1.459419e-03 3.841849e-03 5.246512e-08 1.883390e-03
3 1.912371e-03 4.157064e-03 5.060451e-08 2.400724e-03
4 2.026664e-03 3.269371e-03 4.973677e-08 2.270829e-03
5 2.725642e-03 3.669030e-03 4.786288e-08 2.871959e-03
6 3.196471e-03 4.081660e-03 4.540069e-08 3.357290e-03
7 2.448221e-03 3.208136e-03 4.413571e-08 2.574659e-03
8 1.583667e-03 2.253922e-03 4.343692e-08 1.675561e-03
9 1.510956e-03 2.010087e-03 4.273632e-08 1.584181e-03
10 1.340624e-03 1.821018e-03 4.232434e-08 1.412863e-03
11 1.084738e-03 1.510647e-03 4.186311e-08 1.144590e-03
12 1.255489e-03 1.479755e-03 4.160286e-08 1.306357e-03
13 8.804070e-04 1.113756e-03 4.140306e-08 9.204229e-04
14 5.299194e-04 1.053346e-03 4.131628e-08 5.652768e-04
15 4.370207e-04 6.718544e-04 4.124917e-08 4.628226e-04
1 1.253872e-02 8.500740e-02 5.462358e-08 2.377051e-02
2 1.437428e-03 3.732169e-03 5.308306e-08 1.867852e-03
3 1.714717e-03 3.663006e-03 5.140231e-08 2.141870e-03
4 2.639801e-03 4.082471e-03 4.961531e-08 2.956953e-03
5 2.966517e-03 3.829168e-03 4.833697e-08 3.125010e-03
6 3.026123e-03 3.637077e-03 4.637863e-08 3.170993e-03
7 1.790179e-03 2.187519e-03 4.586861e-08 1.871075e-03
8 2.230109e-03 2.977157e-03 4.455257e-08 2.335128e-03
9 1.969980e-03 2.514344e-03 4.397206e-08 2.055054e-03
10 1.767145e-03 2.313918e-03 4.346087e-08 1.844811e-03
11 1.447255e-03 2.012489e-03 4.274716e-08 1.520497e-03
12 1.494875e-03 1.950955e-03 4.227458e-08 1.565028e-03
13 1.399913e-03 1.941606e-03 4.186030e-08 1.470180e-03
14 1.426133e-03 1.953806e-03 4.131431e-08 1.499631e-03
15 1.136204e-03 1.465343e-03 4.101409e-08 1.183605e-03
16 8.476580e-04 1.212517e-03 4.085670e-08 8.837877e-04
17 6.389319e-04 9.243387e-04 4.077457e-08 6.684721e-04
18 3.900728e-04 5.674470e-04 4.074298e-08 4.110615e-04
1 1.319175e-02 8.453125e-02 5.620448e-08 2.478865e-02
2 1.595904e-03 3.855878e-03 5.504075e-08 2.074283e-03
3 1.899208e-03 4.144059e-03 5.320419e-08 2.399035e-03
4 1.437885e-03 2.617225e-03 5.220477e-08 1.712936e-03
5 1.934814e-03 2.790576e-03 5.147998e-08 2.135757e-03
6 2.063417e-03 2.862284e-03 5.069486e-08 2.212312e-03
7 1.972740e-03 2.668716e-03 4.902914e-08 2.076899e-03
8 2.100725e-03 3.070686e-03 4.816639e-08 2.210101e-03
9 2.266066e-03 2.887901e-03 4.752201e-08 2.373038e-03
10 1.982977e-03 2.554770e-03 4.684482e-08 2.077339e-03
11 2.207556e-03 2.890326e-03 4.611768e-08 2.313483e-03
12 1.818435e-03 2.431681e-03 4.507249e-08 1.906461e-03
13 1.410141e-03 2.284307e-03 4.447068e-08 1.505234e-03
14 9.608067e-04 1.743088e-03 4.408668e-08 1.025969e-03
15 9.971007e-04 1.522188e-03 4.386194e-08 1.049695e-03
16 7.781997e-04 1.324578e-03 4.362759e-08 8.305027e-04
17 6.754175e-04 1.072573e-03 4.343985e-08 7.165209e-04
18 6.598081e-04 1.103722e-03 4.327111e-08 7.020782e-04
1 1.327704e-02 8.496376e-02 6.185884e-08 2.510930e-02
2 1.592908e-03 3.657361e-03 6.046021e-08 2.074539e-03
3 1.975355e-03 3.966747e-03 5.881896e-08 2.482528e-03
4 1.816768e-03 3.097865e-03 5.763756e-08 2.165334e-03
5 2.223509e-03 3.000666e-03 5.586203e-08 2.342483e-03
6 2.371632e-03 2.923753e-03 5.494994e-08 2.487769e-03
7 2.954661e-03 3.921486e-03 5.418671e-08 3.105745e-03
8 2.685179e-03 3.373615e-03 5.281664e-08 2.816720e-03
9 2.229855e-03 3.024826e-03 5.168554e-08 2.341775e-03
10 1.668104e-03 2.193813e-03 5.095235e-08 1.761415e-03
11 1.686198e-03 2.165419e-03 5.051135e-08 1.767682e-03
12 1.943231e-03 2.386097e-03 4.948743e-08 2.036864e-03
13 1.283466e-03 1.531532e-03 4.903407e-08 1.332934e-03
14 1.207385e-03 1.665261e-03 4.869021e-08 1.266580e-03
15 7.400811e-04 1.127964e-03 4.852546e-08 7.819678e-04
16 8.365448e-04 1.109037e-03 4.831744e-08 8.738788e-04
17 9.666415e-04 1.302661e-03 4.817403e-08 1.002754e-03
18 6.512829e-04 9.904101e-04 4.808508e-08 6.815672e-04
19 3.953062e-04 6.053873e-04 4.805369e-08 4.161160e-04
20 2.289023e-04 4.571713e-04 4.804235e-08 2.457975e-04
1 8.543700e-02 1.173627e-01 1.304140e-06 9.137377e-02
2 5.110103e-02 1.324357e-01 9.361476e-08 6.624564e-02
3 1.707272e-02 5.477710e-02 6.057464e-08 2.415903e-02
4 1.627665e-02 4.619152e-02 3.281030e-08 2.215519e-02
5 1.361417e-02 3.006832e-02 2.673655e-08 1.678966e-02
6 4.605446e-03 1.052563e-02 2.591215e-08 5.641556e-03
7 2.416781e-03 7.361071e-03 2.583288e-08 3.281632e-03
8 9.486074e-04 2.336725e-03 2.583136e-08 1.352388e-03
9 8.471340e-04 1.985494e-03 2.581508e-08 1.169160e-03
10 7.094989e-04 1.761466e-03 2.581385e-08 1.001568e-03
11 6.272856e-04 1.604065e-03 2.580859e-08 8.955122e-04
12 5.611816e-04 1.450203e-03 2.580307e-08 8.049721e-04
13 5.059397e-04 1.354094e-03 2.580050e-08 7.424978e-04
1 6.219241e-03 1.670116e-02 9.200704e-08 7.413569e-03
2 3.946260e-03 9.330627e-03 8.392535e-08 4.812119e-03
3 8.479698e-03 1.690235e-02 6.118622e-08 9.826985e-03
4 6.452633e-03 1.264610e-02 3.699411e-08 7.505880e-03
5 6.379358e-03 1.019349e-02 2.266014e-08 7.155591e-03
6 2.268039e-03 3.575892e-03 1.936952e-08 2.635453e-03
7 2.112597e-03 3.262501e-03 1.812940e-08 2.428863e-03
8 1.517223e-03 2.559017e-03 1.794423e-08 1.771585e-03
9 7.945021e-04 1.688779e-03 1.790796e-08 9.126883e-04
10 4.392479e-04 1.071522e-03 1.789866e-08 5.356062e-04
11 2.972800e-04 7.790381e-04 1.789440e-08 3.956375e-04
1 1.835639e-02 3.319056e-02 4.606900e-08 2.076624e-02
2 9.560776e-03 2.229635e-02 4.197230e-08 1.220192e-02
3 7.870186e-03 1.256647e-02 2.183091e-08 8.695525e-03
4 4.790905e-03 8.501078e-03 1.351686e-08 5.492401e-03
5 2.883532e-03 5.031036e-03 1.179290e-08 3.208943e-03
6 2.148681e-03 4.494604e-03 1.153391e-08 2.482059e-03
7 1.369519e-03 3.213507e-03 1.148834e-08 1.621044e-03
8 6.220737e-04 1.146676e-03 1.147980e-08 6.779240e-04
9 3.750816e-04 7.705572e-04 1.147649e-08 4.350598e-04
10 2.997971e-04 7.109978e-04 1.147433e-08 3.857077e-04
1 1.618519e-02 3.144759e-02 1.714936e-07 1.820834e-02
2 6.894582e-03 1.941263e-02 1.102180e-07 9.494649e-03
3 7.797055e-03 1.127236e-02 5.070161e-08 8.241084e-03
4 5.529529e-03 7.457222e-03 1.437681e-08 5.781859e-03
5 3.278870e-03 4.521634e-03 1.137659e-08 3.502683e-03
6 1.964003e-03 4.483024e-03 1.115696e-08 2.214957e-03
7 1.233798e-03 2.128693e-03 1.111552e-08 1.369061e-03
8 7.706746e-04 1.770385e-03 1.110725e-08 9.690443e-04
9 5.725778e-04 1.472277e-03 1.110332e-08 7.768235e-04
10 4.943532e-04 1.321653e-03 1.110040e-08 6.960902e-04
1 1.211235e-02 1.899502e-02 2.001353e-07 1.305175e-02
2 5.528485e-03 1.354077e-02 1.357860e-07 6.818929e-03
3 7.709139e-03 1.024498e-02 7.647307e-08 7.984921e-03
4 6.906324e-03 9.679197e-03 2.573434e-08 7.238590e-03
5 4.723945e-03 6.527799e-03 1.212363e-08 4.978251e-03
6 2.130220e-03 4.313381e-03 1.181264e-08 2.318574e-03
7 1.373094e-03 2.877684e-03 1.172346e-08 1.592504e-03
8 1.087952e-03 2.632408e-03 1.166915e-08 1.379543e-03
9 1.021047e-03 2.318596e-03 1.160888e-08 1.247370e-03
10 1.093444e-03 2.100422e-03 1.153364e-08 1.236486e-03
11 1.088316e-03 1.786058e-03 1.146611e-08 1.184549e-03
12 9.441616e-04 1.543379e-03 1.141454e-08 1.033674e-03
13 7.933791e-04 1.496474e-03 1.138028e-08 9.027965e-04
14 7.137442e-04 1.536673e-03 1.135959e-08 8.917302e-04
15 6.358868e-04 1.496349e-03 1.134750e-08 8.596828e-04
1 2.618235e-02 6.798562e-02 3.561863e-07 3.058446e-02
2 8.438038e-03 2.471215e-02 1.986203e-07 1.094928e-02
3 8.706494e-03 1.236261e-02 1.288993e-08 9.050743e-03
4 3.678355e-03 7.413566e-03 1.049759e-08 3.981227e-03
5 2.801795e-03 6.204817e-03 1.012508e-08 3.142148e-03
6 2.609981e-03 8.310710e-03 1.002739e-08 3.338185e-03
7 1.603693e-03 4.748983e-03 9.993947e-09 1.984631e-03
8 1.157660e-03 3.333532e-03 9.981667e-09 1.395471e-03
9 7.656326e-04 1.529905e-03 9.975851e-09 8.918566e-04
10 6.003546e-04 1.502825e-03 9.972354e-09 7.499135e-04
11 5.007633e-04 1.397118e-03 9.969987e-09 6.733801e-04
1 3.448137e-02 9.280990e-02 6.031070e-07 4.335789e-02
2 1.085343e-02 3.303087e-02 2.561567e-07 1.470256e-02
3 8.503315e-03 1.202986e-02 1.861815e-08 9.102125e-03
4 3.693619e-03 6.430182e-03 1.016653e-08 4.035533e-03
5 2.770270e-03 8.708452e-03 9.790864e-09 3.735512e-03
6 2.387019e-03 7.873767e-03 9.671368e-09 3.305085e-03
7 1.598351e-03 5.571114e-03 9.636673e-09 2.311741e-03
8 9.776739e-04 3.138122e-03 9.625777e-09 1.372804e-03
9 5.431148e-04 1.760358e-03 9.621948e-09 7.439097e-04
10 2.969462e-04 9.334366e-04 9.620324e-09 3.877737e-04
11 1.794644e-04 5.324078e-04 9.619516e-09 2.215750e-04
1 3.224053e-02 1.008150e-01 8.361541e-07 4.564331e-02
2 1.207001e-02 3.438192e-02 1.136310e-07 1.592940e-02
3 6.395320e-03 1.072987e-02 6.195465e-08 7.131992e-03
4 5.015851e-03 8.425549e-03 1.325160e-08 5.620704e-03
5 2.670654e-03 4.211696e-03 9.960586e-09 3.017153e-03
6 2.056964e-03 6.819352e-03 9.675751e-09 2.671995e-03
7 1.647565e-03 5.613755e-03 9.554209e-09 2.213865e-03
8 1.062286e-03 3.034838e-03 9.524348e-09 1.385635e-03
9 8.277140e-04 2.178719e-03 9.516785e-09 1.030840e-03
10 5.536407e-04 1.432702e-03 9.514171e-09 6.808180e-04
11 3.331586e-04 8.674534e-04 9.513208e-09 4.056057e-04
12 1.972309e-04 5.339046e-04 9.512815e-09 2.405890e-04
1 3.743908e-02 1.243100e-01 2.424237e-07 5.329379e-02
2 1.100434e-02 3.471816e-02 1.129277e-07 1.485023e-02
3 8.600932e-03 1.473573e-02 1.280054e-08 9.704660e-03
4 3.813849e-03 1.226971e-02 1.075557e-08 5.119047e-03
5 3.969066e-03 1.236713e-02 1.032077e-08 5.524241e-03
6 4.414009e-03 1.563502e-02 1.011524e-08 6.376832e-03
7 3.510797e-03 1.132521e-02 9.997693e-09 4.926913e-03
8 3.145136e-03 1.131827e-02 9.943182e-09 4.376691e-03
9 2.220741e-03 5.312591e-03 9.920458e-09 2.714215e-03
10 1.739935e-03 4.421307e-03 9.911484e-09 2.120123e-03
11 8.920974e-04 2.018939e-03 9.908464e-09 1.025002e-03
12 6.534984e-04 1.979301e-03 9.907648e-09 8.112845e-04
13 8.525087e-04 4.621600e-03 9.907138e-09 1.517154e-03
14 4.093009e-04 1.564878e-03 9.906597e-09 5.522119e-04
15 2.319946e-04 6.196587e-04 9.906401e-09 2.907220e-04
16 2.232719e-04 8.845603e-04 9.906308e-09 3.327208e-04
1 4.128134e-02 1.360679e-01 2.479733e-07 6.076700e-02
2 1.285249e-02 4.344281e-02 1.447128e-07 1.839592e-02
3 9.468451e-03 1.518494e-02 1.758013e-08 1.073828e-02
4 4.693329e-03 1.211063e-02 1.139356e-08 5.844212e-03
5 3.685499e-03 1.238759e-02 1.063431e-08 5.412107e-03
6 4.798834e-03 1.563940e-02 1.031879e-08 6.918362e-03
7 4.322686e-03 1.335793e-02 1.015418e-08 5.885508e-03
8 3.893010e-03 1.093060e-02 1.006695e-08 5.107840e-03
9 2.608836e-03 7.621138e-03 1.003074e-08 3.393595e-03
10 1.833335e-03 4.449979e-03 1.001834e-08 2.242453e-03
11 1.271840e-03 3.524584e-03 1.001491e-08 1.578557e-03
12 9.004776e-04 3.101017e-03 1.001298e-08 1.203897e-03
13 5.070331e-04 1.641835e-03 1.001219e-08 6.540389e-04
14 5.710515e-04 2.516815e-03 1.001198e-08 9.100272e-04
15 4.711953e-04 2.179631e-03 1.001180e-08 7.759661e-04
1 4.272482e-02 1.435569e-01 3.031220e-07 6.322105e-02
2 1.359320e-02 4.596313e-02 1.448594e-07 1.967260e-02
3 9.299720e-03 1.515412e-02 2.444206e-08 1.044438e-02
4 5.226413e-03 1.309499e-02 1.147413e-08 6.337079e-03
5 3.724771e-03 1.250510e-02 1.065877e-08 5.377304e-03
6 4.628584e-03 1.575766e-02 1.033396e-08 6.607602e-03
7 3.703575e-03 1.264552e-02 1.019513e-08 5.307406e-03
8 3.102122e-03 1.068154e-02 1.013258e-08 4.201285e-03
9 2.521188e-03 6.075121e-03 1.011026e-08 3.142511e-03
10 1.852891e-03 5.300256e-03 1.010218e-08 2.365907e-03
11 1.244175e-03 4.441610e-03 1.010007e-08 1.714962e-03
12 9.075113e-04 3.843306e-03 1.009844e-08 1.377687e-03
13 7.476589e-04 3.630044e-03 1.009788e-08 1.264400e-03
14 5.076446e-04 2.635283e-03 1.009757e-08 8.402659e-04
15 4.079825e-04 2.118918e-03 1.009753e-08 6.890517e-04
16 7.083048e-04 3.851359e-03 1.009740e-08 1.331440e-03
17 7.513265e-04 4.540574e-03 1.009727e-08 1.499547e-03
18 4.504576e-04 2.643420e-03 1.009724e-08 8.232694e-04
19 4.161113e-04 2.391822e-03 1.009724e-08 7.853247e-04
20 5.843553e-04 3.386054e-03 1.009718e-08 1.119331e-03
21 1.206635e-04 3.045900e-04 1.009711e-08 1.436940e-04
22 3.872986e-04 2.390600e-03 1.009705e-08 7.360669e-04
23 7.522046e-05 2.738418e-04 1.009705e-08 9.509742e-05
1 4.059543e-02 1.363653e-01 2.024706e-07 5.955926e-02
2 1.289630e-02 4.554303e-02 1.263095e-07 1.896114e-02
3 1.011084e-02 1.830460e-02 3.654132e-08 1.153159e-02
4 6.475710e-03 1.165886e-02 1.235015e-08 7.378853e-03
5 4.222869e-03 1.538307e-02 1.115223e-08 6.031938e-03
6 5.031617e-03 1.575542e-02 1.065941e-08 6.896820e-03
7 5.419209e-03 1.767645e-02 1.042237e-08 7.114677e-03
8 5.208745e-03 1.243792e-02 1.028899e-08 6.550948e-03
9 4.525089e-03 1.150665e-02 1.023659e-08 5.750978e-03
10 3.743593e-03 1.335423e-02 1.021852e-08 5.315773e-03
11 2.157981e-03 6.718062e-03 1.020885e-08 2.890677e-03
12 1.837503e-03 9.416279e-03 1.020879e-08 3.251914e-03
13 1.835202e-03 8.731379e-03 1.020679e-08 3.190212e-03
14 1.147184e-03 5.151068e-03 1.020653e-08 1.893350e-03
15 1.080355e-03 5.339285e-03 1.020604e-08 1.875172e-03
16 9.244061e-04 4.478833e-03 1.020583e-08 1.591340e-03
17 8.413936e-04 4.301161e-03 1.020565e-08 1.511478e-03
18 8.227040e-04 4.286917e-03 1.020556e-08 1.491833e-03
19 7.879198e-04 4.275264e-03 1.020548e-08 1.489977e-03
20 7.704706e-04 4.186271e-03 1.020540e-08 1.450791e-03
21 7.382427e-04 4.132264e-03 1.020539e-08 1.438888e-03
22 7.423406e-04 4.131092e-03 1.020532e-08 1.433631e-03
23 7.273225e-04 4.178682e-03 1.020495e-08 1.449542e-03
24 4.335748e-04 2.464365e-03 1.020487e-08 7.818568e-04
25 4.098629e-04 2.553782e-03 1.020481e-08 8.013400e-04
26 1.663988e-04 8.733812e-04 1.020479e-08 2.893176e-04
1 3.673289e-02 1.190700e-01 1.658050e-07 5.336262e-02
2 1.198994e-02 4.158325e-02 1.105276e-07 1.724218e-02
3 1.013827e-02 1.807322e-02 7.417318e-08 1.196245e-02
4 8.378046e-03 1.503570e-02 2.139349e-08 9.845331e-03
5 4.898294e-03 1.253739e-02 1.251939e-08 5.962010e-03
6 4.482500e-03 1.442506e-02 1.154371e-08 6.266047e-03
7 5.028253e-03 1.549770e-02 1.106603e-08 6.840852e-03
8 4.771834e-03 1.546553e-02 1.079262e-08 6.655278e-03
9 4.305843e-03 1.421519e-02 1.061809e-08 5.965472e-03
10 3.805870e-03 1.165621e-02 1.053314e-08 5.035385e-03
11 2.348345e-03 7.105446e-03 1.049511e-08 3.023046e-03
12 1.749520e-03 4.521233e-03 1.048456e-08 2.173397e-03
13 1.173070e-03 4.230201e-03 1.048091e-08 1.528564e-03
14 1.084411e-03 5.340544e-03 1.047990e-08 1.694508e-03
15 7.772409e-04 3.674011e-03 1.047936e-08 1.184043e-03
16 1.133530e-03 6.619676e-03 1.047904e-08 2.093582e-03
17 4.174305e-04 1.977616e-03 1.047892e-08 6.132895e-04
18 8.548144e-04 4.660825e-03 1.047890e-08 1.478180e-03
19 8.435489e-04 5.432406e-03 1.047879e-08 1.622161e-03
20 7.658717e-04 4.264769e-03 1.047874e-08 1.342361e-03
21 5.984353e-04 3.726420e-03 1.047867e-08 1.095114e-03
22 6.797188e-04 3.895575e-03 1.047866e-08 1.201773e-03
23 6.178665e-04 3.938184e-03 1.047859e-08 1.161264e-03
24 6.607549e-04 3.854649e-03 1.047859e-08 1.184263e-03
25 6.443239e-04 4.157779e-03 1.047854e-08 1.235008e-03
26 7.273275e-04 4.338916e-03 1.047843e-08 1.334482e-03
27 1.293117e-04 3.175739e-04 1.047822e-08 1.532307e-04
28 7.841728e-05 1.876020e-04 1.047812e-08 9.354899e-05
29 5.336906e-05 1.214625e-04 1.047807e-08 6.445592e-05
1 3.611987e-02 1.271876e-01 2.068288e-07 5.368220e-02
2 1.149954e-02 3.887525e-02 1.139103e-07 1.644173e-02
3 8.539968e-03 1.467653e-02 2.197912e-08 9.953162e-03
4 4.814211e-03 1.321626e-02 1.242549e-08 6.006597e-03
5 3.894899e-03 1.344931e-02 1.143920e-08 5.665916e-03
6 4.196987e-03 1.484304e-02 1.107257e-08 6.045588e-03
7 3.551239e-03 1.251858e-02 1.090613e-08 5.305983e-03
8 2.812516e-03 9.756429e-03 1.083174e-08 3.867760e-03
9 2.348781e-03 6.351327e-03 1.080535e-08 3.044496e-03
10 1.632381e-03 5.717651e-03 1.079644e-08 2.122164e-03
11 1.417781e-03 6.812969e-03 1.079546e-08 2.175751e-03
12 1.308385e-03 7.475421e-03 1.079381e-08 2.357044e-03
13 1.615801e-03 7.616389e-03 1.079179e-08 2.835038e-03
14 1.088900e-03 4.399293e-03 1.079166e-08 1.762157e-03
15 1.321891e-03 5.379701e-03 1.079077e-08 2.290246e-03
16 6.382227e-04 3.908286e-03 1.079074e-08 1.164277e-03
17 9.995860e-04 6.760695e-03 1.079059e-08 1.999894e-03
18 7.041128e-04 4.393671e-03 1.079048e-08 1.307494e-03
19 5.112693e-04 3.789649e-03 1.079045e-08 1.044704e-03
20 4.912558e-04 3.759590e-03 1.079041e-08 1.041804e-03
21 5.566043e-04 4.565027e-03 1.079035e-08 1.243960e-03
22 2.928935e-04 2.051082e-03 1.079031e-08 5.664637e-04
23 9.457418e-05 2.112552e-04 1.079018e-08 1.088721e-04
24 7.512435e-05 3.154586e-04 1.079017e-08 9.654692e-05
1 3.564375e-02 1.217429e-01 1.513148e-07 5.287807e-02
2 1.232389e-02 4.383081e-02 1.083291e-07 1.816553e-02
3 9.495894e-03 1.728794e-02 3.732809e-08 1.113039e-02
4 6.416034e-03 1.451403e-02 1.423910e-08 7.646405e-03
5 4.514420e-03 1.561178e-02 1.244966e-08 6.582398e-03
6 4.404354e-03 1.332240e-02 1.186659e-08 6.036539e-03
7 4.682908e-03 1.587852e-02 1.157932e-08 6.826449e-03
8 3.337237e-03 1.087560e-02 1.143370e-08 4.695081e-03
9 3.900086e-03 1.228130e-02 1.138237e-08 5.269646e-03
10 2.719895e-03 9.895452e-03 1.135339e-08 3.726762e-03
11 1.241326e-03 3.815291e-03 1.134540e-08 1.599502e-03
12 1.589713e-03 8.442367e-03 1.134454e-08 2.600770e-03
13 1.223830e-03 6.525002e-03 1.134402e-08 1.964904e-03
14 1.646894e-03 1.001092e-02 1.134176e-08 3.002635e-03
15 9.143130e-04 4.670019e-03 1.134066e-08 1.460622e-03
16 6.376965e-04 3.553248e-03 1.134050e-08 1.048938e-03
17 9.823343e-04 5.521847e-03 1.134009e-08 1.707399e-03
18 5.520016e-04 3.728311e-03 1.134004e-08 1.058866e-03
19 7.064135e-04 5.131737e-03 1.133975e-08 1.440587e-03
20 1.158152e-04 3.018598e-04 1.133956e-08 1.414861e-04
21 1.482007e-04 9.487914e-04 1.133954e-08 2.533800e-04
22 1.347978e-04 9.532213e-04 1.133951e-08 2.473764e-04
1 3.384721e-02 1.151269e-01 1.628031e-07 5.140102e-02
2 1.165648e-02 4.077163e-02 1.133725e-07 1.680360e-02
3 9.624424e-03 1.801714e-02 3.035924e-08 1.128595e-02
4 6.439944e-03 1.558227e-02 1.458002e-08 7.854911e-03
5 4.577846e-03 1.486903e-02 1.275075e-08 6.498185e-03
6 4.522325e-03 1.424579e-02 1.211255e-08 6.317877e-03
7 4.914753e-03 1.592802e-02 1.178873e-08 6.753998e-03
8 3.381888e-03 1.156145e-02 1.161131e-08 4.930657e-03
9 3.095915e-03 1.039327e-02 1.154023e-08 4.330859e-03
10 3.019857e-03 1.526695e-02 1.152628e-08 4.814663e-03
11 2.188269e-03 9.278973e-03 1.150990e-08 3.230224e-03
12 9.323695e-04 5.112386e-03 1.150870e-08 1.490616e-03
13 1.638191e-03 8.861002e-03 1.150826e-08 2.961910e-03
14 1.102964e-03 5.110914e-03 1.150597e-08 1.881554e-03
15 2.306494e-04 1.310244e-03 1.150588e-08 3.598212e-04
16 6.208669e-04 5.781761e-03 1.150564e-08 1.451070e-03
17 4.286996e-04 3.307560e-03 1.150550e-08 8.819510e-04
18 1.047493e-04 8.444536e-04 1.150541e-08 1.866801e-04
19 5.973337e-05 5.500692e-04 1.150536e-08 1.134387e-04
1 3.075767e-02 1.060950e-01 1.256985e-07 4.663568e-02
2 1.059146e-02 3.788857e-02 9.380121e-08 1.600916e-02
3 9.264759e-03 1.931378e-02 5.725230e-08 1.069521e-02
4 7.677032e-03 1.735915e-02 3.041044e-08 9.106758e-03
5 6.200478e-03 1.553986e-02 1.490286e-08 7.461027e-03
6 5.112390e-03 1.639066e-02 1.309520e-08 7.280583e-03
7 4.131046e-03 1.453350e-02 1.249082e-08 6.109498e-03
8 4.082760e-03 1.314420e-02 1.224394e-08 5.789899e-03
9 2.409324e-03 8.028884e-03 1.214117e-08 3.275098e-03
10 1.530694e-03 5.177481e-03 1.211237e-08 2.091433e-03
11 4.921136e-04 1.495254e-03 1.210441e-08 6.112528e-04
12 1.632607e-04 4.575260e-04 1.210028e-08 2.069034e-04
13 1.343473e-04 2.687448e-04 1.209712e-08 1.597987e-04
1 2.135032e-02 6.718928e-02 6.912691e-08 3.154736e-02
2 8.782552e-03 2.883080e-02 5.573813e-08 1.290720e-02
3 7.084742e-03 1.700933e-02 4.026882e-08 8.737694e-03
4 6.521869e-03 1.475527e-02 2.022125e-08 7.791151e-03
5 5.222497e-03 1.304324e-02 1.527155e-08 6.564538e-03
6 3.799657e-03 1.137825e-02 1.436211e-08 5.146322e-03
7 2.206673e-03 6.541743e-03 1.406993e-08 2.948070e-03
8 1.001751e-03 2.586453e-03 1.396694e-08 1.267287e-03
9 4.076544e-04 1.041797e-03 1.392316e-08 4.908962e-04
10 2.490134e-04 7.531102e-04 1.389087e-08 3.071743e-04
11 3.258665e-04 7.623153e-04 1.385308e-08 3.931626e-04
1 1.109701e-02 3.041027e-02 4.613450e-08 1.593747e-02
2 5.019346e-03 1.638438e-02 4.274967e-08 7.534597e-03
3 4.582037e-03 1.176534e-02 3.805549e-08 6.100110e-03
4 4.658366e-03 9.363427e-03 2.465008e-08 5.725340e-03
5 2.937140e-03 6.434790e-03 2.063126e-08 3.516358e-03
6 1.661120e-03 3.231879e-03 1.936541e-08 1.812138e-03
7 1.072794e-03 1.690479e-03 1.873271e-08 1.191053e-03
8 6.192833e-04 1.568025e-03 1.855514e-08 7.209367e-04
9 4.131605e-04 1.077412e-03 1.850221e-08 4.832125e-04
10 2.861735e-04 7.368980e-04 1.848381e-08 3.395918e-04
1 5.288235e-03 1.674966e-02 4.922193e-08 7.641435e-03
2 1.765950e-03 4.093820e-03 4.846676e-08 2.420580e-03
3 2.482364e-03 4.680207e-03 4.312939e-08 3.213786e-03
4 2.203138e-03 4.516245e-03 3.916368e-08 2.691307e-03
5 1.480947e-03 2.679642e-03 3.729852e-08 1.737189e-03
6 1.451105e-03 2.632062e-03 3.575978e-08 1.678719e-03
7 1.354267e-03 2.714946e-03 3.420282e-08 1.497011e-03
8 1.129445e-03 2.428893e-03 3.271740e-08 1.244170e-03
9 5.689884e-04 9.303576e-04 3.232441e-08 6.236441e-04
10 2.445166e-04 5.106487e-04 3.226353e-08 2.807610e-04
11 1.130523e-04 3.593823e-04 3.225186e-08 1.343575e-04
1 3.431180e-03 1.674938e-02 5.300613e-08 5.634065e-03
2 2.301019e-03 7.291586e-03 5.202175e-08 3.098109e-03
3 2.479596e-03 6.936480e-03 5.060347e-08 3.238927e-03
4 2.474385e-03 5.400301e-03 4.923983e-08 3.125132e-03
5 2.487288e-03 4.070417e-03 4.775017e-08 3.020824e-03
6 2.159794e-03 3.136183e-03 4.695202e-08 2.543754e-03
7 2.093725e-03 2.984763e-03 4.596263e-08 2.402988e-03
8 2.099331e-03 3.091794e-03 4.472435e-08 2.346268e-03
9 2.250109e-03 3.149529e-03 4.390960e-08 2.382860e-03
10 2.428342e-03 3.847575e-03 4.159649e-08 2.636768e-03
11 2.526651e-03 3.576723e-03 4.088734e-08 2.684850e-03
12 2.726999e-03 3.706636e-03 3.943187e-08 2.890928e-03
13 1.578607e-03 2.005506e-03 3.888903e-08 1.664831e-03
14 1.906958e-03 2.492617e-03 3.806974e-08 2.011980e-03
15 9.410377e-04 1.263727e-03 3.780121e-08 9.896843e-04
16 7.961161e-04 1.148892e-03 3.761311e-08 8.509486e-04
17 5.268791e-04 8.642080e-04 3.752631e-08 5.720529e-04
1 3.702868e-03 1.675157e-02 5.067855e-08 5.922442e-03
2 1.299457e-03 2.187589e-03 5.009664e-08 1.593881e-03
3 1.815257e-03 2.978873e-03 4.861199e-08 2.213251e-03
4 1.765204e-03 2.730698e-03 4.739957e-08 2.059514e-03
5 1.764310e-03 2.551871e-03 4.673371e-08 1.960272e-03
6 2.319201e-03 2.948461e-03 4.560050e-08 2.435293e-03
7 1.848946e-03 2.461161e-03 4.512303e-08 1.944553e-03
8 2.104744e-03 2.730845e-03 4.359144e-08 2.211175e-03
9 2.680229e-03 3.477984e-03 4.235141e-08 2.817960e-03
10 2.680983e-03 3.571666e-03 4.110284e-08 2.837352e-03
11 2.785375e-03 3.681297e-03 4.026207e-08 2.943019e-03
12 2.077365e-03 2.858781e-03 3.921171e-08 2.208022e-03
13 2.131709e-03 2.923186e-03 3.786606e-08 2.260678e-03
14 1.517235e-03 1.794097e-03 3.746286e-08 1.587880e-03
15 1.048769e-03 1.220921e-03 3.722188e-08 1.099489e-03
16 6.539789e-04 9.741173e-04 3.710094e-08 6.921219e-04
17 6.506145e-04 8.284721e-04 3.700023e-08 6.859542e-04
18 3.370878e-04 4.176976e-04 3.697219e-08 3.566669e-04
1 4.143247e-03 1.675457e-02 5.030440e-08 6.504155e-03
2 1.251533e-03 2.100199e-03 4.966792e-08 1.542208e-03
3 1.840243e-03 3.109568e-03 4.851319e-08 2.228617e-03
4 2.149847e-03 3.429446e-03 4.737376e-08 2.497317e-03
5 3.805614e-03 4.676408e-03 4.583813e-08 3.965768e-03
6 2.997532e-03 3.541938e-03 4.436519e-08 3.126072e-03
7 2.971652e-03 3.632377e-03 4.293188e-08 3.117950e-03
8 3.012766e-03 4.228534e-03 4.080853e-08 3.194231e-03
9 2.633440e-03 3.086341e-03 4.008085e-08 2.759393e-03
10 2.153172e-03 2.768452e-03 3.915497e-08 2.271252e-03
11 1.757517e-03 2.380803e-03 3.865116e-08 1.857566e-03
12 1.539218e-03 2.030900e-03 3.784811e-08 1.630085e-03
13 1.423751e-03 1.809704e-03 3.752516e-08 1.494592e-03
14 9.653305e-04 1.242884e-03 3.717356e-08 1.020103e-03
15 1.108382e-03 1.705221e-03 3.674810e-08 1.186956e-03
16 9.087512e-04 1.197600e-03 3.659101e-08 9.565903e-04
17 6.339479e-04 7.905489e-04 3.649846e-08 6.642489e-04
18 3.898728e-04 7.190143e-04 3.647217e-08 4.180619e-04
1 4.352672e-03 1.675715e-02 4.919794e-08 6.659911e-03
2 1.320128e-03 2.178935e-03 4.843287e-08 1.638301e-03
3 1.889890e-03 3.213267e-03 4.680830e-08 2.284681e-03
4 2.177373e-03 3.356202e-03 4.533234e-08 2.489549e-03
5 2.624098e-03 3.169645e-03 4.393915e-08 2.741614e-03
6 2.393261e-03 3.223258e-03 4.272823e-08 2.522926e-03
7 2.522964e-03 3.466166e-03 4.222078e-08 2.676315e-03
8 1.978597e-03 2.893756e-03 4.030639e-08 2.118879e-03
9 2.343938e-03 3.154986e-03 3.956920e-08 2.489911e-03
10 2.446805e-03 3.150074e-03 3.835871e-08 2.579404e-03
11 1.661244e-03 2.265968e-03 3.768277e-08 1.760998e-03
12 1.719298e-03 2.251721e-03 3.714056e-08 1.811813e-03
13 1.292199e-03 1.648843e-03 3.661800e-08 1.364101e-03
14 1.057964e-03 1.376676e-03 3.630714e-08 1.118411e-03
15 6.309107e-04 9.563138e-04 3.619452e-08 6.723654e-04
16 3.812826e-04 5.550528e-04 3.615647e-08 4.058412e-04
17 2.061992e-04 3.001072e-04 3.614522e-08 2.204645e-04
1 4.720619e-03 1.675956e-02 4.915237e-08 7.122703e-03
2 1.187670e-03 2.046393e-03 4.839184e-08 1.471187e-03
3 1.806528e-03 3.060880e-03 4.689283e-08 2.174938e-03
4 1.948081e-03 3.076428e-03 4.557094e-08 2.249976e-03
5 2.538831e-03 3.054746e-03 4.450581e-08 2.651148e-03
6 2.978859e-03 3.508620e-03 4.377926e-08 3.116952e-03
7 1.789689e-03 2.203475e-03 4.255152e-08 1.876429e-03
8 2.051636e-03 2.962947e-03 4.119898e-08 2.189955e-03
9 1.867259e-03 2.609431e-03 4.032118e-08 1.982439e-03
10 2.163412e-03 3.124297e-03 3.954371e-08 2.308226e-03
11 1.611088e-03 2.320726e-03 3.846567e-08 1.722281e-03
12 1.910009e-03 2.476869e-03 3.790843e-08 2.014498e-03
13 1.683438e-03 2.186831e-03 3.701167e-08 1.774910e-03
14 1.195698e-03 1.534787e-03 3.662884e-08 1.254848e-03
15 8.954520e-04 1.206336e-03 3.633622e-08 9.471381e-04
16 9.246452e-04 1.150188e-03 3.614897e-08 9.696738e-04
17 4.986370e-04 6.463138e-04 3.607843e-08 5.261183e-04
1 4.952031e-03 1.676270e-02 5.045315e-08 7.631134e-03
2 1.177590e-03 2.054114e-03 4.961927e-08 1.454239e-03
3 1.679815e-03 2.836321e-03 4.826111e-08 2.027255e-03
4 1.755233e-03 2.776495e-03 4.709618e-08 2.037625e-03
5 3.499813e-03 4.320915e-03 4.379525e-08 3.667383e-03
6 3.571531e-03 4.581412e-03 4.270018e-08 3.764299e-03
7 3.092392e-03 4.049097e-03 4.182167e-08 3.270024e-03
8 1.778349e-03 2.453543e-03 4.032279e-08 1.879107e-03
9 1.916058e-03 2.923460e-03 3.961138e-08 2.052600e-03
10 1.399956e-03 2.098553e-03 3.867895e-08 1.501902e-03
11 1.713417e-03 2.099200e-03 3.827489e-08 1.796349e-03
12 1.318362e-03 1.603888e-03 3.785563e-08 1.381658e-03
13 6.691391e-04 8.716914e-04 3.773862e-08 6.984959e-04
14 5.326898e-04 8.047098e-04 3.764817e-08 5.655149e-04
15 5.513464e-04 8.389715e-04 3.755349e-08 5.889753e-04
1 5.543977e-03 1.880078e-02 5.252356e-08 8.641068e-03
2 1.257057e-03 2.312911e-03 5.148953e-08 1.577496e-03
3 1.912469e-03 3.088967e-03 4.979937e-08 2.363114e-03
4 3.730965e-03 4.681607e-03 4.869115e-08 3.944124e-03
5 2.971778e-03 3.847005e-03 4.583521e-08 3.141783e-03
6 2.737528e-03 3.252878e-03 4.462977e-08 2.875642e-03
7 2.688666e-03 3.220357e-03 4.387263e-08 2.831145e-03
8 3.238894e-03 4.065539e-03 4.177293e-08 3.410480e-03
9 2.647756e-03 3.427270e-03 4.015839e-08 2.787828e-03
10 2.196388e-03 2.701258e-03 3.928382e-08 2.299929e-03
11 1.955175e-03 2.629525e-03 3.869511e-08 2.059241e-03
12 1.443191e-03 1.949535e-03 3.809871e-08 1.520529e-03
13 1.187125e-03 1.505186e-03 3.777126e-08 1.248141e-03
14 8.414436e-04 1.272414e-03 3.759314e-08 8.918574e-04
15 5.294670e-04 1.103973e-03 3.751861e-08 5.786732e-04
16 3.484997e-04 1.346283e-03 3.748325e-08 4.111572e-04
1 6.566153e-03 2.202606e-02 4.986270e-08 1.024553e-02
2 1.331001e-03 2.300799e-03 4.916642e-08 1.670112e-03
3 2.261136e-03 3.941382e-03 4.741861e-08 2.874628e-03
4 1.833794e-03 3.833098e-03 4.635155e-08 2.224107e-03
5 3.111946e-03 3.932879e-03 4.512181e-08 3.260125e-03
6 3.154301e-03 4.083395e-03 4.296069e-08 3.333055e-03
7 2.728086e-03 3.398600e-03 4.172799e-08 2.863201e-03
8 2.703702e-03 3.477916e-03 4.114472e-08 2.847384e-03
9 2.010820e-03 2.682350e-03 4.006094e-08 2.121002e-03
10 2.521368e-03 3.216107e-03 3.876813e-08 2.651074e-03
11 1.673474e-03 2.374741e-03 3.765672e-08 1.769031e-03
12 1.547614e-03 2.078912e-03 3.703003e-08 1.620836e-03
13 1.226211e-03 1.498986e-03 3.663810e-08 1.280784e-03
14 1.304017e-03 1.819718e-03 3.612910e-08 1.373063e-03
15 8.107161e-04 9.414116e-04 3.597050e-08 8.427769e-04
16 5.086377e-04 7.306404e-04 3.589764e-08 5.340607e-04
17 4.893069e-04 6.194949e-04 3.584281e-08 5.105090e-04
1 7.418808e-03 2.479820e-02 4.833093e-08 1.179124e-02
2 1.546751e-03 2.695823e-03 4.764288e-08 2.005742e-03
3 2.371149e-03 3.917891e-03 4.640318e-08 2.951075e-03
4 2.434990e-03 3.962578e-03 4.468029e-08 2.907782e-03
5 3.550071e-03 4.505776e-03 4.230315e-08 3.723074e-03
6 3.524932e-03 4.443128e-03 4.120414e-08 3.700190e-03
7 2.480489e-03 3.148289e-03 3.966218e-08 2.610457e-03
8 2.053085e-03 2.904771e-03 3.862625e-08 2.178738e-03
9 2.582569e-03 3.342495e-03 3.793128e-08 2.717492e-03
10 2.129176e-03 2.910251e-03 3.700551e-08 2.243264e-03
11 1.900396e-03 2.479747e-03 3.650193e-08 1.991581e-03
12 1.433696e-03 1.835444e-03 3.587650e-08 1.500198e-03
13 1.372071e-03 1.715751e-03 3.538835e-08 1.432930e-03
14 8.237988e-04 1.005320e-03 3.524790e-08 8.541794e-04
15 4.333776e-04 6.334582e-04 3.520904e-08 4.600926e-04
16 3.028166e-04 4.864358e-04 3.518889e-08 3.248009e-04
1 8.246436e-03 3.246322e-02 4.910376e-08 1.339807e-02
2 1.591006e-03 3.031996e-03 4.840917e-08 2.094082e-03
3 2.069429e-03 3.453092e-03 4.685528e-08 2.616988e-03
4 2.023230e-03 3.215187e-03 4.545421e-08 2.408104e-03
5 2.505400e-03 3.219062e-03 4.458208e-08 2.649077e-03
6 3.306832e-03 4.055426e-03 4.322894e-08 3.469069e-03
7 2.132111e-03 3.068690e-03 4.193996e-08 2.262316e-03
8 1.924583e-03 2.506917e-03 4.149721e-08 2.020486e-03
9 2.255069e-03 3.020585e-03 3.961711e-08 2.378717e-03
10 1.987248e-03 2.552059e-03 3.868318e-08 2.088152e-03
11 2.143130e-03 2.965960e-03 3.810226e-08 2.254461e-03
12 1.781606e-03 2.568363e-03 3.710900e-08 1.881832e-03
13 1.694166e-03 2.209111e-03 3.634533e-08 1.774714e-03
14 1.214128e-03 1.443444e-03 3.604483e-08 1.264308e-03
15 6.668818e-04 8.227633e-04 3.596414e-08 6.965195e-04
16 4.017486e-04 5.785720e-04 3.593400e-08 4.243012e-04
17 2.828729e-04 4.561806e-04 3.591668e-08 3.014481e-04
1 8.805024e-03 4.187530e-02 5.202168e-08 1.477927e-02
2 1.619797e-03 3.227086e-03 5.103529e-08 2.134705e-03
3 1.895275e-03 3.197630e-03 4.943229e-08 2.423590e-03
4 2.216909e-03 3.313423e-03 4.871301e-08 2.574409e-03
5 3.452323e-03 4.205813e-03 4.627009e-08 3.632216e-03
6 3.633119e-03 4.409939e-03 4.501215e-08 3.803652e-03
7 3.361062e-03 4.110208e-03 4.188861e-08 3.524476e-03
8 2.465781e-03 2.971892e-03 4.135669e-08 2.575103e-03
9 1.904303e-03 2.466030e-03 4.044548e-08 1.992755e-03
10 1.436895e-03 2.105105e-03 3.999325e-08 1.512887e-03
11 1.050417e-03 1.599293e-03 3.951824e-08 1.122152e-03
12 1.375991e-03 1.861671e-03 3.896181e-08 1.441666e-03
13 9.226039e-04 1.210212e-03 3.870528e-08 9.655307e-04
14 5.473392e-04 7.495581e-04 3.859106e-08 5.768269e-04
15 7.712052e-04 1.110989e-03 3.840213e-08 8.123236e-04
1 9.283441e-03 5.161318e-02 5.287148e-08 1.602371e-02
2 1.672898e-03 3.512967e-03 5.179476e-08 2.225585e-03
3 2.142649e-03 3.598399e-03 5.071290e-08 2.652550e-03
4 3.260163e-03 4.637869e-03 4.884383e-08 3.584674e-03
5 4.256690e-03 5.212053e-03 4.652431e-08 4.470282e-03
6 3.213396e-03 3.766168e-03 4.470951e-08 3.375083e-03
7 2.588352e-03 3.190261e-03 4.361843e-08 2.723458e-03
8 2.596397e-03 3.145423e-03 4.294986e-08 2.721552e-03
9 2.252613e-03 2.724688e-03 4.232655e-08 2.358050e-03
10 2.036757e-03 2.464019e-03 4.138818e-08 2.129932e-03
11 1.494233e-03 1.924514e-03 4.074474e-08 1.567412e-03
12 1.432670e-03 1.829462e-03 4.028418e-08 1.496842e-03
13 1.451454e-03 1.803958e-03 3.988735e-08 1.509660e-03
14 9.855640e-04 1.285243e-03 3.965281e-08 1.029283e-03
15 6.055446e-04 8.642757e-04 3.954677e-08 6.444816e-04
16 6.131533e-04 8.457480e-04 3.945347e-08 6.443189e-04
17 4.727417e-04 6.502335e-04 3.939889e-08 4.973407e-04
1 1.012066e-02 5.996305e-02 5.280404e-08 1.771871e-02
2 1.634596e-03 3.328852e-03 5.155553e-08 2.156452e-03
3 1.892978e-03 3.342283e-03 4.997478e-08 2.371639e-03
4 1.965107e-03 3.069138e-03 4.869833e-08 2.321955e-03
5 3.321997e-03 4.108116e-03 4.651065e-08 3.489404e-03
6 2.972302e-03 3.641300e-03 4.561156e-08 3.115232e-03
7 2.798230e-03 3.561521e-03 4.456342e-08 2.937230e-03
8 2.284628e-03 2.921426e-03 4.313126e-08 2.393900e-03
9 1.835727e-03 2.584796e-03 4.255469e-08 1.928699e-03
10 1.548934e-03 2.285927e-03 4.159848e-08 1.643007e-03
11 1.480092e-03 1.749455e-03 4.116874e-08 1.539299e-03
12 1.434059e-03 1.829109e-03 4.059347e-08 1.498461e-03
13 1.112396e-03 1.434990e-03 4.028029e-08 1.154449e-03
14 7.219703e-04 1.112329e-03 4.014855e-08 7.557874e-04
15 6.618252e-04 9.491092e-04 4.003429e-08 6.907498e-04
16 6.867762e-04 8.945777e-04 3.994206e-08 7.112621e-04
1 1.057878e-02 6.761070e-02 5.038642e-08 1.903144e-02
2 1.733424e-03 3.805793e-03 4.946921e-08 2.309010e-03
3 2.129240e-03 4.215866e-03 4.764394e-08 2.733892e-03
4 2.093814e-03 3.478804e-03 4.624726e-08 2.543178e-03
5 2.086690e-03 2.658252e-03 4.533408e-08 2.221870e-03
6 1.998174e-03 2.526214e-03 4.484178e-08 2.108520e-03
7 2.336825e-03 2.935326e-03 4.265773e-08 2.456555e-03
8 2.715818e-03 3.531787e-03 4.146110e-08 2.850001e-03
9 1.904870e-03 2.533560e-03 4.013860e-08 2.003587e-03
10 1.846734e-03 2.546125e-03 3.955361e-08 1.946333e-03
11 1.460423e-03 2.008475e-03 3.874055e-08 1.533680e-03
12 1.602682e-03 2.032925e-03 3.836775e-08 1.675695e-03
13 1.200166e-03 1.527271e-03 3.801477e-08 1.254140e-03
14 6.096427e-04 9.692372e-04 3.792683e-08 6.387438e-04
15 3.293188e-04 6.846701e-04 3.789155e-08 3.571869e-04
16 2.143161e-04 4.833995e-04 3.787016e-08 2.368425e-04
1 1.103843e-02 7.420612e-02 5.132508e-08 2.031752e-02
2 1.526068e-03 3.767181e-03 4.998848e-08 2.008755e-03
3 1.790247e-03 3.653820e-03 4.854317e-08 2.274101e-03
4 1.738184e-03 2.970080e-03 4.771479e-08 2.116976e-03
5 1.345832e-03 2.285483e-03 4.682075e-08 1.514679e-03
6 1.848283e-03 2.384302e-03 4.573055e-08 1.961067e-03
7 2.146745e-03 2.646161e-03 4.524930e-08 2.256413e-03
8 1.778360e-03 2.203027e-03 4.398938e-08 1.868601e-03
9 1.956542e-03 2.546214e-03 4.320180e-08 2.055555e-03
10 2.140933e-03 2.704614e-03 4.261915e-08 2.241905e-03
11 2.035128e-03 2.781627e-03 4.081964e-08 2.147931e-03
12 2.230148e-03 2.803046e-03 4.023850e-08 2.333850e-03
13 1.842030e-03 2.388207e-03 3.924448e-08 1.933611e-03
14 1.298245e-03 1.619057e-03 3.904308e-08 1.349874e-03
15 1.501612e-03 1.955221e-03 3.844953e-08 1.568734e-03
16 1.303857e-03 1.667356e-03 3.814947e-08 1.371624e-03
17 9.205526e-04 1.281836e-03 3.791147e-08 9.710095e-04
18 8.975647e-04 1.104030e-03 3.770584e-08 9.362114e-04
19 7.267049e-04 1.007382e-03 3.758745e-08 7.615003e-04
1 1.160278e-02 7.909663e-02 5.324731e-08 2.160110e-02
2 1.565485e-03 4.004432e-03 5.175607e-08 2.030419e-03
3 1.929055e-03 3.983571e-03 4.991775e-08 2.403638e-03
4 2.389138e-03 3.814616e-03 4.849925e-08 2.727065e-03
5 3.436138e-03 4.356377e-03 4.671805e-08 3.615206e-03
6 2.376772e-03 2.954566e-03 4.500775e-08 2.493182e-03
7 1.840864e-03 2.603537e-03 4.401847e-08 1.946006e-03
8 2.060637e-03 2.682824e-03 4.344314e-08 2.163743e-03
9 1.376065e-03 1.880840e-03 4.254120e-08 1.448174e-03
10 1.624597e-03 2.030539e-03 4.209036e-08 1.696319e-03
11 1.231941e-03 1.605935e-03 4.155119e-08 1.288170e-03
12 1.405118e-03 1.993459e-03 4.092163e-08 1.477717e-03
13 1.121484e-03 1.570217e-03 4.063980e-08 1.180861e-03
14 9.065021e-04 1.177470e-03 4.042357e-08 9.452483e-04
15 7.679669e-04 1.083778e-03 4.022418e-08 8.071675e-04
16 8.710736e-04 1.115800e-03 4.003686e-08 9.124948e-04
1 1.212826e-02 8.276598e-02 5.379724e-08 2.280367e-02
2 1.459419e-03 3.841849e-03 5.246512e-08 1.883390e-03
3 1.912371e-03 4.157064e-03 5.060451e-08 2.400724e-03
4 2.026664e-03 3.269371e-03 4.973677e-08 2.270829e-03
5 2.725642e-03 3.669030e-03 4.786288e-08 2.871959e-03
6 3.196471e-03 4.081660e-03 4.540069e-08 3.357290e-03
7 2.448221e-03 3.208136e-03 4.413571e-08 2.574659e-03
8 1.583667e-03 2.253922e-03 4.343692e-08 1.675561e-03
9 1.510956e-03 2.010087e-03 4.273632e-08 1.584181e-03
10 1.340624e-03 1.821018e-03 4.232434e-08 1.412863e-03
11 1.084738e-03 1.510647e-03 4.186311e-08 1.144590e-03
12 1.255489e-03 1.479755e-03 4.160286e-08 1.306357e-03
13 8.804070e-04 1.113756e-03 4.140306e-08 9.204229e-04
14 5.299194e-04 1.053346e-03 4.131628e-08 5.652768e-04
15 4.370207e-04 6.718544e-04 4.124917e-08 4.628226e-04
1 1.253872e-02 8.500740e-02 5.462358e-08 2.377051e-02
2 1.437428e-03 3.732169e-03 5.308306e-08 1.867852e-03
3 1.714717e-03 3.663006e-03 5.140231e-08 2.141870e-03
4 2.639801e-03 4.082471e-03 4.961531e-08 2.956953e-03
5 2.966517e-03 3.829168e-03 4.833697e-08 3.125010e-03
6 3.026123e-03 3.637077e-03 4.637863e-08 3.170993e-03
7 1.790179e-03 2.187519e-03 4.586861e-08 1.871075e-03
8 2.230109e-03 2.977157e-03 4.455257e-08 2.335128e-03
9 1.969980e-03 2.514344e-03 4.397206e-08 2.055054e-03
10 1.767145e-03 2.313918e-03 4.346087e-08 1.844811e-03
11 1.447255e-03 2.012489e-03 4.274716e-08 1.520497e-03
12 1.494875e-03 1.950955e-03 4.227458e-08 1.565028e-03
13 1.399913e-03 1.941606e-03 4.186030e-08 1.470180e-03
14 1.426133e-03 1.953806e-03 4.131431e-08 1.499631e-03
15 1.136204e-03 1.465343e-03 4.101409e-08 1.183605e-03
16 8.476580e-04 1.212517e-03 4.085670e-08 8.837877e-04
17 6.389319e-04 9.243387e-04 4.077457e-08 6.684721e-04
18 3.900728e-04 5.674470e-04 4.074298e-08 4.110615e-04
1 1.319175e-02 8.453125e-02 5.620448e-08 2.478865e-02
2 1.595904e-03 3.855878e-03 5.504075e-08 2.074283e-03
3 1.899208e-03 4.144059e-03 5.320419e-08 2.399035e-03
4 1.437885e-03 2.617225e-03 5.220477e-08 1.712936e-03
5 1.934814e-03 2.790576e-03 5.147998e-08 2.135757e-03
6 2.063417e-03 2.862284e-03 5.069486e-08 2.212312e-03
7 1.972740e-03 2.668716e-03 4.902914e-08 2.076899e-03
8 2.100725e-03 3.070686e-03 4.816639e-08 2.210101e-03
9 2.266066e-03 2.887901e-03 4.752201e-08 2.373038e-03
10 1.982977e-03 2.554770e-03 4.684482e-08 2.077339e-03
11 2.207556e-03 2.890326e-03 4.611768e-08 2.313483e-03
12 1.818435e-03 2.431681e-03 4.507249e-08 1.906461e-03
13 1.410141e-03 2.284307e-03 4.447068e-08 1.505234e-03
14 9.608067e-04 1.743088e-03 4.408668e-08 1.025969e-03
15 9.971007e-04 1.522188e-03 4.386194e-08 1.049695e-03
16 7.781997e-04 1.324578e-03 4.362759e-08 8.305027e-04
17 6.754175e-04 1.072573e-03 4.343985e-08 7.165209e-04
18 6.598081e-04 1.103722e-03 4.327111e-08 7.020782e-04
1 1.327704e-02 8.496376e-02 6.185884e-08 2.510930e-02
2 1.592908e-03 3.657361e-03 6.046021e-08 2.074539e-03
3 1.975355e-03 3.966747e-03 5.881896e-08 2.482528e-03
4 1.816768e-03 3.097865e-03 5.763756e-08 2.165334e-03
5 2.223509e-03 3.000666e-03 5.586203e-08 2.342483e-03
6 2.371632e-03 2.923753e-03 5.494994e-08 2.487769e-03
7 2.954661e-03 3.921486e-03 5.418671e-08 3.105745e-03
8 2.685179e-03 3.373615e-03 5.281664e-08 2.816720e-03
9 2.229855e-03 3.024826e-03 5.168554e-08 2.341775e-03
10 1.668104e-03 2.193813e-03 5.095235e-08 1.761415e-03
11 1.686198e-03 2.165419e-03 5.051135e-08 1.767682e-03
12 1.943231e-03 2.386097e-03 4.948743e-08 2.036864e-03
13 1.283466e-03 1.531532e-03 4.903407e-08 1.332934e-03
14 1.207385e-03 1.665261e-03 4.869021e-08 1.266580e-03
15 7.400811e-04 1.127964e-03 4.852546e-08 7.819678e-04
16 8.365448e-04 1.109037e-03 4.831744e-08 8.738788e-04
17 9.666415e-04 1.302661e-03 4.817403e-08 1.002754e-03
18 6.512829e-04 9.904101e-04 4.808508e-08 6.815672e-04
19 3.953062e-04 6.053873e-04 4.805369e-08 4.161160e-04
20 2.289023e-04 4.571713e-04 4.804235e-08 2.457975e-04
1 1.349092e-02 8.510025e-02 5.542017e-08 2.534174e-02
2 1.608973e-03 3.778389e-03 5.393614e-08 2.106058e-03
3 1.959966e-03 3.801772e-03 5.230442e-08 2.458975e-03
4 1.786062e-03 3.002003e-03 5.053336e-08 2.134869e-03
5 1.903979e-03 2.647816e-03 4.978490e-08 2.081931e-03
6 2.764194e-03 3.566809e-03 4.757955e-08 2.906690e-03
7 2.052947e-03 2.858363e-03 4.654730e-08 2.156333e-03
8 1.339043e-03 2.046214e-03 4.603053e-08 1.428015e-03
9 1.460475e-03 2.052658e-03 4.537562e-08 1.536649e-03
10 1.428302e-03 2.097274e-03 4.448716e-08 1.523415e-03
11 1.460502e-03 2.221804e-03 4.402023e-08 1.552462e-03
12 1.162033e-03 1.980576e-03 4.340982e-08 1.245607e-03
13 1.208872e-03 1.538810e-03 4.308546e-08 1.270578e-03
14 9.657955e-04 1.490714e-03 4.274721e-08 1.023138e-03
15 7.157962e-04 1.222413e-03 4.252843e-08 7.679395e-04
16 6.596682e-04 8.855787e-04 4.237234e-08 6.930897e-04
17 4.085667e-04 7.156071e-04 4.229042e-08 4.358828e-04
1 1.304066e-02 8.726847e-02 5.464836e-08 2.484032e-02
2 1.645124e-03 3.839928e-03 5.318520e-08 2.170011e-03
3 1.665064e-03 3.513215e-03 5.218272e-08 2.114289e-03
4 2.398985e-03 4.112256e-03 5.140852e-08 2.836143e-03
5 2.483807e-03 3.841561e-03 4.977308e-08 2.804115e-03
6 2.755712e-03 3.751818e-03 4.893409e-08 2.947539e-03
7 2.830520e-03 3.558792e-03 4.736024e-08 2.964038e-03
8 2.762241e-03 3.461724e-03 4.581443e-08 2.889216e-03
9 2.230935e-03 2.844112e-03 4.458282e-08 2.333475e-03
10 1.839362e-03 2.435011e-03 4.369304e-08 1.930276e-03
11 1.699292e-03 2.118933e-03 4.316957e-08 1.774332e-03
12 1.622828e-03 2.270180e-03 4.253702e-08 1.699777e-03
13 1.057577e-03 1.422730e-03 4.222554e-08 1.106598e-03
14 9.833099e-04 1.391533e-03 4.194661e-08 1.033012e-03
15 8.361218e-04 1.194277e-03 4.176948e-08 8.803639e-04
16 5.000742e-04 7.493663e-04 4.170501e-08 5.269783e-04
17 2.838840e-04 4.674590e-04 4.168075e-08 3.017158e-04
1 1.248468e-02 8.743183e-02 5.842395e-08 2.396347e-02
2 1.515813e-03 4.006437e-03 5.656293e-08 1.990651e-03
3 1.529106e-03 3.084214e-03 5.518174e-08 1.939190e-03
4 1.489389e-03 2.538134e-03 5.426824e-08 1.795879e-03
5 1.490020e-03 2.124359e-03 5.336812e-08 1.653065e-03
6 1.291208e-03 1.858227e-03 5.265691e-08 1.369170e-03
7 1.730767e-03 2.076974e-03 5.215100e-08 1.819420e-03
8 1.633632e-03 2.142997e-03 5.139204e-08 1.723637e-03
9 1.681264e-03 2.551496e-03 4.977317e-08 1.795194e-03
10 1.501352e-03 2.268019e-03 4.904820e-08 1.604857e-03
11 2.262951e-03 3.063199e-03 4.844993e-08 2.392475e-03
12 1.745848e-03 2.392770e-03 4.728576e-08 1.851981e-03
13 1.766601e-03 2.259109e-03 4.648835e-08 1.859443e-03
14 9.411027e-04 1.379129e-03 4.620964e-08 9.977438e-04
15 9.397383e-04 1.255192e-03 4.590883e-08 9.885278e-04
16 9.126393e-04 1.322895e-03 4.565509e-08 9.625857e-04
1 1.166547e-02 8.463712e-02 6.038477e-08 2.250229e-02
2 1.511240e-03 4.217468e-03 5.881343e-08 1.999611e-03
3 1.784901e-03 3.781631e-03 5.712888e-08 2.273688e-03
4 1.757893e-03 2.882533e-03 5.598997e-08 2.013981e-03
5 1.875364e-03 2.540739e-03 5.490877e-08 2.019478e-03
6 2.890578e-03 3.703201e-03 5.183629e-08 3.033448e-03
7 2.750148e-03 3.459654e-03 5.097670e-08 2.870201e-03
8 2.380045e-03 3.128678e-03 4.995322e-08 2.493678e-03
9 1.419484e-03 2.214714e-03 4.957611e-08 1.506005e-03
10 1.470282e-03 2.071917e-03 4.878581e-08 1.543182e-03
11 1.319045e-03 1.709053e-03 4.842153e-08 1.386328e-03
12 1.067260e-03 1.397867e-03 4.798326e-08 1.116162e-03
13 1.224093e-03 1.712889e-03 4.753569e-08 1.294465e-03
14 6.608283e-04 1.236744e-03 4.731252e-08 7.145028e-04
15 9.087731e-04 1.423255e-03 4.699626e-08 9.636500e-04
16 7.933340e-04 1.288910e-03 4.675165e-08 8.558816e-04
1 1.060856e-02 7.770358e-02 6.310675e-08 2.034909e-02
2 1.522828e-03 4.103031e-03 6.132606e-08 1.976369e-03
3 1.563349e-03 3.328786e-03 6.037627e-08 1.960491e-03
4 2.413455e-03 3.929825e-03 5.844787e-08 2.682392e-03
5 2.505064e-03 3.788957e-03 5.657943e-08 2.658757e-03
6 1.972685e-03 2.546833e-03 5.596741e-08 2.082168e-03
7 2.310786e-03 2.939067e-03 5.514982e-08 2.433997e-03
8 2.477673e-03 3.313952e-03 5.341044e-08 2.615853e-03
9 1.853367e-03 2.306285e-03 5.223965e-08 1.947815e-03
10 1.501571e-03 2.507010e-03 5.154942e-08 1.609295e-03
11 1.322281e-03 1.893140e-03 5.119418e-08 1.400478e-03
12 1.111933e-03 1.677109e-03 5.076245e-08 1.178774e-03
13 9.256689e-04 1.303936e-03 5.040430e-08 9.802279e-04
14 9.622922e-04 1.253106e-03 5.014940e-08 1.011023e-03
15 6.743708e-04 9.866341e-04 4.994594e-08 7.170453e-04
16 8.407713e-04 1.038863e-03 4.973339e-08 8.774366e-04
17 5.698229e-04 7.952695e-04 4.962879e-08 6.030995e-04
1 9.721100e-03 6.716307e-02 5.936883e-08 1.797921e-02
2 1.514184e-03 4.173095e-03 5.753112e-08 1.967221e-03
3 1.996900e-03 4.230149e-03 5.579467e-08 2.491549e-03
4 2.125916e-03 3.743513e-03 5.485845e-08 2.407098e-03
5 2.440222e-03 3.798062e-03 5.383751e-08 2.598488e-03
6 1.874370e-03 3.045142e-03 5.296155e-08 1.998675e-03
7 1.890145e-03 2.587243e-03 5.237256e-08 1.997312e-03
8 1.641824e-03 2.161386e-03 5.101082e-08 1.739989e-03
9 1.841259e-03 2.522092e-03 5.018300e-08 1.955688e-03
10 1.481646e-03 2.364376e-03 4.910063e-08 1.584729e-03
11 1.486167e-03 2.288823e-03 4.865060e-08 1.579743e-03
12 1.589383e-03 2.341055e-03 4.782184e-08 1.689206e-03
13 1.057079e-03 1.894329e-03 4.730734e-08 1.142900e-03
14 9.474919e-04 1.585233e-03 4.693075e-08 1.023638e-03
15 1.010734e-03 1.446815e-03 4.652598e-08 1.072110e-03
16 9.340680e-04 1.450485e-03 4.620952e-08 1.000117e-03
17 5.033678e-04 8.404000e-04 4.604671e-08 5.437151e-04
18 5.433635e-04 7.507785e-04 4.590152e-08 5.736587e-04
19 4.200055e-04 6.552078e-04 4.578893e-08 4.457879e-04
1 8.854902e-03 5.574297e-02 6.010202e-08 1.559276e-02
2 1.655131e-03 4.264079e-03 5.873763e-08 2.162810e-03
3 2.124253e-03 4.809225e-03 5.721453e-08 2.691288e-03
4 2.610686e-03 4.814598e-03 5.546706e-08 3.025211e-03
5 2.491504e-03 4.065519e-03 5.367659e-08 2.666145e-03
6 2.927454e-03 4.106953e-03 5.193990e-08 3.078417e-03
7 2.517323e-03 3.061499e-03 5.086684e-08 2.636819e-03
8 2.080615e-03 2.786445e-03 4.930057e-08 2.187235e-03
9 2.161125e-03 2.728452e-03 4.871113e-08 2.268676e-03
10 1.805784e-03 2.468796e-03 4.771701e-08 1.903990e-03
11 1.221109e-03 1.922504e-03 4.725044e-08 1.318739e-03
12 1.012864e-03 1.653869e-03 4.688015e-08 1.082932e-03
13 8.641111e-04 1.627337e-03 4.661923e-08 9.272091e-04
14 6.680148e-04 1.228637e-03 4.644241e-08 7.217841e-04
15 5.594730e-04 9.930093e-04 4.630059e-08 6.005737e-04
1 7.761729e-03 4.517063e-02 6.402576e-08 1.320874e-02
2 1.562324e-03 3.865882e-03 6.292429e-08 2.010073e-03
3 2.053978e-03 4.619309e-03 6.133869e-08 2.600813e-03
4 1.796995e-03 3.907687e-03 6.072253e-08 2.174485e-03
5 2.410412e-03 4.199216e-03 5.943234e-08 2.643202e-03
6 2.465081e-03 3.943264e-03 5.782550e-08 2.617975e-03
7 2.066533e-03 3.223003e-03 5.699278e-08 2.191630e-03
8 2.940200e-03 3.784811e-03 5.604266e-08 3.086941e-03
9 2.431734e-03 2.955951e-03 5.491423e-08 2.547032e-03
10 2.176246e-03 2.952698e-03 5.373652e-08 2.292100e-03
11 1.550885e-03 2.154089e-03 5.291315e-08 1.653887e-03
12 1.604539e-03 2.142079e-03 5.246574e-08 1.694124e-03
13 1.896159e-03 2.337075e-03 5.195956e-08 1.989148e-03
14 1.555468e-03 1.920458e-03 5.130728e-08 1.628245e-03
15 1.428030e-03 1.941022e-03 5.085675e-08 1.502198e-03
16 8.741357e-04 1.231051e-03 5.063594e-08 9.278803e-04
17 8.589525e-04 1.126688e-03 5.041822e-08 9.069079e-04
18 8.927461e-04 1.300508e-03 5.025796e-08 9.368071e-04
1 7.307956e-03 3.365190e-02 5.981863e-08 1.150953e-02
2 1.620363e-03 4.122906e-03 5.834277e-08 2.122985e-03
3 1.825381e-03 4.175924e-03 5.710490e-08 2.339574e-03
4 2.308339e-03 4.314834e-03 5.579228e-08 2.725877e-03
5 1.911547e-03 3.157290e-03 5.427660e-08 2.057346e-03
6 2.563298e-03 3.231586e-03 5.191374e-08 2.708626e-03
7 2.116943e-03 2.946061e-03 5.090601e-08 2.237869e-03
8 1.533439e-03 2.461971e-03 4.991650e-08 1.647793e-03
9 1.194666e-03 2.095910e-03 4.952912e-08 1.291831e-03
10 1.090938e-03 1.981510e-03 4.892006e-08 1.186146e-03
11 1.122564e-03 1.751013e-03 4.860403e-08 1.193381e-03
12 1.191953e-03 1.954892e-03 4.810313e-08 1.277957e-03
13 8.547469e-04 1.374166e-03 4.774691e-08 9.153514e-04
14 9.342254e-04 1.224212e-03 4.750094e-08 9.804999e-04
15 7.612664e-04 1.220288e-03 4.728371e-08 8.111098e-04
1 6.232714e-03 2.444915e-02 6.233867e-08 9.572007e-03
2 1.415839e-03 3.430561e-03 6.109292e-08 1.851117e-03
3 1.740757e-03 3.781974e-03 5.925972e-08 2.160931e-03
4 2.865179e-03 4.428281e-03 5.822135e-08 3.159057e-03
5 2.630285e-03 4.028784e-03 5.694260e-08 2.826369e-03
6 3.000706e-03 3.684276e-03 5.537681e-08 3.149383e-03
7 2.809741e-03 3.383002e-03 5.443913e-08 2.942703e-03
8 3.221433e-03 4.030014e-03 5.254987e-08 3.376670e-03
9 2.330125e-03 3.219392e-03 5.110108e-08 2.454415e-03
10 1.695605e-03 2.263111e-03 5.023102e-08 1.795049e-03
11 1.668718e-03 2.352333e-03 4.971503e-08 1.764556e-03
12 1.178846e-03 1.836035e-03 4.930207e-08 1.256863e-03
13 9.078506e-04 1.378070e-03 4.901808e-08 9.653713e-04
14 7.385075e-04 1.333170e-03 4.882563e-08 7.982721e-04
15 5.087677e-04 1.059695e-03 4.869838e-08 5.685528e-04
1 5.629818e-03 1.682471e-02 6.057427e-08 8.343311e-03
2 1.635354e-03 3.216302e-03 5.912602e-08 2.074344e-03
3 1.980162e-03 3.645635e-03 5.761515e-08 2.480361e-03
4 2.043401e-03 3.463757e-03 5.663126e-08 2.433939e-03
5 2.356404e-03 3.473387e-03 5.568531e-08 2.571711e-03
6 1.570952e-03 2.250775e-03 5.502211e-08 1.670998e-03
7 1.652989e-03 2.227780e-03 5.451600e-08 1.746238e-03
8 1.856013e-03 2.244337e-03 5.397970e-08 1.951742e-03
9 2.179097e-03 2.708228e-03 5.300523e-08 2.286707e-03
10 1.812348e-03 2.573262e-03 5.147692e-08 1.924321e-03
11 1.745704e-03 2.506299e-03 5.083181e-08 1.853846e-03
12 2.507347e-03 3.234194e-03 4.996060e-08 2.634843e-03
13 1.959225e-03 2.446727e-03 4.883731e-08 2.056117e-03
14 1.647163e-03 2.135473e-03 4.830059e-08 1.737299e-03
15 8.796523e-04 1.230794e-03 4.807611e-08 9.429724e-04
16 1.123425e-03 1.472196e-03 4.780453e-08 1.188128e-03
17 8.753091e-04 1.311087e-03 4.762003e-08 9.325999e-04
18 6.965329e-04 1.177440e-03 4.747836e-08 7.484557e-04
19 6.096900e-04 1.030860e-03 4.733911e-08 6.537791e-04
1 5.764551e-03 1.717423e-02 5.186340e-08 8.212385e-03
2 1.564383e-03 2.872009e-03 5.006331e-08 1.977111e-03
3 2.151431e-03 3.743874e-03 4.888931e-08 2.625841e-03
4 2.886187e-03 4.490964e-03 4.721379e-08 3.219516e-03
5 3.110912e-03 4.611110e-03 4.577396e-08 3.319348e-03
6 3.220178e-03 3.868647e-03 4.435342e-08 3.389521e-03
7 2.426854e-03 3.230615e-03 4.250560e-08 2.562963e-03
8 1.586283e-03 2.579866e-03 4.208844e-08 1.700485e-03
9 2.116112e-03 2.866678e-03 4.108327e-08 2.236834e-03
10 1.292726e-03 2.129752e-03 4.051278e-08 1.375562e-03
11 1.168342e-03 2.090906e-03 4.013600e-08 1.254188e-03
12 9.398218e-04 2.038434e-03 3.976471e-08 1.033507e-03
13 1.336939e-03 1.912206e-03 3.928429e-08 1.417765e-03
14 8.248810e-04 1.426157e-03 3.908632e-08 8.840516e-04
15 8.202378e-04 1.215279e-03 3.887643e-08 8.655715e-04
16 7.334591e-04 1.127500e-03 3.869447e-08 7.798171e-04
1 6.041734e-03 2.009307e-02 5.311179e-08 8.622133e-03
2 1.348495e-03 2.995745e-03 5.165663e-08 1.760347e-03
3 3.104299e-03 5.269104e-03 4.983771e-08 3.566260e-03
4 3.108464e-03 4.747381e-03 4.847101e-08 3.351322e-03
5 3.491337e-03 4.553261e-03 4.722639e-08 3.678593e-03
6 2.900757e-03 3.548464e-03 4.481449e-08 3.040333e-03
7 2.285694e-03 3.003617e-03 4.350730e-08 2.409416e-03
8 1.774101e-03 2.506130e-03 4.292716e-08 1.877981e-03
9 1.320515e-03 1.888797e-03 4.233821e-08 1.408209e-03
10 1.509391e-03 1.874457e-03 4.195033e-08 1.587385e-03
11 1.484523e-03 1.920633e-03 4.143418e-08 1.564559e-03
12 1.098710e-03 1.616623e-03 4.119210e-08 1.157228e-03
13 5.822148e-04 1.457492e-03 4.108041e-08 6.539163e-04
14 5.043217e-04 1.063616e-03 4.097845e-08 5.642247e-04
15 5.143828e-04 1.017567e-03 4.087615e-08 5.695819e-04
1 6.540723e-03 2.228184e-02 5.060245e-08 9.569401e-03
2 1.793387e-03 4.042063e-03 4.905289e-08 2.326431e-03
3 2.365290e-03 4.035574e-03 4.782694e-08 2.948759e-03
4 2.553078e-03 4.029714e-03 4.652530e-08 3.041600e-03
5 2.452052e-03 3.726098e-03 4.556579e-08 2.753923e-03
6 1.851729e-03 2.661053e-03 4.402033e-08 1.980614e-03
7 2.057685e-03 2.658267e-03 4.311056e-08 2.163813e-03
8 1.834712e-03 2.761376e-03 4.248127e-08 1.955534e-03
9 1.891218e-03 2.797487e-03 4.179913e-08 2.003727e-03
10 2.140861e-03 2.936804e-03 4.064061e-08 2.257452e-03
11 1.904673e-03 2.548732e-03 3.979390e-08 2.004049e-03
12 1.445577e-03 1.988105e-03 3.930507e-08 1.523944e-03
13 1.562217e-03 2.134201e-03 3.870163e-08 1.655189e-03
14 1.249957e-03 1.756201e-03 3.834270e-08 1.314195e-03
15 1.057748e-03 1.558826e-03 3.814840e-08 1.116908e-03
16 6.279903e-04 1.020036e-03 3.805574e-08 6.694039e-04
17 3.572310e-04 6.658973e-04 3.800048e-08 3.857876e-04
18 2.157685e-04 4.855109e-04 3.795236e-08 2.427726e-04
1 7.585386e-03 2.410714e-02 4.683358e-08 1.133756e-02
2 1.798127e-03 4.861103e-03 4.561218e-08 2.420809e-03
3 1.936411e-03 4.265057e-03 4.415791e-08 2.500250e-03
4 2.029061e-03 3.660062e-03 4.291823e-08 2.453535e-03
5 2.165003e-03 3.424013e-03 4.199725e-08 2.407236e-03
6 1.942997e-03 2.813988e-03 4.165249e-08 2.088074e-03
7 1.875046e-03 2.258261e-03 4.019951e-08 1.986342e-03
8 2.019833e-03 2.743342e-03 3.847442e-08 2.147403e-03
9 2.394080e-03 3.067172e-03 3.737975e-08 2.520754e-03
10 2.133487e-03 2.903192e-03 3.625861e-08 2.257222e-03
11 1.405702e-03 2.429661e-03 3.577885e-08 1.496087e-03
12 1.048756e-03 1.915901e-03 3.546597e-08 1.126026e-03
13 6.882023e-04 1.449884e-03 3.527299e-08 7.506396e-04
14 8.228305e-04 1.479335e-03 3.507709e-08 8.839653e-04
15 5.909645e-04 1.109304e-03 3.494966e-08 6.419750e-04
1 8.443008e-03 3.357260e-02 5.516295e-08 1.319672e-02
2 1.926618e-03 5.501310e-03 5.410571e-08 2.639555e-03
3 2.187885e-03 5.432848e-03 5.312778e-08 2.921926e-03
4 2.209287e-03 5.012799e-03 5.219315e-08 2.826220e-03
5 2.247195e-03 4.428087e-03 5.146289e-08 2.622170e-03
6 2.828271e-03 4.254642e-03 5.075071e-08 3.118224e-03
7 2.023046e-03 3.434639e-03 4.993871e-08 2.236085e-03
8 2.237356e-03 2.722332e-03 4.859670e-08 2.370006e-03
9 2.852292e-03 3.809401e-03 4.725650e-08 2.998917e-03
10 2.150068e-03 2.865684e-03 4.593419e-08 2.266525e-03
11 2.179955e-03 2.811548e-03 4.529998e-08 2.292043e-03
12 2.277419e-03 2.872854e-03 4.417685e-08 2.390784e-03
13 1.765414e-03 2.452749e-03 4.386522e-08 1.865271e-03
14 1.737468e-03 2.406277e-03 4.331084e-08 1.840532e-03
15 1.204370e-03 1.849270e-03 4.301746e-08 1.290373e-03
16 1.372447e-03 2.097496e-03 4.271651e-08 1.449434e-03
17 9.197265e-04 1.511980e-03 4.258218e-08 9.825390e-04
18 5.929642e-04 1.191654e-03 4.252065e-08 6.488949e-04
19 4.350741e-04 8.076568e-04 4.248228e-08 4.754907e-04
1 8.916098e-03 4.341634e-02 4.911570e-08 1.456001e-02
2 1.924852e-03 5.533243e-03 4.756687e-08 2.597794e-03
3 2.184643e-03 5.421093e-03 4.617808e-08 2.859296e-03
4 2.641745e-03 5.135061e-03 4.528073e-08 3.158230e-03
5 2.919751e-03 4.738986e-03 4.332922e-08 3.235265e-03
6 2.958778e-03 3.594825e-03 4.213069e-08 3.118534e-03
7 1.998487e-03 2.743043e-03 4.108731e-08 2.115181e-03
8 1.331211e-03 2.113843e-03 4.055011e-08 1.447392e-03
9 1.441085e-03 2.044372e-03 4.009196e-08 1.537725e-03
10 1.421396e-03 2.160066e-03 3.931791e-08 1.518249e-03
11 1.328801e-03 2.343207e-03 3.868245e-08 1.433835e-03
12 1.454663e-03 2.139878e-03 3.806850e-08 1.538505e-03
13 1.163757e-03 1.855021e-03 3.770299e-08 1.238067e-03
14 7.616503e-04 1.349884e-03 3.750137e-08 8.119861e-04
15 7.416730e-04 1.343955e-03 3.733218e-08 7.873704e-04
16 6.677508e-04 1.281127e-03 3.718226e-08 7.144702e-04
1 1.032744e-02 5.237828e-02 5.094994e-08 1.703248e-02
2 2.016715e-03 6.094444e-03 4.940220e-08 2.856050e-03
3 2.252684e-03 5.234919e-03 4.813801e-08 2.928717e-03
4 3.202968e-03 5.130795e-03 4.684468e-08 3.631974e-03
5 3.031775e-03 4.329577e-03 4.579229e-08 3.287710e-03
6 2.514245e-03 3.157948e-03 4.363580e-08 2.652329e-03
7 2.975887e-03 3.671116e-03 4.290024e-08 3.117916e-03
8 2.444578e-03 2.953522e-03 4.196434e-08 2.562370e-03
9 2.009941e-03 2.612106e-03 4.106939e-08 2.110870e-03
10 1.986706e-03 2.661320e-03 4.062466e-08 2.091018e-03
11 1.376185e-03 2.021181e-03 4.013463e-08 1.462990e-03
12 1.433242e-03 1.891643e-03 3.978205e-08 1.505657e-03
13 1.015085e-03 1.421901e-03 3.957565e-08 1.072443e-03
14 5.817567e-04 9.806343e-04 3.949369e-08 6.195746e-04
15 3.314772e-04 7.291717e-04 3.944635e-08 3.603844e-04
16 2.047880e-04 5.596905e-04 3.940345e-08 2.377028e-04
1 1.062974e-02 6.101107e-02 5.400551e-08 1.830074e-02
2 1.839760e-03 5.077104e-03 5.251810e-08 2.495451e-03
3 2.049533e-03 5.323833e-03 5.121111e-08 2.744731e-03
4 1.931664e-03 4.814252e-03 5.053900e-08 2.503663e-03
5 1.728434e-03 4.112773e-03 4.962219e-08 2.124217e-03
6 1.869367e-03 3.227568e-03 4.899185e-08 2.082811e-03
7 1.687950e-03 2.630423e-03 4.799679e-08 1.843028e-03
8 1.535664e-03 2.293799e-03 4.728885e-08 1.644865e-03
9 2.235169e-03 3.033213e-03 4.673964e-08 2.373080e-03
10 1.862052e-03 2.660221e-03 4.576897e-08 1.975891e-03
11 2.296458e-03 3.325445e-03 4.421248e-08 2.436679e-03
12 2.275171e-03 2.906698e-03 4.369494e-08 2.387563e-03
13 1.852789e-03 2.389133e-03 4.294149e-08 1.947513e-03
14 1.035570e-03 1.588661e-03 4.261102e-08 1.100565e-03
15 1.371759e-03 1.888762e-03 4.224870e-08 1.443484e-03
16 9.560630e-04 1.490892e-03 4.203598e-08 1.015527e-03
17 7.462238e-04 1.200320e-03 4.187564e-08 7.967176e-04
18 6.824479e-04 1.099072e-03 4.171418e-08 7.262071e-04
19 6.311955e-04 1.125556e-03 4.153801e-08 6.751942e-04
1 1.183490e-02 6.863248e-02 4.775536e-08 2.039038e-02
2 2.008267e-03 5.226088e-03 4.660150e-08 2.745753e-03
3 2.419647e-03 4.881042e-03 4.477437e-08 3.128666e-03
4 2.963972e-03 4.673609e-03 4.331843e-08 3.418483e-03
5 3.351352e-03 5.080182e-03 4.164734e-08 3.684195e-03
6 2.059010e-03 3.534259e-03 4.099944e-08 2.260961e-03
7 2.416753e-03 2.823184e-03 4.049696e-08 2.566829e-03
8 1.752787e-03 2.348918e-03 3.945842e-08 1.877588e-03
9 1.541619e-03 2.685450e-03 3.840309e-08 1.676151e-03
10 1.593350e-03 2.322204e-03 3.793175e-08 1.686795e-03
11 1.841343e-03 2.805790e-03 3.709901e-08 1.956527e-03
12 1.314109e-03 2.405441e-03 3.660001e-08 1.420269e-03
13 1.359676e-03 1.878202e-03 3.615089e-08 1.439515e-03
14 1.015637e-03 1.499123e-03 3.597963e-08 1.072058e-03
15 7.124116e-04 1.284107e-03 3.582673e-08 7.648591e-04
16 6.384647e-04 1.128259e-03 3.567819e-08 6.843706e-04
17 6.841426e-04 1.111462e-03 3.552500e-08 7.262756e-04
