1.004955e+00 1.003458e+00
1.000665e+00 1.000301e+00
1.000413e+00 1.000201e+00
1.000454e+00 1.000221e+00
1.000239e+00 1.000118e+00
1.000179e+00 1.000108e+00
1.000153e+00 1.000088e+00
1.000153e+00 1.000085e+00
1.000107e+00 1.000060e+00
1.000128e+00 1.000070e+00
1.000139e+00 1.000076e+00
1.000159e+00 1.000086e+00
1.000145e+00 1.000079e+00
1.000179e+00 1.000097e+00
1.000172e+00 1.000094e+00
1.000206e+00 1.000118e+00
1.000334e+00 1.000196e+00
1.000499e+00 1.000326e+00
1.001066e+00 1.000850e+00
1.003040e+00 1.002480e+00
1.003304e+00 1.001695e+00
1.003583e+00 1.002290e+00
1.003513e+00 1.001623e+00
1.003512e+00 1.002185e+00
1.003550e+00 1.002053e+00
1.003910e+00 1.002076e+00
1.003580e+00 1.001697e+00
1.003450e+00 1.001691e+00
1.003570e+00 1.001856e+00
1.003775e+00 1.001810e+00
1.003752e+00 1.001750e+00
1.003641e+00 1.001731e+00
1.003717e+00 1.001874e+00
1.004034e+00 1.002027e+00
1.003908e+00 1.001873e+00
1.004004e+00 1.001912e+00
1.004237e+00 1.002034e+00
1.004123e+00 1.001975e+00
1.004426e+00 1.002116e+00
1.004222e+00 1.001999e+00
1.004955e+00 1.003458e+00
1.000665e+00 1.000301e+00
1.000413e+00 1.000201e+00
1.000454e+00 1.000221e+00
1.000239e+00 1.000118e+00
1.000179e+00 1.000108e+00
1.000153e+00 1.000088e+00
1.000153e+00 1.000085e+00
1.000107e+00 1.000060e+00
1.000128e+00 1.000070e+00
1.000139e+00 1.000076e+00
1.000159e+00 1.000086e+00
1.000145e+00 1.000079e+00
1.000179e+00 1.000097e+00
1.000172e+00 1.000094e+00
1.000206e+00 1.000118e+00
1.000334e+00 1.000196e+00
1.000499e+00 1.000326e+00
1.001066e+00 1.000850e+00
1.003040e+00 1.002480e+00
1.003304e+00 1.001695e+00
1.003583e+00 1.002290e+00
1.003513e+00 1.001623e+00
1.003512e+00 1.002185e+00
1.003550e+00 1.002053e+00
1.003910e+00 1.002076e+00
1.003580e+00 1.001697e+00
1.003450e+00 1.001691e+00
1.003570e+00 1.001856e+00
1.003775e+00 1.001810e+00
1.003752e+00 1.001750e+00
1.003641e+00 1.001731e+00
1.003717e+00 1.001874e+00
1.004034e+00 1.002027e+00
1.003908e+00 1.001873e+00
1.004004e+00 1.001912e+00
1.004237e+00 1.002034e+00
1.004123e+00 1.001975e+00
1.004426e+00 1.002116e+00
1.004222e+00 1.001999e+00
1.004186e+00 1.001984e+00
1.004278e+00 1.002033e+00
1.004585e+00 1.002203e+00
1.004715e+00 1.002242e+00
1.004597e+00 1.002185e+00
1.004305e+00 1.002042e+00
1.004225e+00 1.002040e+00
1.004031e+00 1.001968e+00
1.004144e+00 1.002137e+00
1.003940e+00 1.001929e+00
1.003721e+00 1.001893e+00
1.003593e+00 1.001830e+00
1.003521e+00 1.002164e+00
1.003295e+00 1.001663e+00
1.003508e+00 1.001909e+00
1.003271e+00 1.001601e+00
1.003135e+00 1.001576e+00
1.003270e+00 1.001717e+00
1.002956e+00 1.001500e+00
1.002846e+00 1.001432e+00
