17 138
18 114
20 121
19 125
20 147
16 165
15 167
23 166
21 163
22 162
23 151
22 174
23 164
22 156
21 165
25 177
19 169
19 168
19 179
18 168
25 170
22 170
22 187
23 191
24 186
25 177
24 181
23 177
25 172
23 166
23 169
24 176
24 178
24 165
21 175
27 164
25 155
24 152
24 159
26 157
26 156
25 149
24 143
25 151
22 160
23 158
22 168
21 169
20 162
21 167
22 175
19 181
18 196
18 184
20 179
20 178
25 172
19 187
18 184
19 181
19 189
18 184
23 182
18 176
17 173
18 179
19 168
17 172
21 169
20 173
25 161
19 170
33 166
25 159
27 166
24 163
26 163
30 173
26 158
35 165
27 162
38 149
39 164
28 157
57 150
36 147
48 162
91 175
44 178
56 188
47 160
51 217
63 178
43 182
28 208
45 238
78 317
47 317
6 318
43 324
11 328
126 315
28 299
19 293
13 301
11 294
19 297
8 292
