1.000032e+00 1.000009e+00
1.000055e+00 1.000013e+00
1.000048e+00 1.000009e+00
1.000049e+00 1.000011e+00
1.000045e+00 1.000012e+00
1.000045e+00 1.000014e+00
1.000048e+00 1.000013e+00
1.000057e+00 1.000016e+00
1.000072e+00 1.000020e+00
1.000065e+00 1.000020e+00
1.000061e+00 1.000021e+00
1.000091e+00 1.000032e+00
1.000075e+00 1.000027e+00
1.000067e+00 1.000021e+00
1.000060e+00 1.000017e+00
1.000083e+00 1.000022e+00
1.000074e+00 1.000019e+00
1.000089e+00 1.000023e+00
1.000087e+00 1.000023e+00
1.000084e+00 1.000022e+00
1.000092e+00 1.000025e+00
1.000106e+00 1.000029e+00
1.000117e+00 1.000032e+00
1.000111e+00 1.000036e+00
1.000106e+00 1.000034e+00
1.000080e+00 1.000027e+00
1.000094e+00 1.000030e+00
1.000092e+00 1.000038e+00
1.000109e+00 1.000040e+00
1.000109e+00 1.000049e+00
1.000099e+00 1.000040e+00
1.000117e+00 1.000050e+00
1.000118e+00 1.000051e+00
1.000124e+00 1.000045e+00
1.000130e+00 1.000055e+00
1.000128e+00 1.000042e+00
1.000121e+00 1.000038e+00
1.000140e+00 1.000054e+00
1.000138e+00 1.000044e+00
1.000133e+00 1.000047e+00
1.000177e+00 1.000059e+00
1.000173e+00 1.000059e+00
1.000180e+00 1.000065e+00
1.000213e+00 1.000076e+00
1.000224e+00 1.000081e+00
1.000222e+00 1.000084e+00
1.000277e+00 1.000105e+00
1.000290e+00 1.000113e+00
1.000273e+00 1.000104e+00
1.000237e+00 1.000091e+00
1.000326e+00 1.000116e+00
1.000339e+00 1.000120e+00
1.000342e+00 1.000117e+00
1.000381e+00 1.000135e+00
1.000366e+00 1.000126e+00
1.000446e+00 1.000152e+00
1.000353e+00 1.000123e+00
1.000427e+00 1.000148e+00
1.000401e+00 1.000135e+00
1.000466e+00 1.000169e+00
1.000549e+00 1.000189e+00
1.000460e+00 1.000155e+00
1.000497e+00 1.000183e+00
1.000495e+00 1.000170e+00
1.000565e+00 1.000204e+00
1.000601e+00 1.000209e+00
1.000559e+00 1.000194e+00
1.000598e+00 1.000216e+00
1.000666e+00 1.000248e+00
1.000578e+00 1.000209e+00
1.000686e+00 1.000278e+00
1.000827e+00 1.000311e+00
1.000764e+00 1.000282e+00
1.000804e+00 1.000304e+00
1.000923e+00 1.000347e+00
1.000881e+00 1.000322e+00
1.001054e+00 1.000386e+00
1.000988e+00 1.000360e+00
1.001141e+00 1.000471e+00
1.001263e+00 1.000536e+00
1.001342e+00 1.000531e+00
1.001440e+00 1.000580e+00
1.001556e+00 1.000673e+00
1.001602e+00 1.000612e+00
1.001809e+00 1.000723e+00
1.002089e+00 1.000839e+00
1.002140e+00 1.000840e+00
1.002499e+00 1.000987e+00
1.003153e+00 1.001258e+00
1.003425e+00 1.001384e+00
1.004740e+00 1.002123e+00
1.004553e+00 1.001884e+00
1.003329e+00 1.001483e+00
1.004798e+00 1.002287e+00
1.008498e+00 1.004155e+00
1.006810e+00 1.003043e+00
1.005900e+00 1.002656e+00
1.008763e+00 1.003900e+00
1.015246e+00 1.007151e+00
1.020438e+00 1.009278e+00
1.026987e+00 1.012541e+00
1.011905e+00 1.002785e+00
1.015893e+00 1.005667e+00
1.021406e+00 1.007273e+00
1.027516e+00 1.008417e+00
1.033459e+00 1.007826e+00
1.038577e+00 1.009032e+00
1.044867e+00 1.013938e+00
