21 54
20 54
20 54
21 81
23 81
21 81
23 81
23 81
25 81
25 81
27 85
10 86
27 88
27 90
27 90
26 100
10 97
10 92
20 84
19 84
16 86
15 83
15 81
22 82
17 82
13 84
15 83
15 84
23 82
17 84
15 83
17 84
19 83
28 83
18 83
16 83
16 83
19 86
23 81
15 81
15 84
15 83
16 85
28 82
18 91
16 92
14 90
15 89
19 84
15 83
14 82
15 88
17 120
25 115
17 102
15 97
15 102
15 115
16 117
15 116
13 98
14 106
21 107
26 120
19 111
24 99
19 97
17 104
20 103
16 97
14 94
16 93
17 93
17 93
14 90
14 90
16 86
15 94
24 101
16 91
13 93
16 85
14 86
18 84
15 87
15 82
13 84
17 83
24 82
15 92
14 88
16 89
14 92
21 97
19 98
20 92
16 93
18 93
26 96
18 99
21 91
17 86
16 82
18 82
15 83
12 78
17 79
19 80
22 96
17 103
19 102
20 99
17 106
27 108
22 106
16 101
17 103
21 110
20 109
20 136
20 140
20 152
23 179
26 210
27 218
30 219
26 237
