1.000000e+00 0.000000e+00
1.000018e+00 1.000005e+00
1.000071e+00 1.000025e+00
1.000027e+00 1.000009e+00
1.000020e+00 1.000011e+00
1.000090e+00 1.000028e+00
1.000014e+00 1.000003e+00
1.000009e+00 1.000003e+00
1.000019e+00 1.000004e+00
1.000017e+00 1.000004e+00
1.000079e+00 1.000011e+00
1.000042e+00 1.000018e+00
1.000066e+00 1.000023e+00
1.000038e+00 1.000014e+00
1.000021e+00 1.000007e+00
1.000072e+00 1.000017e+00
1.000037e+00 1.000010e+00
1.000020e+00 1.000007e+00
1.000012e+00 1.000004e+00
1.000007e+00 1.000003e+00
1.000105e+00 1.000017e+00
1.000034e+00 1.000008e+00
1.000040e+00 1.000009e+00
1.000005e+00 1.000002e+00
1.000029e+00 1.000006e+00
1.000101e+00 1.000018e+00
1.000033e+00 1.000009e+00
1.000039e+00 1.000011e+00
1.000006e+00 1.000002e+00
1.000045e+00 1.000009e+00
1.000172e+00 1.000029e+00
1.000053e+00 1.000016e+00
1.000049e+00 1.000014e+00
1.000006e+00 1.000002e+00
1.000012e+00 1.000004e+00
1.000095e+00 1.000020e+00
1.000049e+00 1.000011e+00
1.000026e+00 1.000008e+00
1.000004e+00 1.000001e+00
1.000007e+00 1.000002e+00
1.000119e+00 1.000015e+00
1.000022e+00 1.000004e+00
1.000026e+00 1.000007e+00
1.000005e+00 1.000002e+00
1.000008e+00 1.000002e+00
1.000172e+00 1.000021e+00
1.000032e+00 1.000009e+00
1.000027e+00 1.000008e+00
1.000007e+00 1.000002e+00
1.000007e+00 1.000002e+00
1.000110e+00 1.000021e+00
1.000047e+00 1.000010e+00
1.000031e+00 1.000011e+00
1.000013e+00 1.000004e+00
1.000018e+00 1.000004e+00
1.000077e+00 1.000014e+00
1.000046e+00 1.000013e+00
1.000052e+00 1.000016e+00
1.000013e+00 1.000005e+00
1.000014e+00 1.000005e+00
1.000097e+00 1.000018e+00
1.000067e+00 1.000020e+00
1.000103e+00 1.000035e+00
1.000021e+00 1.000008e+00
1.000021e+00 1.000009e+00
1.000088e+00 1.000021e+00
1.000099e+00 1.000027e+00
1.000102e+00 1.000031e+00
1.000013e+00 1.000005e+00
1.000014e+00 1.000005e+00
1.000064e+00 1.000013e+00
1.000020e+00 1.000010e+00
1.000054e+00 1.000019e+00
1.000009e+00 1.000004e+00
1.000011e+00 1.000005e+00
1.000090e+00 1.000016e+00
1.000039e+00 1.000013e+00
1.000065e+00 1.000022e+00
1.000008e+00 1.000004e+00
1.000011e+00 1.000005e+00
1.000059e+00 1.000012e+00
1.000035e+00 1.000012e+00
1.000090e+00 1.000027e+00
1.000007e+00 1.000005e+00
1.000011e+00 1.000005e+00
1.000076e+00 1.000016e+00
1.000040e+00 1.000015e+00
1.000073e+00 1.000027e+00
1.000009e+00 1.000005e+00
1.000009e+00 1.000005e+00
1.000061e+00 1.000010e+00
1.000022e+00 1.000007e+00
1.000052e+00 1.000019e+00
1.000012e+00 1.000005e+00
1.000014e+00 1.000005e+00
1.000077e+00 1.000016e+00
1.000057e+00 1.000018e+00
1.000095e+00 1.000031e+00
1.000011e+00 1.000005e+00
1.000013e+00 1.000006e+00
1.000054e+00 1.000010e+00
1.000022e+00 1.000009e+00
1.000064e+00 1.000026e+00
1.000009e+00 1.000005e+00
1.000012e+00 1.000006e+00
1.000083e+00 1.000020e+00
1.000082e+00 1.000027e+00
1.000127e+00 1.000048e+00
1.000011e+00 1.000005e+00
1.000015e+00 1.000007e+00
1.000059e+00 1.000012e+00
1.000027e+00 1.000012e+00
1.000106e+00 1.000032e+00
1.000014e+00 1.000007e+00
1.000017e+00 1.000008e+00
1.000117e+00 1.000026e+00
1.000114e+00 1.000039e+00
1.000135e+00 1.000062e+00
1.000019e+00 1.000009e+00
1.000022e+00 1.000010e+00
1.000074e+00 1.000019e+00
1.000038e+00 1.000020e+00
1.000126e+00 1.000054e+00
1.000031e+00 1.000015e+00
1.000032e+00 1.000019e+00
1.000080e+00 1.000033e+00
1.000040e+00 1.000021e+00
