1 3.738483e-02 6.579974e-02 2.221149e-07 4.209211e-02
2 4.606307e-03 8.029298e-03 2.048939e-07 5.023599e-03
3 1.431695e-02 3.259479e-02 2.004326e-07 1.725827e-02
4 5.044035e-03 7.732907e-03 1.900069e-07 5.487043e-03
5 9.690446e-03 2.542723e-02 1.860266e-07 1.227047e-02
6 5.731192e-03 8.427899e-03 1.792454e-07 6.324142e-03
7 6.339338e-03 1.841368e-02 1.755093e-07 8.412272e-03
8 5.626907e-03 8.423700e-03 1.693071e-07 6.225083e-03
9 6.699153e-03 2.325658e-02 1.670019e-07 9.870372e-03
10 4.963599e-03 7.440612e-03 1.632931e-07 5.495970e-03
11 5.545844e-03 1.511767e-02 1.610162e-07 7.019004e-03
12 4.669213e-03 9.114019e-03 1.593884e-07 5.309145e-03
13 4.556703e-03 9.256575e-03 1.579548e-07 5.204524e-03
14 4.087182e-03 8.381758e-03 1.565440e-07 4.726628e-03
15 2.682279e-03 6.377074e-03 1.554852e-07 3.345696e-03
16 3.042568e-03 6.522039e-03 1.546358e-07 3.815201e-03
17 3.032359e-03 5.919443e-03 1.538455e-07 3.649891e-03
18 4.676806e-03 8.665261e-03 1.532742e-07 5.390410e-03
19 3.807653e-03 7.604283e-03 1.525263e-07 4.784654e-03
20 3.776536e-03 7.301352e-03 1.522965e-07 4.455814e-03
21 3.549870e-03 6.943785e-03 1.516549e-07 4.349880e-03
22 3.363786e-03 6.492228e-03 1.510918e-07 4.176514e-03
23 3.015981e-03 6.625681e-03 1.506126e-07 3.792476e-03
24 2.333780e-03 6.290117e-03 1.502200e-07 3.125660e-03
25 2.055077e-03 6.316921e-03 1.498836e-07 2.832923e-03
26 2.040368e-03 6.845795e-03 1.495859e-07 2.902909e-03
27 2.193018e-03 7.145719e-03 1.493070e-07 3.073816e-03
28 2.740016e-03 8.590405e-03 1.491779e-07 3.728877e-03
29 2.575464e-03 7.188373e-03 1.489335e-07 3.497236e-03
30 2.175585e-03 6.493117e-03 1.487103e-07 2.966626e-03
31 2.754790e-03 7.817672e-03 1.485352e-07 3.725803e-03
32 1.717664e-03 3.974267e-03 1.484504e-07 2.300307e-03
33 1.467599e-03 4.398449e-03 1.483223e-07 2.081932e-03
34 1.115270e-03 2.713145e-03 1.482438e-07 1.564171e-03
35 8.571741e-04 2.977737e-03 1.482068e-07 1.267935e-03
36 4.503251e-04 1.034243e-03 1.481819e-07 5.666109e-04
37 4.118998e-04 8.581709e-04 1.481618e-07 5.365469e-04
38 4.303673e-04 9.875711e-04 1.481417e-07 5.733904e-04
1 1.121118e-02 3.294673e-02 1.959330e-04 1.246386e-02
2 6.083469e-03 1.986362e-02 9.413170e-05 7.466985e-03
3 3.957303e-03 1.364953e-02 3.949341e-05 4.608681e-03
4 3.363039e-03 8.675322e-03 2.349783e-06 3.594119e-03
5 5.440242e-03 1.120148e-02 2.023633e-06 6.073482e-03
6 4.593768e-03 9.600264e-03 9.476644e-07 5.140097e-03
7 2.458788e-03 3.181247e-03 6.609927e-07 2.548349e-03
8 3.242897e-03 4.248439e-03 4.052003e-07 3.392372e-03
9 3.032771e-03 4.569006e-03 2.522779e-07 3.194934e-03
10 2.850676e-03 4.543830e-03 1.897077e-07 3.078383e-03
11 2.137787e-03 5.987873e-03 1.642520e-07 2.716850e-03
12 2.943653e-03 4.378628e-03 1.588625e-07 3.157557e-03
13 2.520798e-03 5.472879e-03 1.532268e-07 2.799634e-03
14 3.108976e-03 5.456410e-03 1.489363e-07 3.354316e-03
15 2.361499e-03 3.421901e-03 1.469732e-07 2.540305e-03
16 2.705009e-03 4.842358e-03 1.463001e-07 2.921220e-03
17 2.017849e-03 3.565053e-03 1.458190e-07 2.195671e-03
18 2.000873e-03 3.071945e-03 1.455434e-07 2.241644e-03
19 1.751833e-03 2.581227e-03 1.453134e-07 1.980050e-03
20 2.764977e-03 4.995660e-03 1.451933e-07 3.276861e-03
21 2.145538e-03 3.521979e-03 1.449724e-07 2.507786e-03
22 1.539046e-03 2.422992e-03 1.448637e-07 1.790775e-03
23 1.386717e-03 2.737135e-03 1.447687e-07 1.648011e-03
24 1.561173e-03 3.144090e-03 1.445990e-07 1.982303e-03
25 3.509045e-03 5.544537e-03 1.444945e-07 4.341194e-03
26 1.968163e-03 3.413104e-03 1.444150e-07 2.465092e-03
27 1.200266e-03 2.441146e-03 1.443302e-07 1.509580e-03
28 1.023253e-03 1.864913e-03 1.442589e-07 1.279058e-03
29 1.935062e-03 3.809980e-03 1.441035e-07 2.370089e-03
30 1.491068e-03 3.512008e-03 1.439820e-07 1.934512e-03
31 1.798954e-03 2.961381e-03 1.439284e-07 2.275384e-03
32 1.529990e-03 3.363825e-03 1.437889e-07 1.967454e-03
33 2.170377e-03 3.994137e-03 1.436834e-07 2.712711e-03
34 1.774426e-03 3.789571e-03 1.435468e-07 2.269061e-03
35 1.398628e-03 3.215409e-03 1.434460e-07 1.810809e-03
36 1.540367e-03 3.393270e-03 1.433841e-07 2.056448e-03
37 8.491104e-04 2.099984e-03 1.433350e-07 1.119651e-03
38 5.611714e-04 1.165259e-03 1.433105e-07 7.040139e-04
39 5.629774e-04 1.255683e-03 1.432827e-07 7.733214e-04
40 8.649499e-04 1.754704e-03 1.432360e-07 1.164188e-03
41 7.712962e-04 2.070080e-03 1.431860e-07 1.082409e-03
42 9.434429e-04 2.278257e-03 1.431278e-07 1.312244e-03
43 6.320941e-04 1.842097e-03 1.430934e-07 9.449396e-04
44 4.821376e-04 1.330151e-03 1.430643e-07 6.662304e-04
45 5.449370e-04 1.285727e-03 1.430378e-07 6.995923e-04
1 9.286804e-03 3.301606e-02 1.494316e-04 1.097783e-02
2 4.898736e-03 1.730171e-02 1.776185e-05 6.513297e-03
3 2.536250e-03 5.596599e-03 2.080434e-06 2.643986e-03
4 6.857834e-03 1.420635e-02 1.893618e-06 7.702547e-03
5 6.691877e-03 1.103919e-02 8.929973e-07 7.211492e-03
6 2.293264e-03 3.401495e-03 4.923014e-07 2.468914e-03
7 3.396745e-03 4.648835e-03 2.890528e-07 3.581416e-03
8 2.883664e-03 4.093686e-03 1.975338e-07 3.207956e-03
9 3.102307e-03 7.149607e-03 1.796620e-07 3.630164e-03
10 2.744128e-03 6.907258e-03 1.573023e-07 3.339007e-03
11 2.679415e-03 4.033030e-03 1.467765e-07 2.941805e-03
12 3.588928e-03 8.482770e-03 1.443404e-07 4.063145e-03
13 1.733064e-03 2.626324e-03 1.412503e-07 1.928017e-03
14 3.998755e-03 7.566490e-03 1.410343e-07 4.373143e-03
15 1.656890e-03 3.123553e-03 1.401023e-07 1.977594e-03
16 3.033142e-03 4.639561e-03 1.399250e-07 3.373068e-03
17 1.695063e-03 2.971605e-03 1.397535e-07 2.025040e-03
18 2.062013e-03 3.211656e-03 1.396612e-07 2.394572e-03
19 1.568485e-03 2.901989e-03 1.395793e-07 1.952835e-03
20 1.344891e-03 2.398613e-03 1.395234e-07 1.598149e-03
21 1.042153e-03 2.025155e-03 1.394820e-07 1.329820e-03
22 8.948416e-04 1.831465e-03 1.394464e-07 1.184103e-03
23 8.891361e-04 1.990664e-03 1.394105e-07 1.187886e-03
24 8.937237e-04 2.057072e-03 1.393754e-07 1.202783e-03
25 8.546228e-04 1.957092e-03 1.393423e-07 1.161735e-03
26 7.947696e-04 1.834862e-03 1.393122e-07 1.078190e-03
27 7.017395e-04 1.564967e-03 1.392877e-07 9.428537e-04
28 6.514339e-04 1.404012e-03 1.392673e-07 8.693069e-04
29 6.941000e-04 1.514454e-03 1.392460e-07 9.316767e-04
1 8.359189e-03 3.306463e-02 3.082249e-04 1.068322e-02
2 6.578490e-03 2.500523e-02 3.186464e-06 8.353778e-03
3 4.456543e-03 8.126345e-03 2.668032e-06 4.936568e-03
4 2.313927e-03 5.313730e-03 1.545762e-06 2.622540e-03
5 2.623953e-03 5.678182e-03 9.850803e-07 2.897808e-03
6 2.557826e-03 5.376492e-03 4.865385e-07 2.814597e-03
7 1.943739e-03 3.787901e-03 2.676856e-07 2.066991e-03
8 2.279154e-03 5.101133e-03 1.866525e-07 2.625357e-03
9 1.666407e-03 4.977180e-03 1.565035e-07 2.123745e-03
10 2.207888e-03 6.531513e-03 1.466029e-07 2.704780e-03
11 1.843722e-03 4.331149e-03 1.424699e-07 2.072833e-03
12 2.907357e-03 6.887060e-03 1.412421e-07 3.265343e-03
13 1.541141e-03 2.790986e-03 1.404216e-07 1.684322e-03
14 2.320049e-03 4.258436e-03 1.401749e-07 2.608892e-03
15 1.554743e-03 2.204719e-03 1.400331e-07 1.752750e-03
16 1.848313e-03 3.020370e-03 1.399476e-07 2.071983e-03
17 1.255885e-03 1.953514e-03 1.398886e-07 1.448480e-03
18 1.212599e-03 1.801576e-03 1.398456e-07 1.404955e-03
19 9.442431e-04 1.668384e-03 1.398123e-07 1.146528e-03
20 7.871277e-04 1.491616e-03 1.397843e-07 9.921434e-04
21 6.778494e-04 1.426623e-03 1.397588e-07 8.848443e-04
22 5.998486e-04 1.332976e-03 1.397358e-07 8.029202e-04
1 1.562833e-02 3.479998e-02 4.336399e-04 1.695309e-02
2 5.636578e-03 2.971716e-02 3.920848e-06 7.777709e-03
3 2.003441e-03 3.230815e-03 1.580615e-06 2.097873e-03
4 2.268062e-03 5.565369e-03 1.186845e-06 2.648734e-03
5 2.621189e-03 6.164749e-03 5.901163e-07 2.992535e-03
6 1.731082e-03 3.724135e-03 3.466570e-07 1.913287e-03
7 2.145974e-03 5.100984e-03 3.141600e-07 2.430913e-03
8 1.730612e-03 5.728700e-03 2.906683e-07 2.135897e-03
9 1.847140e-03 6.235935e-03 2.108665e-07 2.323080e-03
10 1.690832e-03 4.438190e-03 1.671863e-07 1.947011e-03
11 3.253767e-03 7.448483e-03 1.537553e-07 3.685664e-03
12 1.688382e-03 3.497397e-03 1.500318e-07 1.874417e-03
13 2.988804e-03 6.164168e-03 1.477275e-07 3.400250e-03
14 1.801273e-03 3.639088e-03 1.466713e-07 2.040691e-03
15 3.105898e-03 5.790853e-03 1.462134e-07 3.580483e-03
16 1.254741e-03 2.264680e-03 1.458465e-07 1.417011e-03
17 2.981223e-03 5.166560e-03 1.457177e-07 3.456996e-03
18 8.538506e-04 1.392646e-03 1.455331e-07 9.594969e-04
19 2.189452e-03 4.122378e-03 1.454749e-07 2.554736e-03
20 6.817725e-04 1.146073e-03 1.454120e-07 7.705119e-04
21 1.191411e-03 2.403585e-03 1.453857e-07 1.392156e-03
22 5.796761e-04 1.054771e-03 1.453692e-07 6.636990e-04
23 5.678767e-04 1.133570e-03 1.453581e-07 6.605567e-04
24 4.032614e-04 6.982128e-04 1.453489e-07 4.737074e-04
1 2.538288e-02 4.696321e-02 4.150774e-04 2.684996e-02
2 1.069970e-02 2.918844e-02 1.862985e-04 1.221741e-02
3 5.270677e-03 1.945632e-02 1.545620e-04 6.718858e-03
4 4.961682e-03 1.769130e-02 1.137935e-04 6.213084e-03
5 5.054962e-03 1.512880e-02 4.290315e-05 5.815173e-03
6 3.919062e-03 9.123059e-03 2.120114e-05 4.271858e-03
7 4.360841e-03 7.826009e-03 1.412762e-05 4.613740e-03
8 5.583037e-03 9.070300e-03 1.000691e-05 5.757088e-03
9 5.293778e-03 1.010992e-02 2.987002e-06 5.595727e-03
10 2.553639e-03 5.241080e-03 2.391191e-06 2.831553e-03
11 2.714212e-03 6.162449e-03 1.989897e-06 3.112760e-03
12 2.950912e-03 6.734924e-03 9.298996e-07 3.427516e-03
13 4.047308e-03 5.835235e-03 7.218745e-07 4.218173e-03
14 3.060279e-03 5.076143e-03 5.865831e-07 3.260567e-03
15 3.375447e-03 5.696307e-03 5.165236e-07 3.578065e-03
16 3.765226e-03 6.214572e-03 3.269058e-07 3.991368e-03
17 1.314624e-03 3.172238e-03 2.161799e-07 1.469474e-03
18 4.219889e-03 1.160191e-02 2.044087e-07 4.917505e-03
19 3.995967e-03 1.017479e-02 1.829756e-07 4.559608e-03
20 1.573004e-03 2.923076e-03 1.791513e-07 1.706441e-03
21 1.737375e-03 3.224545e-03 1.649399e-07 1.894362e-03
22 5.176142e-03 1.208718e-02 1.625498e-07 5.982933e-03
23 3.301440e-03 6.702457e-03 1.597452e-07 3.728465e-03
24 1.949878e-03 3.959150e-03 1.589668e-07 2.208663e-03
25 2.511398e-03 4.897089e-03 1.577623e-07 2.862773e-03
26 2.869986e-03 4.751907e-03 1.569982e-07 3.170050e-03
27 2.315462e-03 3.988206e-03 1.565224e-07 2.600385e-03
28 2.186970e-03 3.708701e-03 1.562149e-07 2.497470e-03
29 1.813539e-03 3.127966e-03 1.560061e-07 2.082658e-03
30 1.766654e-03 3.293302e-03 1.558655e-07 2.044612e-03
31 1.383950e-03 2.459249e-03 1.557710e-07 1.604062e-03
32 1.313056e-03 2.671062e-03 1.557094e-07 1.541502e-03
33 9.806159e-04 1.890588e-03 1.556703e-07 1.145341e-03
34 8.647823e-04 1.888394e-03 1.556463e-07 1.025610e-03
35 6.252200e-04 1.343220e-03 1.556321e-07 7.367014e-04
36 4.881076e-04 1.132596e-03 1.556236e-07 5.812361e-04
37 3.478737e-04 8.070556e-04 1.556183e-07 4.119258e-04
1 3.021922e-02 4.900965e-02 4.542609e-04 3.143233e-02
2 1.862630e-02 3.062833e-02 3.272752e-04 2.091071e-02
3 9.378250e-03 2.595862e-02 2.552149e-04 1.071903e-02
4 8.270741e-03 2.288798e-02 2.360234e-04 9.384113e-03
5 8.897390e-03 2.199790e-02 2.210382e-04 1.002740e-02
6 9.592461e-03 2.127797e-02 1.584926e-04 1.081376e-02
7 6.840211e-03 1.797010e-02 1.393238e-04 7.664053e-03
8 8.155747e-03 1.682611e-02 1.112824e-04 8.703447e-03
9 6.248528e-03 1.500083e-02 8.333562e-05 6.818194e-03
10 9.828903e-03 1.487194e-02 2.543382e-05 1.042313e-02
11 3.572946e-03 6.929023e-03 7.675091e-06 3.862526e-03
12 4.196546e-03 7.623313e-03 3.181937e-06 4.381420e-03
13 3.953708e-03 7.498388e-03 2.349911e-06 4.209451e-03
14 3.525238e-03 7.989469e-03 1.974956e-06 3.955135e-03
15 3.249610e-03 8.122621e-03 1.016991e-06 3.821100e-03
16 3.519270e-03 5.238846e-03 5.675318e-07 3.644716e-03
17 1.753062e-03 3.874818e-03 3.367310e-07 1.925487e-03
18 2.787654e-03 6.722498e-03 2.702638e-07 3.121577e-03
19 1.960018e-03 6.133411e-03 2.127747e-07 2.381984e-03
20 2.151310e-03 5.024208e-03 1.957373e-07 2.375177e-03
21 2.806772e-03 7.048611e-03 1.813561e-07 3.197111e-03
22 2.062558e-03 4.365887e-03 1.802596e-07 2.280477e-03
23 2.203683e-03 4.715319e-03 1.739551e-07 2.456918e-03
24 2.905527e-03 7.132520e-03 1.731907e-07 3.380951e-03
25 3.136385e-03 7.453785e-03 1.714997e-07 3.638539e-03
26 3.068181e-03 6.411384e-03 1.697719e-07 3.438963e-03
27 3.103801e-03 5.035985e-03 1.692282e-07 3.388320e-03
28 2.938944e-03 5.430515e-03 1.680749e-07 3.248328e-03
29 2.035536e-03 3.727042e-03 1.676684e-07 2.258299e-03
30 2.446174e-03 4.306685e-03 1.671010e-07 2.754255e-03
31 2.020670e-03 3.064392e-03 1.669722e-07 2.256160e-03
32 2.017902e-03 3.346659e-03 1.666378e-07 2.281198e-03
33 1.734763e-03 3.013888e-03 1.664199e-07 1.986689e-03
34 1.554939e-03 2.834790e-03 1.662742e-07 1.798640e-03
35 1.321332e-03 2.409758e-03 1.661737e-07 1.530726e-03
36 1.156965e-03 2.092234e-03 1.661034e-07 1.339058e-03
37 9.609678e-04 1.836084e-03 1.660537e-07 1.108344e-03
38 7.984606e-04 1.614411e-03 1.660175e-07 9.230943e-04
39 6.454874e-04 1.339767e-03 1.659897e-07 7.488496e-04
40 5.725221e-04 9.722249e-04 1.659516e-07 6.648795e-04
1 3.029216e-02 4.444492e-02 4.430990e-04 3.120198e-02
2 1.929438e-02 3.027266e-02 4.051063e-04 2.157971e-02
3 1.683759e-02 2.893521e-02 3.377795e-04 1.868088e-02
4 1.578998e-02 2.639765e-02 3.178415e-04 1.759061e-02
5 1.799652e-02 2.646160e-02 2.970143e-04 2.014244e-02
6 1.840406e-02 2.995340e-02 2.143352e-04 2.041194e-02
7 9.039429e-03 2.096901e-02 1.981216e-04 9.891509e-03
8 1.084901e-02 2.014623e-02 1.407326e-04 1.179244e-02
9 5.914828e-03 1.693040e-02 9.698781e-05 6.915120e-03
10 5.321851e-03 1.399210e-02 8.099845e-05 6.134346e-03
11 5.042039e-03 1.275385e-02 6.133949e-05 5.788957e-03
12 9.964030e-03 1.777687e-02 5.016829e-05 1.075667e-02
13 5.279515e-03 9.947664e-03 3.721185e-05 5.768947e-03
14 7.788570e-03 1.153504e-02 2.615871e-05 7.995873e-03
15 5.054622e-03 9.038546e-03 2.239245e-05 5.394829e-03
16 6.136643e-03 9.162481e-03 1.734747e-05 6.294401e-03
17 8.496714e-03 1.329347e-02 1.062889e-05 8.928765e-03
18 4.999565e-03 9.079914e-03 8.473026e-06 5.256206e-03
19 3.945490e-03 9.262629e-03 7.339820e-06 4.356998e-03
20 4.882031e-03 9.008261e-03 1.650814e-06 5.144589e-03
21 2.947652e-03 4.719300e-03 1.492892e-06 3.228609e-03
22 3.390236e-03 5.051128e-03 1.190488e-06 3.642179e-03
23 3.514959e-03 4.973758e-03 7.004945e-07 3.760269e-03
24 2.316167e-03 4.469946e-03 4.138207e-07 2.573964e-03
25 2.129935e-03 4.622012e-03 2.841139e-07 2.346861e-03
26 1.778822e-03 6.112959e-03 2.290318e-07 2.279628e-03
27 1.725708e-03 4.774823e-03 2.058461e-07 2.017837e-03
28 2.795110e-03 7.164581e-03 2.037480e-07 3.146021e-03
29 2.630616e-03 7.401097e-03 1.972857e-07 3.077177e-03
30 2.706793e-03 7.113218e-03 1.877721e-07 3.129220e-03
31 1.972576e-03 3.919769e-03 1.852746e-07 2.162392e-03
32 2.349212e-03 4.860489e-03 1.812628e-07 2.616488e-03
33 2.594236e-03 5.545436e-03 1.807331e-07 2.885893e-03
34 2.820275e-03 5.753685e-03 1.797334e-07 3.134972e-03
35 3.120754e-03 5.597389e-03 1.780529e-07 3.389481e-03
36 2.409797e-03 3.463200e-03 1.777707e-07 2.594460e-03
37 2.386037e-03 3.679806e-03 1.771564e-07 2.595178e-03
38 2.401270e-03 4.064899e-03 1.764227e-07 2.660873e-03
39 1.849444e-03 3.261751e-03 1.762541e-07 2.071165e-03
40 1.969079e-03 3.330813e-03 1.758394e-07 2.225937e-03
41 1.729209e-03 2.806091e-03 1.755442e-07 1.932053e-03
42 2.530773e-03 3.387400e-03 1.754361e-07 2.791948e-03
43 2.082566e-03 2.842674e-03 1.751702e-07 2.279764e-03
44 1.642484e-03 2.586185e-03 1.749909e-07 1.805533e-03
45 1.328189e-03 2.307853e-03 1.748671e-07 1.494548e-03
46 1.047597e-03 1.816774e-03 1.747757e-07 1.172708e-03
47 9.368941e-04 1.585794e-03 1.746980e-07 1.065296e-03
48 9.364148e-04 1.526269e-03 1.746283e-07 1.066732e-03
49 7.624556e-04 1.337860e-03 1.745845e-07 8.807455e-04
50 6.776487e-04 1.218177e-03 1.745509e-07 8.055952e-04
51 4.953232e-04 9.269981e-04 1.745319e-07 5.883195e-04
1 2.806355e-02 3.762867e-02 4.236804e-04 2.869707e-02
2 1.871555e-02 2.958701e-02 3.124003e-04 2.029080e-02
3 1.094298e-02 2.537034e-02 2.728563e-04 1.232919e-02
4 1.284919e-02 2.368945e-02 2.329188e-04 1.434626e-02
5 1.021759e-02 2.186521e-02 1.283397e-04 1.144729e-02
6 5.886685e-03 1.614730e-02 7.667548e-05 6.797674e-03
7 4.855808e-03 1.239375e-02 4.123284e-05 5.543249e-03
8 4.347163e-03 8.971161e-03 2.989829e-05 4.736444e-03
9 4.398858e-03 7.799460e-03 9.393305e-06 4.745854e-03
10 3.281984e-03 5.471549e-03 5.970582e-06 3.465193e-03
11 3.661105e-03 7.085727e-03 4.215717e-06 3.882535e-03
12 3.738051e-03 7.279469e-03 1.891917e-06 3.956565e-03
13 2.897076e-03 5.508242e-03 1.534295e-06 3.230932e-03
14 3.143051e-03 5.673994e-03 7.773731e-07 3.477981e-03
15 3.219101e-03 6.432834e-03 4.577572e-07 3.537408e-03
16 1.737192e-03 3.442625e-03 3.559379e-07 1.853552e-03
17 2.044838e-03 5.420911e-03 2.595897e-07 2.352086e-03
18 2.282156e-03 4.733503e-03 2.488547e-07 2.518123e-03
19 1.888992e-03 5.348987e-03 2.215475e-07 2.309148e-03
20 2.024902e-03 6.130997e-03 2.154338e-07 2.458769e-03
21 2.020393e-03 6.616164e-03 1.993248e-07 2.544137e-03
22 1.849776e-03 3.714745e-03 1.980859e-07 2.029970e-03
23 1.881984e-03 3.974167e-03 1.947622e-07 2.074130e-03
24 2.341006e-03 4.840738e-03 1.892642e-07 2.537389e-03
25 2.393559e-03 4.633695e-03 1.887128e-07 2.611497e-03
26 2.412100e-03 4.969819e-03 1.870116e-07 2.650789e-03
27 2.652557e-03 5.054829e-03 1.862304e-07 2.866536e-03
28 2.550359e-03 5.024192e-03 1.846751e-07 2.796342e-03
29 1.843706e-03 3.320540e-03 1.843684e-07 2.047049e-03
30 1.867207e-03 3.536451e-03 1.835410e-07 2.100080e-03
31 1.744784e-03 3.133316e-03 1.829372e-07 1.963675e-03
32 2.129186e-03 3.306307e-03 1.827218e-07 2.346271e-03
33 1.973416e-03 2.766192e-03 1.825272e-07 2.147190e-03
34 1.948892e-03 2.788339e-03 1.821242e-07 2.144719e-03
35 1.688005e-03 1.927595e-03 1.819382e-07 1.832259e-03
36 1.504324e-03 2.070370e-03 1.817283e-07 1.681301e-03
37 1.147206e-03 1.562109e-03 1.815879e-07 1.271910e-03
38 9.393492e-04 1.509668e-03 1.815007e-07 1.089019e-03
39 7.606524e-04 1.297703e-03 1.814393e-07 8.835944e-04
40 6.635056e-04 1.174607e-03 1.813954e-07 7.826403e-04
41 5.728239e-04 1.058215e-03 1.813618e-07 6.742149e-04
1 2.704223e-02 3.372825e-02 3.890234e-04 2.750011e-02
2 2.401246e-02 3.332086e-02 3.242872e-04 2.562022e-02
3 1.334831e-02 2.582987e-02 2.344012e-04 1.419770e-02
4 1.824656e-02 2.632387e-02 1.688114e-04 2.011024e-02
5 6.741588e-03 1.855300e-02 1.185746e-04 7.692686e-03
6 7.537914e-03 1.549206e-02 8.222623e-05 8.297496e-03
7 5.177746e-03 1.283975e-02 6.708125e-05 5.755919e-03
8 4.833568e-03 1.155757e-02 5.626951e-05 5.472864e-03
9 4.402924e-03 1.083449e-02 5.135944e-05 4.997130e-03
10 4.904768e-03 1.100389e-02 4.448631e-05 5.343285e-03
11 7.491352e-03 1.068761e-02 1.185210e-05 7.702399e-03
12 2.870762e-03 4.535351e-03 9.802070e-06 3.023768e-03
13 2.920009e-03 4.574272e-03 5.812694e-06 3.029576e-03
14 3.535042e-03 5.678248e-03 3.141710e-06 3.662881e-03
15 3.631958e-03 6.676547e-03 2.500391e-06 3.862524e-03
16 2.761254e-03 6.976869e-03 2.088810e-06 3.197359e-03
17 3.064315e-03 7.107021e-03 9.857170e-07 3.393134e-03
18 4.872434e-03 7.492681e-03 8.105522e-07 5.038677e-03
19 4.307527e-03 6.215020e-03 4.884204e-07 4.491258e-03
20 1.883687e-03 3.016976e-03 3.061630e-07 1.975978e-03
21 3.698314e-03 9.585790e-03 2.527336e-07 4.173547e-03
22 1.987727e-03 2.984816e-03 2.415783e-07 2.090962e-03
23 1.851560e-03 3.210000e-03 2.152885e-07 1.979899e-03
24 2.119475e-03 7.476792e-03 2.132626e-07 2.801847e-03
25 2.178072e-03 7.474658e-03 2.032128e-07 2.828473e-03
26 1.701128e-03 2.977743e-03 2.017582e-07 1.885578e-03
27 1.859176e-03 3.222560e-03 1.974151e-07 2.021051e-03
28 2.153639e-03 4.911451e-03 1.941699e-07 2.420652e-03
29 1.884783e-03 3.670049e-03 1.926604e-07 2.063690e-03
30 1.929388e-03 3.864366e-03 1.917680e-07 2.135082e-03
31 1.860246e-03 3.450534e-03 1.912115e-07 2.061579e-03
32 1.863440e-03 3.259478e-03 1.906468e-07 2.055513e-03
33 1.621383e-03 2.596752e-03 1.903795e-07 1.808612e-03
34 1.633285e-03 2.537509e-03 1.900077e-07 1.810579e-03
35 1.430873e-03 2.516163e-03 1.898347e-07 1.617353e-03
36 1.443651e-03 2.797090e-03 1.895988e-07 1.638527e-03
37 1.220890e-03 2.429516e-03 1.894797e-07 1.411505e-03
38 1.143324e-03 2.277941e-03 1.893200e-07 1.300519e-03
39 9.026732e-04 1.767674e-03 1.892374e-07 1.033014e-03
40 8.584860e-04 1.727421e-03 1.891384e-07 9.785454e-04
41 6.760541e-04 1.320595e-03 1.890806e-07 7.739497e-04
42 6.177090e-04 1.148433e-03 1.890238e-07 7.031676e-04
1 2.925403e-02 3.439638e-02 3.613766e-04 2.965669e-02
2 3.005414e-02 4.368839e-02 2.341983e-04 3.253441e-02
3 2.292838e-02 3.518777e-02 2.108459e-04 2.535869e-02
4 2.134631e-02 3.288832e-02 1.858208e-04 2.352186e-02
5 1.724170e-02 2.439919e-02 1.589182e-04 1.843890e-02
6 1.592602e-02 2.349630e-02 1.347353e-04 1.783918e-02
7 9.239525e-03 1.652948e-02 1.120483e-04 9.931257e-03
8 7.079089e-03 1.504311e-02 7.698526e-05 7.561823e-03
9 6.928592e-03 1.240489e-02 6.913343e-05 7.333561e-03
10 6.245408e-03 1.173404e-02 3.927655e-05 6.547482e-03
11 8.506355e-03 1.139776e-02 2.875227e-05 9.103609e-03
12 4.730314e-03 7.935816e-03 1.638697e-05 4.938699e-03
13 6.212429e-03 7.591947e-03 1.277112e-05 6.381686e-03
14 4.092006e-03 6.931487e-03 9.782005e-06 4.289771e-03
15 3.174487e-03 7.121023e-03 5.082367e-06 3.600898e-03
16 4.393416e-03 5.751412e-03 4.416921e-06 4.520518e-03
17 3.588014e-03 5.921831e-03 3.571107e-06 3.718001e-03
18 2.909370e-03 6.603054e-03 2.590820e-06 3.227745e-03
19 5.034126e-03 6.449902e-03 1.911120e-06 5.265327e-03
20 3.925584e-03 5.294636e-03 1.317036e-06 4.132137e-03
21 5.614717e-03 6.833699e-03 7.722748e-07 5.809986e-03
22 4.746954e-03 5.388194e-03 5.500020e-07 4.826031e-03
23 6.325441e-03 8.260970e-03 4.368304e-07 6.565700e-03
24 4.565186e-03 6.102361e-03 3.903036e-07 4.669238e-03
25 6.124835e-03 7.830956e-03 3.304748e-07 6.317432e-03
26 4.819853e-03 6.102970e-03 3.146288e-07 4.956560e-03
27 4.322971e-03 6.359986e-03 2.793002e-07 4.424162e-03
28 2.972713e-03 5.836016e-03 2.411653e-07 3.139036e-03
29 1.966991e-03 3.612382e-03 2.336696e-07 2.081278e-03
30 2.075967e-03 4.408826e-03 2.222707e-07 2.256395e-03
31 2.121499e-03 4.283785e-03 2.213845e-07 2.325477e-03
32 2.215447e-03 4.428559e-03 2.191032e-07 2.403918e-03
33 2.141103e-03 4.553483e-03 2.162162e-07 2.369324e-03
34 2.030623e-03 3.899598e-03 2.152532e-07 2.180570e-03
35 2.051683e-03 3.943467e-03 2.139238e-07 2.219064e-03
36 1.958053e-03 3.500274e-03 2.129368e-07 2.098020e-03
37 1.760429e-03 2.972875e-03 2.125102e-07 1.900141e-03
38 1.760166e-03 2.891236e-03 2.117451e-07 1.895010e-03
39 1.361490e-03 1.987878e-03 2.115316e-07 1.481614e-03
40 1.418329e-03 1.925271e-03 2.111117e-07 1.522613e-03
41 1.717212e-03 2.423232e-03 2.109825e-07 1.899751e-03
42 1.271806e-03 1.836439e-03 2.108286e-07 1.390536e-03
43 1.312442e-03 1.823671e-03 2.105755e-07 1.439086e-03
44 1.106832e-03 2.166662e-03 2.104685e-07 1.301299e-03
45 1.077095e-03 1.850100e-03 2.103023e-07 1.220924e-03
46 1.011158e-03 2.342401e-03 2.102269e-07 1.216101e-03
47 9.559465e-04 2.281776e-03 2.101166e-07 1.153420e-03
48 7.475320e-04 1.905595e-03 2.100642e-07 9.236462e-04
49 7.067522e-04 1.867474e-03 2.099887e-07 8.784273e-04
50 5.921849e-04 1.536985e-03 2.099352e-07 7.356685e-04
1 1.781316e-03 2.334939e-03 2.022393e-07 2.010578e-03
2 1.957127e-03 3.965172e-03 2.015442e-07 2.306626e-03
3 1.638112e-03 3.251474e-03 2.009477e-07 1.901268e-03
4 1.626222e-03 3.170153e-03 2.001452e-07 1.868124e-03
5 1.349839e-03 2.271641e-03 1.998765e-07 1.573976e-03
6 1.144363e-03 2.488595e-03 1.994699e-07 1.349754e-03
7 1.165112e-03 2.006856e-03 1.992799e-07 1.344043e-03
8 1.040334e-03 2.291544e-03 1.989785e-07 1.230489e-03
9 9.887526e-04 1.851052e-03 1.988420e-07 1.139543e-03
10 8.821295e-04 2.125589e-03 1.986736e-07 1.065143e-03
11 7.829643e-04 1.740143e-03 1.985330e-07 9.238523e-04
12 6.880649e-04 1.558285e-03 1.984824e-07 8.171396e-04
13 6.313177e-04 1.644625e-03 1.984083e-07 7.825225e-04
1 1.346957e-03 2.362018e-03 1.966562e-07 1.530881e-03
2 1.925197e-03 3.189246e-03 1.964586e-07 2.324138e-03
3 1.640527e-03 2.674804e-03 1.963328e-07 1.948457e-03
4 1.999512e-03 2.924230e-03 1.962464e-07 2.318794e-03
5 1.480009e-03 2.246432e-03 1.961077e-07 1.730144e-03
6 1.204406e-03 1.824942e-03 1.960010e-07 1.380704e-03
7 9.727987e-04 1.491703e-03 1.959302e-07 1.112719e-03
8 7.742423e-04 1.250412e-03 1.958822e-07 8.749974e-04
9 6.161747e-04 1.048586e-03 1.958495e-07 6.930401e-04
10 5.128574e-04 9.233184e-04 1.958255e-07 5.800501e-04
1 6.629817e-04 9.726940e-04 1.957075e-07 7.280135e-04
2 8.661837e-04 1.504799e-03 1.956658e-07 1.043070e-03
3 9.392069e-04 2.435078e-03 1.956069e-07 1.256456e-03
4 1.239558e-03 2.722824e-03 1.955611e-07 1.590466e-03
5 1.534136e-03 2.543298e-03 1.955151e-07 1.781228e-03
6 1.077771e-03 1.939215e-03 1.954285e-07 1.291968e-03
7 6.952945e-04 1.287470e-03 1.953877e-07 8.368949e-04
8 4.440736e-04 9.193715e-04 1.953641e-07 5.451391e-04
9 4.501441e-04 9.155136e-04 1.953420e-07 5.363302e-04
1 2.739641e-04 4.436516e-04 1.952831e-07 3.287116e-04
2 8.613116e-04 1.482297e-03 1.952163e-07 1.009235e-03
3 1.014472e-03 1.763997e-03 1.951877e-07 1.188553e-03
4 7.075612e-04 1.235073e-03 1.951425e-07 8.326826e-04
5 1.754507e-03 2.693147e-03 1.949847e-07 1.988600e-03
6 1.923250e-03 2.903549e-03 1.949479e-07 2.135236e-03
7 1.362675e-03 2.375424e-03 1.948440e-07 1.576952e-03
8 1.434547e-03 3.266763e-03 1.947179e-07 1.790262e-03
9 1.134638e-03 2.228625e-03 1.946163e-07 1.335247e-03
10 9.120883e-04 1.869182e-03 1.945593e-07 1.101661e-03
11 6.124440e-04 1.378790e-03 1.945123e-07 7.496943e-04
12 4.030977e-04 9.965753e-04 1.944890e-07 5.088319e-04
13 2.929765e-04 7.690779e-04 1.944754e-07 3.822622e-04
1 7.324389e-04 1.294350e-03 1.943542e-07 9.479208e-04
2 7.542888e-04 1.206479e-03 1.943357e-07 9.191465e-04
3 5.762548e-04 9.798561e-04 1.943221e-07 7.070197e-04
1 5.090868e-04 1.085304e-03 1.942910e-07 6.930269e-04
2 4.203439e-04 8.888257e-04 1.942761e-07 5.424281e-04
3 6.252820e-04 1.127937e-03 1.942543e-07 7.666744e-04
1 3.507454e-04 7.305424e-04 1.942400e-07 4.631934e-04
2 3.159710e-04 5.928741e-04 1.942123e-07 3.885812e-04
3 5.473648e-04 9.232112e-04 1.941732e-07 6.812127e-04
1 2.820019e-04 5.512824e-04 1.941191e-07 3.568703e-04
2 5.275836e-04 9.809838e-04 1.940686e-07 6.308857e-04
3 1.002574e-03 1.665267e-03 1.940455e-07 1.119771e-03
4 7.251349e-04 1.307217e-03 1.939915e-07 8.336835e-04
5 4.320523e-04 8.038544e-04 1.939608e-07 5.228885e-04
6 7.492206e-04 1.112927e-03 1.939081e-07 8.376753e-04
1 3.113820e-04 5.361813e-04 1.938293e-07 3.994074e-04
2 8.969055e-04 1.358401e-03 1.937695e-07 9.985409e-04
3 1.546318e-03 2.457589e-03 1.937388e-07 1.816106e-03
4 9.825492e-04 1.657497e-03 1.936624e-07 1.158287e-03
5 1.192081e-03 1.931601e-03 1.935812e-07 1.403918e-03
6 6.763838e-04 1.111436e-03 1.935439e-07 7.990842e-04
7 5.515166e-04 8.769916e-04 1.935194e-07 6.367145e-04
8 4.349069e-04 6.816591e-04 1.935018e-07 5.029895e-04
1 4.020702e-04 8.344393e-04 1.934789e-07 5.329795e-04
2 6.081693e-04 8.519519e-04 1.934611e-07 6.905068e-04
3 4.927579e-04 7.663368e-04 1.934474e-07 5.774754e-04
1 3.014158e-04 5.943061e-04 1.934400e-07 3.734670e-04
2 3.311791e-04 5.623675e-04 1.934337e-07 3.880634e-04
3 3.006051e-04 4.540011e-04 1.934276e-07 3.519656e-04
1 2.220156e-04 4.036255e-04 1.934235e-07 2.654278e-04
2 3.121524e-04 5.560351e-04 1.934115e-07 3.546948e-04
3 8.188357e-04 1.922119e-03 1.933952e-07 9.642020e-04
1 1.781324e-04 2.985895e-04 1.934106e-07 2.062625e-04
2 5.099672e-04 9.649396e-04 1.933886e-07 5.961306e-04
3 6.841474e-04 1.267814e-03 1.933642e-07 8.083300e-04
1 2.152157e-04 3.446118e-04 1.933646e-07 2.543420e-04
2 5.566732e-04 1.194621e-03 1.933498e-07 6.962241e-04
3 4.741943e-04 9.168489e-04 1.933376e-07 5.661064e-04
1 3.039256e-03 1.220123e-02 1.838804e-07 4.086438e-03
2 1.927671e-03 4.894246e-03 1.768178e-07 2.360012e-03
3 2.147418e-03 7.856770e-03 1.736797e-07 3.053687e-03
4 1.774619e-03 4.259276e-03 1.686974e-07 2.302272e-03
5 3.214252e-03 9.501278e-03 1.663123e-07 4.339488e-03
6 2.156997e-03 5.172726e-03 1.629116e-07 2.786407e-03
7 2.345910e-03 5.710316e-03 1.620182e-07 3.019701e-03
8 2.363640e-03 5.991718e-03 1.595545e-07 3.046660e-03
9 2.136262e-03 4.449305e-03 1.580515e-07 2.517473e-03
10 2.101071e-03 4.769419e-03 1.554612e-07 2.619709e-03
11 2.211749e-03 4.743386e-03 1.545466e-07 2.682564e-03
12 2.283506e-03 5.023171e-03 1.528760e-07 2.817089e-03
13 2.155361e-03 3.887635e-03 1.523214e-07 2.536013e-03
14 2.769543e-03 3.995304e-03 1.504702e-07 3.122336e-03
15 1.976633e-03 3.775485e-03 1.495924e-07 2.287504e-03
16 2.510658e-03 4.949344e-03 1.489930e-07 2.931571e-03
17 2.937634e-03 5.136600e-03 1.473688e-07 3.325277e-03
18 2.155692e-03 4.501536e-03 1.456609e-07 2.497723e-03
19 2.686826e-03 6.988219e-03 1.452407e-07 3.301592e-03
20 2.429670e-03 6.401064e-03 1.443085e-07 3.078540e-03
21 2.001266e-03 3.462893e-03 1.437215e-07 2.155669e-03
22 2.292667e-03 3.776901e-03 1.423425e-07 2.455233e-03
23 3.449519e-03 5.634552e-03 1.414250e-07 3.798657e-03
24 2.169572e-03 4.491277e-03 1.405853e-07 2.341871e-03
25 1.947863e-03 3.305538e-03 1.399524e-07 2.166270e-03
26 2.494882e-03 4.872753e-03 1.394200e-07 2.663735e-03
27 2.876953e-03 5.495393e-03 1.390761e-07 3.075251e-03
28 2.920306e-03 5.768752e-03 1.382426e-07 3.138523e-03
29 1.986439e-03 3.882556e-03 1.376254e-07 2.143113e-03
30 2.354504e-03 4.578901e-03 1.371063e-07 2.561963e-03
31 1.996152e-03 4.073214e-03 1.366540e-07 2.145818e-03
32 2.138646e-03 4.388068e-03 1.361987e-07 2.315346e-03
33 2.030063e-03 4.356219e-03 1.358847e-07 2.259110e-03
34 1.758033e-03 3.417918e-03 1.355298e-07 1.906144e-03
35 2.366382e-03 4.832230e-03 1.350703e-07 2.535116e-03
36 2.556489e-03 5.178322e-03 1.346150e-07 2.740821e-03
37 2.431081e-03 4.829099e-03 1.341958e-07 2.569014e-03
38 2.512332e-03 4.792982e-03 1.338050e-07 2.700280e-03
39 2.188937e-03 4.161391e-03 1.334750e-07 2.290277e-03
40 2.259886e-03 4.182048e-03 1.331700e-07 2.360100e-03
41 1.941067e-03 3.693019e-03 1.329294e-07 2.047910e-03
42 1.718953e-03 3.305665e-03 1.327368e-07 1.825812e-03
43 1.733172e-03 3.144597e-03 1.325455e-07 1.826635e-03
44 1.825569e-03 3.373339e-03 1.323341e-07 1.943322e-03
45 1.650365e-03 2.921942e-03 1.321524e-07 1.737709e-03
46 1.791792e-03 3.142255e-03 1.320248e-07 1.867570e-03
47 1.511223e-03 2.716421e-03 1.318836e-07 1.576077e-03
48 1.431127e-03 2.590554e-03 1.317622e-07 1.509867e-03
49 1.180257e-03 2.106204e-03 1.316668e-07 1.251523e-03
50 1.206445e-03 2.247956e-03 1.315717e-07 1.272155e-03
51 1.139397e-03 2.122619e-03 1.314890e-07 1.198372e-03
52 9.391960e-04 1.799016e-03 1.314277e-07 9.943140e-04
53 8.308029e-04 1.626556e-03 1.313761e-07 8.957228e-04
54 8.640124e-04 1.556106e-03 1.313248e-07 9.427395e-04
1 2.194073e-03 3.391384e-03 1.293316e-07 2.501896e-03
2 3.143638e-03 5.299221e-03 1.287434e-07 3.238646e-03
3 3.294833e-03 5.066624e-03 1.282033e-07 3.377364e-03
4 3.362879e-03 5.276784e-03 1.276858e-07 3.427688e-03
5 3.282349e-03 4.916351e-03 1.272245e-07 3.366100e-03
6 2.408397e-03 3.748797e-03 1.268702e-07 2.485613e-03
7 2.559229e-03 3.963398e-03 1.265326e-07 2.635345e-03
8 2.587901e-03 3.982262e-03 1.262272e-07 2.643640e-03
9 2.539511e-03 3.868549e-03 1.259200e-07 2.601672e-03
10 1.933816e-03 2.577236e-03 1.257045e-07 1.981519e-03
11 1.903991e-03 2.692836e-03 1.255101e-07 1.944089e-03
12 1.702668e-03 2.387936e-03 1.253414e-07 1.746784e-03
13 1.378635e-03 1.744614e-03 1.252196e-07 1.424472e-03
14 1.267807e-03 1.580901e-03 1.251152e-07 1.314483e-03
15 1.317817e-03 1.706155e-03 1.250093e-07 1.358497e-03
16 1.078353e-03 1.221979e-03 1.249295e-07 1.126238e-03
17 1.075257e-03 1.324537e-03 1.248516e-07 1.126486e-03
18 1.040528e-03 1.438843e-03 1.247778e-07 1.098541e-03
19 8.637753e-04 1.297700e-03 1.247222e-07 9.264101e-04
20 7.277695e-04 1.092583e-03 1.246790e-07 7.924980e-04
21 6.366570e-04 9.981723e-04 1.246441e-07 7.092060e-04
1 1.936513e-03 5.445961e-03 1.238968e-07 2.499878e-03
2 7.515461e-04 1.507997e-03 1.238271e-07 8.239561e-04
3 9.675324e-04 1.512256e-03 1.237679e-07 1.036767e-03
4 9.058732e-04 1.434527e-03 1.237131e-07 1.006637e-03
5 7.962638e-04 1.301888e-03 1.236632e-07 8.970460e-04
6 6.935661e-04 1.108113e-03 1.236200e-07 7.959185e-04
7 6.177282e-04 1.054303e-03 1.235818e-07 7.243001e-04
1 1.111519e-03 1.876905e-03 1.230821e-07 1.230684e-03
2 6.090740e-04 1.033444e-03 1.230601e-07 6.784485e-04
3 5.862821e-04 1.015602e-03 1.230378e-07 6.650600e-04
4 5.218733e-04 9.265116e-04 1.230176e-07 6.024423e-04
1 1.103058e-03 1.345381e-03 1.229974e-07 1.154321e-03
2 5.370602e-04 8.683993e-04 1.229794e-07 5.975288e-04
3 4.966546e-04 7.784657e-04 1.229620e-07 5.621467e-04
4 4.568732e-04 7.154058e-04 1.229453e-07 5.267209e-04
1 1.106602e-03 1.272987e-03 1.229419e-07 1.140724e-03
2 4.995887e-04 8.347862e-04 1.229248e-07 5.674831e-04
3 4.489860e-04 6.865746e-04 1.229092e-07 5.112646e-04
4 4.079039e-04 6.811455e-04 1.228946e-07 4.668423e-04
1 1.108119e-03 1.297140e-03 1.228951e-07 1.136947e-03
2 4.729438e-04 7.993915e-04 1.228787e-07 5.426312e-04
3 4.214073e-04 7.084535e-04 1.228640e-07 4.917009e-04
4 3.956903e-04 6.679146e-04 1.228498e-07 4.608486e-04
1 1.105010e-03 1.253344e-03 1.228383e-07 1.127773e-03
2 4.402174e-04 7.145764e-04 1.228239e-07 4.992334e-04
3 4.146593e-04 6.758253e-04 1.228099e-07 4.748582e-04
4 3.907615e-04 6.341817e-04 1.227967e-07 4.505628e-04
1 1.105501e-03 1.214185e-03 1.227983e-07 1.126354e-03
2 4.322600e-04 6.885427e-04 1.227848e-07 4.879109e-04
3 3.838568e-04 6.676958e-04 1.227725e-07 4.345919e-04
4 3.794639e-04 6.439319e-04 1.227599e-07 4.392807e-04
1 1.110303e-03 1.259791e-03 1.227679e-07 1.131909e-03
2 4.343216e-04 7.046589e-04 1.227536e-07 4.993559e-04
3 3.902740e-04 6.217733e-04 1.227407e-07 4.546762e-04
4 3.670785e-04 6.131298e-04 1.227281e-07 4.295760e-04
1 1.103970e-03 1.198634e-03 1.227178e-07 1.122100e-03
2 4.080982e-04 6.540485e-04 1.227051e-07 4.652729e-04
3 3.806748e-04 6.185474e-04 1.226931e-07 4.374581e-04
4 3.542167e-04 5.969339e-04 1.226820e-07 4.096247e-04
1 1.105108e-03 1.178430e-03 1.226814e-07 1.122267e-03
2 3.934905e-04 6.503363e-04 1.226701e-07 4.447619e-04
3 3.469531e-04 6.120803e-04 1.226599e-07 3.931407e-04
4 3.372654e-04 5.793040e-04 1.226497e-07 3.876234e-04
1 1.108309e-03 1.201081e-03 1.226606e-07 1.125649e-03
2 3.950487e-04 6.172841e-04 1.226486e-07 4.505858e-04
3 3.785061e-04 6.137936e-04 1.226368e-07 4.413068e-04
4 3.387143e-04 5.362913e-04 1.226261e-07 3.975316e-04
1 1.106069e-03 1.177779e-03 1.226148e-07 1.120548e-03
2 3.794998e-04 6.180539e-04 1.226037e-07 4.331815e-04
3 3.606286e-04 5.810045e-04 1.225933e-07 4.120322e-04
4 3.433477e-04 5.615149e-04 1.225832e-07 3.948851e-04
1 1.105653e-03 1.154731e-03 1.225878e-07 1.120083e-03
2 3.685538e-04 5.982940e-04 1.225774e-07 4.181502e-04
3 3.703647e-04 5.800684e-04 1.225670e-07 4.191684e-04
4 3.448773e-04 5.947805e-04 1.225573e-07 3.891564e-04
1 1.106105e-03 1.145897e-03 1.225595e-07 1.119753e-03
2 3.934062e-04 6.294417e-04 1.225485e-07 4.390642e-04
3 4.286814e-04 6.380643e-04 1.225364e-07 4.761394e-04
4 4.153498e-04 6.069246e-04 1.225245e-07 4.608889e-04
1 1.106433e-03 1.153983e-03 1.225136e-07 1.119929e-03
2 4.675668e-04 7.102967e-04 1.225003e-07 5.096983e-04
3 4.618700e-04 7.234862e-04 1.224873e-07 5.040883e-04
4 4.284206e-04 6.840828e-04 1.224754e-07 4.712217e-04
1 1.101212e-03 1.159600e-03 1.224613e-07 1.116168e-03
2 4.235639e-04 6.764659e-04 1.224504e-07 4.640793e-04
3 3.970813e-04 6.309616e-04 1.224407e-07 4.358292e-04
4 3.556087e-04 5.712396e-04 1.224324e-07 3.936303e-04
1 1.103504e-03 1.161135e-03 1.224358e-07 1.117377e-03
2 3.688180e-04 5.877980e-04 1.224275e-07 4.044063e-04
3 3.809685e-04 5.779708e-04 1.224188e-07 4.182090e-04
4 3.591503e-04 5.326745e-04 1.224105e-07 4.006118e-04
1 1.104338e-03 1.160031e-03 1.224096e-07 1.118310e-03
2 3.556734e-04 5.268056e-04 1.224017e-07 3.924551e-04
3 3.507394e-04 5.506684e-04 1.223940e-07 3.869612e-04
4 3.256610e-04 5.081458e-04 1.223868e-07 3.632034e-04
1 1.105168e-03 1.147019e-03 1.223828e-07 1.117253e-03
2 3.392516e-04 5.554876e-04 1.223757e-07 3.742635e-04
3 3.322709e-04 5.272496e-04 1.223689e-07 3.662486e-04
4 3.095972e-04 5.031065e-04 1.223626e-07 3.442247e-04
1 1.105822e-03 1.131832e-03 1.223656e-07 1.117380e-03
2 3.255148e-04 5.537980e-04 1.223593e-07 3.574205e-04
3 2.985835e-04 5.179707e-04 1.223538e-07 3.277821e-04
4 2.699016e-04 4.885335e-04 1.223488e-07 2.998362e-04
1 1.108222e-03 1.135665e-03 1.223544e-07 1.119932e-03
2 2.934162e-04 5.286810e-04 1.223491e-07 3.245198e-04
3 2.805903e-04 4.742146e-04 1.223441e-07 3.122628e-04
4 2.484562e-04 4.221944e-04 1.223396e-07 2.807552e-04
1 1.106060e-03 1.138326e-03 1.223342e-07 1.117585e-03
2 2.626464e-04 4.594450e-04 1.223300e-07 2.898214e-04
3 2.438436e-04 4.494341e-04 1.223260e-07 2.714022e-04
4 2.234241e-04 4.135736e-04 1.223222e-07 2.510552e-04
1 1.105749e-03 1.122012e-03 1.223194e-07 1.116438e-03
2 2.543328e-04 4.599142e-04 1.223156e-07 2.783889e-04
3 2.285991e-04 4.185700e-04 1.223121e-07 2.529948e-04
4 2.094648e-04 3.876359e-04 1.223087e-07 2.339115e-04
