1.000077e+00 1.000009e+00
1.000068e+00 1.000008e+00
1.000067e+00 1.000006e+00
1.000065e+00 1.000007e+00
1.000067e+00 1.000009e+00
1.000068e+00 1.000010e+00
1.000068e+00 1.000013e+00
1.000067e+00 1.000016e+00
1.000065e+00 1.000018e+00
1.000072e+00 1.000025e+00
1.000212e+00 1.000057e+00
1.000071e+00 1.000026e+00
1.000068e+00 1.000028e+00
1.000067e+00 1.000027e+00
1.000066e+00 1.000025e+00
1.000067e+00 1.000023e+00
1.000065e+00 1.000025e+00
1.000066e+00 1.000025e+00
1.000069e+00 1.000028e+00
1.000067e+00 1.000022e+00
1.000069e+00 1.000021e+00
1.000068e+00 1.000022e+00
1.000067e+00 1.000022e+00
1.000067e+00 1.000022e+00
1.000066e+00 1.000022e+00
1.000075e+00 1.000006e+00
1.000073e+00 1.000003e+00
1.000073e+00 1.000003e+00
1.000071e+00 1.000003e+00
1.000071e+00 1.000003e+00
1.000070e+00 1.000003e+00
1.000070e+00 1.000003e+00
1.000070e+00 1.000003e+00
1.000070e+00 1.000003e+00
1.000070e+00 1.000002e+00
1.000069e+00 1.000002e+00
1.000069e+00 1.000002e+00
1.000069e+00 1.000002e+00
1.000069e+00 1.000002e+00
1.000069e+00 1.000002e+00
1.000069e+00 1.000002e+00
1.000068e+00 1.000001e+00
1.000068e+00 1.000001e+00
1.000068e+00 1.000001e+00
1.000068e+00 1.000001e+00
1.000068e+00 1.000001e+00
1.000068e+00 1.000001e+00
1.000068e+00 1.000001e+00
1.000068e+00 1.000001e+00
1.000068e+00 1.000001e+00
