13 95
9 53
7 104
9 106
8 60
7 59
7 105
8 88
8 62
8 119
8 115
8 81
8 99
9 146
9 96
9 167
7 157
9 145
9 112
9 162
10 143
9 123
8 124
7 158
10 142
9 118
9 159
9 147
7 118
7 123
9 153
9 141
9 123
9 149
9 147
7 114
9 121
9 149
9 115
9 129
7 157
8 150
9 119
9 129
9 143
9 123
7 122
7 141
9 150
9 116
9 147
9 150
8 135
7 119
9 162
9 147
9 122
9 157
8 147
8 145
9 126
9 152
9 138
9 124
7 134
7 155
9 135
9 124
9 148
9 137
7 121
7 132
9 147
9 134
9 138
9 147
8 148
7 134
9 138
9 139
9 129
9 139
7 154
8 144
9 134
9 150
9 142
9 139
7 138
7 150
9 147
9 140
9 155
9 147
7 129
7 141
9 150
9 143
9 141
9 138
8 140
7 142
9 146
9 138
9 139
8 143
8 149
8 148
9 139
9 148
9 152
9 144
7 151
8 143
9 143
8 148
9 143
9 139
7 153
7 150
9 152
9 145
9 150
9 150
7 146
7 158
9 147
9 155
9 157
9 160
7 149
7 164
9 155
9 154
9 169
11 167
7 153
8 156
9 158
9 152
26 164
9 163
7 156
7 155
9 159
8 161
86 162
23 153
7 158
7 167
8 158
27 159
8 160
45 158
7 167
7 161
26 157
43 164
58 161
32 166
7 161
34 160
40 166
29 164
32 161
26 160
28 166
25 168
28 171
38 165
36 166
31 164
21 169
25 164
25 167
10 177
31 174
33 175
36 167
14 178
21 175
36 177
37 167
30 182
14 179
18 167
25 179
23 173
20 192
36 182
7 185
8 189
38 185
16 179
16 196
20 179
7 191
7 205
9 180
8 190
9 197
9 176
7 192
7 223
9 174
8 202
9 188
10 179
7 188
4 196
26 176
32 190
56 179
7 183
4 191
4 190
8 181
7 188
45 181
20 172
4 182
4 186
8 185
7 181
8 189
9 195
4 196
4 200
17 198
27 213
4 237
8 274
4 273
4 298
7 341
8 370
4 371
8 402
4 413
4 409
4 408
17 396
7 378
9 373
4 373
4 372
10 396
10 405
4 401
10 390
4 387
4 385
11 376
10 387
4 384
4 383
10 389
4 387
4 387
11 375
10 392
4 389
4 390
9 396
4 396
4 394
10 382
11 397
4 398
4 398
10 399
10 397
4 398
4 401
10 382
4 377
4 373
11 396
12 409
4 410
4 412
4 406
4 410
4 408
12 393
4 393
4 392
4 386
4 385
16 413
4 417
4 418
4 417
4 415
4 415
10 408
4 408
4 402
4 395
4 393
4 394
23 437
4 437
4 438
4 439
4 438
4 437
8 420
4 418
7 420
22 449
4 445
4 446
4 441
4 438
4 437
4 428
4 436
24 451
10 442
4 441
5 434
4 438
4 438
4 443
22 456
8 445
4 446
4 443
4 447
4 443
4 447
25 442
12 439
4 439
4 441
4 445
4 442
4 437
4 443
24 445
11 434
4 436
4 434
4 435
22 432
4 433
8 433
4 429
4 432
4 443
4 444
23 434
4 433
5 433
4 435
4 433
4 437
4 434
4 435
25 438
9 446
4 447
4 439
4 442
21 431
4 434
14 436
4 435
4 434
4 434
4 433
24 432
15 422
18 409
12 414
4 417
4 416
4 415
4 419
4 421
4 416
4 420
19 418
4 417
4 418
11 428
4 422
4 419
4 417
4 415
4 416
16 411
14 426
4 424
4 423
4 420
4 419
27 405
11 412
4 405
4 401
4 399
4 404
4 399
21 399
4 405
4 409
4 403
4 405
4 403
20 393
11 419
4 416
4 413
4 410
4 405
4 408
16 388
4 395
4 397
4 396
13 402
4 402
17 389
12 391
4 386
4 389
4 389
4 388
4 390
4 395
8 414
4 413
22 423
9 442
4 439
4 441
4 440
21 401
16 403
4 397
4 395
15 389
11 405
4 412
4 410
7 411
4 414
4 420
4 421
15 387
13 413
4 415
4 414
4 411
4 414
4 415
4 415
4 424
17 412
4 414
4 411
11 444
4 448
4 442
4 444
20 421
4 430
4 426
13 450
4 453
4 451
4 454
4 455
21 431
4 426
12 447
4 447
4 444
