1.000418e+00 1.000274e+00
1.000721e+00 1.000432e+00
1.000890e+00 1.000376e+00
1.000475e+00 1.000202e+00
1.000559e+00 1.000243e+00
1.000563e+00 1.000255e+00
1.000842e+00 1.000383e+00
1.000484e+00 1.000226e+00
1.000531e+00 1.000286e+00
1.000788e+00 1.000449e+00
1.000286e+00 1.000165e+00
1.000379e+00 1.000220e+00
1.000382e+00 1.000214e+00
1.000269e+00 1.000146e+00
1.000207e+00 1.000113e+00
1.000266e+00 1.000148e+00
1.000270e+00 1.000152e+00
1.000135e+00 1.000073e+00
1.000196e+00 1.000104e+00
1.000240e+00 1.000132e+00
1.000162e+00 1.000086e+00
1.000194e+00 1.000102e+00
1.000200e+00 1.000112e+00
1.000237e+00 1.000131e+00
1.000167e+00 1.000086e+00
1.000201e+00 1.000105e+00
1.000251e+00 1.000134e+00
1.000173e+00 1.000090e+00
1.000212e+00 1.000114e+00
1.000214e+00 1.000115e+00
1.000259e+00 1.000137e+00
1.000181e+00 1.000094e+00
1.000210e+00 1.000111e+00
1.000251e+00 1.000136e+00
1.000139e+00 1.000075e+00
1.000189e+00 1.000103e+00
1.000207e+00 1.000110e+00
1.000235e+00 1.000128e+00
1.000171e+00 1.000091e+00
1.000205e+00 1.000110e+00
1.000247e+00 1.000138e+00
1.000206e+00 1.000113e+00
1.000175e+00 1.000092e+00
1.000211e+00 1.000113e+00
1.000209e+00 1.000112e+00
1.000168e+00 1.000089e+00
1.000211e+00 1.000117e+00
1.000226e+00 1.000125e+00
1.000192e+00 1.000102e+00
1.000172e+00 1.000093e+00
1.000228e+00 1.000124e+00
1.000179e+00 1.000095e+00
1.000178e+00 1.000100e+00
1.000216e+00 1.000121e+00
1.000244e+00 1.000133e+00
1.000178e+00 1.000095e+00
1.000201e+00 1.000110e+00
1.000249e+00 1.000138e+00
1.000207e+00 1.000118e+00
1.000158e+00 1.000087e+00
1.000211e+00 1.000115e+00
1.000255e+00 1.000143e+00
1.000180e+00 1.000098e+00
1.000218e+00 1.000120e+00
1.000237e+00 1.000136e+00
1.000252e+00 1.000144e+00
1.000188e+00 1.000102e+00
1.000228e+00 1.000126e+00
1.000254e+00 1.000145e+00
1.000191e+00 1.000105e+00
1.000231e+00 1.000133e+00
1.000239e+00 1.000137e+00
1.000245e+00 1.000137e+00
1.000196e+00 1.000109e+00
1.000238e+00 1.000133e+00
1.000228e+00 1.000128e+00
1.000185e+00 1.000106e+00
1.000224e+00 1.000129e+00
1.000243e+00 1.000136e+00
1.000209e+00 1.000117e+00
1.000212e+00 1.000119e+00
1.000242e+00 1.000137e+00
1.000249e+00 1.000145e+00
1.000185e+00 1.000105e+00
1.000215e+00 1.000120e+00
1.000245e+00 1.000141e+00
1.000198e+00 1.000111e+00
1.000225e+00 1.000127e+00
1.000246e+00 1.000144e+00
1.000252e+00 1.000148e+00
1.000211e+00 1.000118e+00
1.000240e+00 1.000136e+00
1.000259e+00 1.000152e+00
1.000214e+00 1.000120e+00
1.000245e+00 1.000145e+00
1.000256e+00 1.000150e+00
1.000253e+00 1.000147e+00
1.000226e+00 1.000129e+00
1.000259e+00 1.000151e+00
1.000234e+00 1.000134e+00
1.000214e+00 1.000128e+00
1.000244e+00 1.000144e+00
1.000262e+00 1.000153e+00
1.000232e+00 1.000133e+00
1.000241e+00 1.000139e+00
1.000278e+00 1.000162e+00
1.000227e+00 1.000134e+00
1.000207e+00 1.000122e+00
1.000250e+00 1.000145e+00
1.000259e+00 1.000154e+00
1.000224e+00 1.000129e+00
1.000259e+00 1.000152e+00
1.000256e+00 1.000152e+00
1.000235e+00 1.000141e+00
1.000240e+00 1.000138e+00
1.000271e+00 1.000158e+00
1.000234e+00 1.000136e+00
1.000241e+00 1.000140e+00
1.000265e+00 1.000161e+00
1.000276e+00 1.000166e+00
1.000230e+00 1.000133e+00
1.000255e+00 1.000150e+00
1.000248e+00 1.000149e+00
1.000237e+00 1.000139e+00
1.000274e+00 1.000167e+00
1.000261e+00 1.000157e+00
1.000231e+00 1.000135e+00
1.000246e+00 1.000146e+00
1.000259e+00 1.000155e+00
1.000245e+00 1.000145e+00
1.000267e+00 1.000162e+00
1.000262e+00 1.000158e+00
1.000248e+00 1.000147e+00
1.000258e+00 1.000156e+00
1.000275e+00 1.000165e+00
1.000249e+00 1.000150e+00
1.000266e+00 1.000161e+00
1.000298e+00 1.000181e+00
1.000268e+00 1.000158e+00
1.000282e+00 1.000169e+00
1.000300e+00 1.000184e+00
1.000263e+00 1.000154e+00
1.000286e+00 1.000173e+00
1.000305e+00 1.000184e+00
1.000270e+00 1.000161e+00
1.000276e+00 1.000161e+00
1.000290e+00 1.000177e+00
1.000270e+00 1.000160e+00
1.000320e+00 1.000194e+00
1.000321e+00 1.000194e+00
1.000287e+00 1.000168e+00
1.000304e+00 1.000186e+00
1.000308e+00 1.000181e+00
1.000302e+00 1.000184e+00
1.000326e+00 1.000196e+00
1.000329e+00 1.000197e+00
1.000295e+00 1.000179e+00
1.000328e+00 1.000198e+00
1.000286e+00 1.000173e+00
1.000331e+00 1.000200e+00
1.000350e+00 1.000209e+00
1.000311e+00 1.000188e+00
1.000335e+00 1.000202e+00
1.000334e+00 1.000201e+00
1.000338e+00 1.000204e+00
1.000353e+00 1.000212e+00
1.000300e+00 1.000181e+00
1.000337e+00 1.000203e+00
1.000378e+00 1.000227e+00
1.000349e+00 1.000210e+00
1.000372e+00 1.000224e+00
1.000337e+00 1.000202e+00
1.000370e+00 1.000223e+00
1.000387e+00 1.000232e+00
1.000343e+00 1.000206e+00
1.000386e+00 1.000232e+00
1.000329e+00 1.000198e+00
1.000387e+00 1.000233e+00
1.000355e+00 1.000215e+00
1.000360e+00 1.000217e+00
1.000399e+00 1.000239e+00
1.000366e+00 1.000221e+00
1.000390e+00 1.000235e+00
1.000384e+00 1.000231e+00
1.000425e+00 1.000256e+00
1.000415e+00 1.000251e+00
1.000387e+00 1.000233e+00
1.000413e+00 1.000249e+00
1.000405e+00 1.000244e+00
1.000402e+00 1.000244e+00
1.000429e+00 1.000261e+00
1.000450e+00 1.000273e+00
1.000385e+00 1.000233e+00
1.000462e+00 1.000279e+00
1.000412e+00 1.000250e+00
1.000427e+00 1.000260e+00
1.000441e+00 1.000269e+00
1.000477e+00 1.000290e+00
1.000409e+00 1.000249e+00
1.000505e+00 1.000307e+00
1.000441e+00 1.000269e+00
1.000462e+00 1.000281e+00
1.000498e+00 1.000304e+00
1.000548e+00 1.000334e+00
1.000452e+00 1.000275e+00
1.000581e+00 1.000354e+00
1.000497e+00 1.000303e+00
1.000439e+00 1.000269e+00
1.000543e+00 1.000333e+00
1.000871e+00 1.000524e+00
1.000450e+00 1.000276e+00
1.000845e+00 1.000512e+00
1.000489e+00 1.000299e+00
1.000956e+00 1.000579e+00
1.001403e+00 1.000851e+00
1.001618e+00 1.000979e+00
1.001222e+00 1.000742e+00
1.001379e+00 1.000838e+00
1.001119e+00 1.000682e+00
1.001404e+00 1.000857e+00
1.001820e+00 1.001113e+00
1.002023e+00 1.001238e+00
1.001796e+00 1.001099e+00
1.001790e+00 1.001099e+00
1.001871e+00 1.001150e+00
1.001694e+00 1.001045e+00
1.002175e+00 1.001344e+00
1.002511e+00 1.001553e+00
1.002048e+00 1.001268e+00
1.001736e+00 1.001081e+00
1.002885e+00 1.001791e+00
1.002322e+00 1.001453e+00
1.002801e+00 1.001758e+00
1.003138e+00 1.001968e+00
1.002922e+00 1.001840e+00
1.002788e+00 1.001765e+00
1.004151e+00 1.002596e+00
1.003696e+00 1.002338e+00
1.004344e+00 1.002753e+00
1.005046e+00 1.003162e+00
1.006234e+00 1.003913e+00
1.001608e+00 1.000499e+00
1.001474e+00 1.000823e+00
1.001546e+00 1.000681e+00
1.001795e+00 1.001130e+00
1.002361e+00 1.001410e+00
1.002223e+00 1.000884e+00
1.002306e+00 1.001103e+00
1.003047e+00 1.001380e+00
1.002641e+00 1.001103e+00
1.002680e+00 1.001677e+00
1.003208e+00 1.001900e+00
1.002894e+00 1.001175e+00
1.002658e+00 1.001015e+00
1.003337e+00 1.001520e+00
1.004646e+00 1.002451e+00
1.003639e+00 1.001347e+00
1.003524e+00 1.002067e+00
1.004433e+00 1.002660e+00
1.003842e+00 1.001451e+00
1.003480e+00 1.001847e+00
1.004096e+00 1.002156e+00
1.004569e+00 1.002746e+00
1.004135e+00 1.001655e+00
1.004674e+00 1.002890e+00
1.006090e+00 1.003551e+00
1.005040e+00 1.001937e+00
1.004385e+00 1.002407e+00
1.004537e+00 1.002687e+00
1.004956e+00 1.002965e+00
1.004717e+00 1.001946e+00
1.004533e+00 1.001843e+00
1.005175e+00 1.003200e+00
1.006485e+00 1.003763e+00
1.005813e+00 1.002362e+00
1.005822e+00 1.003540e+00
1.007000e+00 1.003889e+00
1.006427e+00 1.002682e+00
1.005866e+00 1.002425e+00
1.006447e+00 1.003997e+00
1.007133e+00 1.004336e+00
1.007403e+00 1.003275e+00
1.008539e+00 1.003726e+00
1.009903e+00 1.005890e+00
1.009191e+00 1.003892e+00
1.010108e+00 1.006079e+00
1.010677e+00 1.006322e+00
1.011058e+00 1.004774e+00
1.012460e+00 1.007341e+00
1.010277e+00 1.004307e+00
1.010726e+00 1.006575e+00
1.011915e+00 1.007244e+00
1.012344e+00 1.005408e+00
1.012817e+00 1.005898e+00
1.014207e+00 1.007873e+00
1.013674e+00 1.006002e+00
1.014875e+00 1.009052e+00
1.016104e+00 1.006964e+00
1.016648e+00 1.009917e+00
1.017234e+00 1.009035e+00
1.018592e+00 1.007855e+00
1.014281e+00 1.006224e+00
1.014836e+00 1.009153e+00
1.015917e+00 1.009811e+00
1.016628e+00 1.010149e+00
1.016974e+00 1.007523e+00
1.018199e+00 1.008080e+00
1.018752e+00 1.008217e+00
1.020107e+00 1.012118e+00
1.020730e+00 1.009050e+00
1.015073e+00 1.006699e+00
1.015410e+00 1.009575e+00
1.016728e+00 1.007410e+00
1.017881e+00 1.007885e+00
1.019069e+00 1.008361e+00
1.020423e+00 1.011955e+00
1.020779e+00 1.009047e+00
1.021484e+00 1.012700e+00
1.017000e+00 1.007496e+00
1.016651e+00 1.010277e+00
1.017869e+00 1.010835e+00
1.019026e+00 1.008390e+00
1.019748e+00 1.011713e+00
1.020064e+00 1.008812e+00
1.021292e+00 1.012086e+00
1.016813e+00 1.007537e+00
1.016813e+00 1.010468e+00
1.018119e+00 1.011095e+00
1.018674e+00 1.010038e+00
1.019361e+00 1.011257e+00
1.020436e+00 1.009063e+00
1.021812e+00 1.013015e+00
1.017973e+00 1.008057e+00
1.016995e+00 1.010576e+00
1.017475e+00 1.010861e+00
1.018155e+00 1.010322e+00
1.019376e+00 1.008699e+00
1.020697e+00 1.010246e+00
1.021912e+00 1.009688e+00
1.023197e+00 1.010809e+00
1.018680e+00 1.008195e+00
1.016659e+00 1.010383e+00
1.017970e+00 1.010878e+00
1.019171e+00 1.008514e+00
1.020535e+00 1.011094e+00
1.015996e+00 1.007182e+00
1.016151e+00 1.009935e+00
1.015508e+00 1.007029e+00
1.016785e+00 1.010158e+00
1.017937e+00 1.008010e+00
1.019134e+00 1.008441e+00
1.020271e+00 1.008945e+00
1.014763e+00 1.006802e+00
1.014916e+00 1.009279e+00
1.015871e+00 1.007334e+00
1.017176e+00 1.010517e+00
1.018404e+00 1.008302e+00
1.019645e+00 1.008775e+00
1.020132e+00 1.009327e+00
1.020784e+00 1.012294e+00
1.015849e+00 1.007234e+00
1.015793e+00 1.009782e+00
1.017134e+00 1.010408e+00
1.018166e+00 1.008257e+00
1.018821e+00 1.011356e+00
1.015203e+00 1.007009e+00
1.016006e+00 1.009959e+00
1.014982e+00 1.006945e+00
1.016039e+00 1.009871e+00
1.017309e+00 1.009593e+00
1.017698e+00 1.008110e+00
1.018295e+00 1.010651e+00
1.014516e+00 1.006649e+00
1.013148e+00 1.008062e+00
1.010813e+00 1.004922e+00
1.009344e+00 1.005792e+00
1.009506e+00 1.005933e+00
1.009978e+00 1.006237e+00
1.011013e+00 1.005181e+00
1.012229e+00 1.007459e+00
1.013335e+00 1.006128e+00
1.014407e+00 1.006585e+00
1.015089e+00 1.008889e+00
1.011067e+00 1.005194e+00
1.011676e+00 1.007361e+00
1.012899e+00 1.008000e+00
1.012522e+00 1.005882e+00
1.013594e+00 1.008338e+00
1.014082e+00 1.007351e+00
1.014637e+00 1.007264e+00
1.015563e+00 1.007309e+00
1.016617e+00 1.010116e+00
1.014185e+00 1.006630e+00
1.012764e+00 1.007952e+00
1.013201e+00 1.008227e+00
1.013834e+00 1.008376e+00
1.014902e+00 1.006954e+00
1.016150e+00 1.009557e+00
1.012191e+00 1.005661e+00
1.011301e+00 1.006949e+00
1.011559e+00 1.007019e+00
1.011999e+00 1.007271e+00
1.012584e+00 1.006031e+00
1.013620e+00 1.008255e+00
1.014870e+00 1.008520e+00
1.010959e+00 1.005133e+00
1.011034e+00 1.006909e+00
1.011391e+00 1.007011e+00
1.012439e+00 1.005881e+00
1.013566e+00 1.006876e+00
1.014660e+00 1.006790e+00
1.011627e+00 1.005463e+00
1.010391e+00 1.006429e+00
1.010536e+00 1.006600e+00
1.011630e+00 1.005544e+00
1.012654e+00 1.006019e+00
1.013769e+00 1.007631e+00
1.014811e+00 1.006937e+00
1.011928e+00 1.005619e+00
1.011777e+00 1.007477e+00
1.012460e+00 1.007882e+00
1.013649e+00 1.008625e+00
1.012892e+00 1.006177e+00
1.013989e+00 1.008507e+00
1.012361e+00 1.005555e+00
1.010150e+00 1.006455e+00
1.010827e+00 1.006909e+00
1.011855e+00 1.007509e+00
1.013046e+00 1.008023e+00
1.013751e+00 1.006714e+00
1.014170e+00 1.008935e+00
1.014737e+00 1.008938e+00
1.015131e+00 1.007183e+00
1.016303e+00 1.009853e+00
1.011825e+00 1.005754e+00
1.011793e+00 1.007465e+00
1.012374e+00 1.007761e+00
1.012545e+00 1.006246e+00
1.013566e+00 1.007036e+00
1.011676e+00 1.005610e+00
1.009603e+00 1.004663e+00
1.010534e+00 1.006459e+00
1.011145e+00 1.006771e+00
1.008482e+00 1.003887e+00
1.007595e+00 1.004482e+00
1.007867e+00 1.004949e+00
1.008906e+00 1.005587e+00
1.009386e+00 1.004575e+00
1.009970e+00 1.006173e+00
1.010134e+00 1.005053e+00
1.011239e+00 1.007077e+00
1.009552e+00 1.004693e+00
1.008403e+00 1.005382e+00
1.009205e+00 1.005921e+00
1.009579e+00 1.005732e+00
1.010147e+00 1.006387e+00
1.010983e+00 1.005475e+00
1.012102e+00 1.007541e+00
1.012937e+00 1.006399e+00
1.014109e+00 1.008381e+00
1.010879e+00 1.005370e+00
1.010912e+00 1.007067e+00
1.011966e+00 1.007431e+00
1.011278e+00 1.005610e+00
1.012295e+00 1.007721e+00
1.013300e+00 1.006542e+00
1.013891e+00 1.008210e+00
1.010787e+00 1.005386e+00
1.011311e+00 1.007369e+00
1.012433e+00 1.007867e+00
1.011458e+00 1.005766e+00
1.012495e+00 1.007863e+00
1.012965e+00 1.006673e+00
1.013352e+00 1.006635e+00
1.014509e+00 1.008323e+00
1.011420e+00 1.005777e+00
1.012176e+00 1.007842e+00
1.011410e+00 1.005763e+00
1.011919e+00 1.007575e+00
1.012362e+00 1.006210e+00
