12 95
9 53
8 99
9 99
8 74
7 59
7 110
8 101
8 60
8 113
9 111
8 88
8 74
7 123
7 71
8 110
7 145
8 144
9 98
8 162
9 145
9 111
7 122
7 164
9 139
9 118
8 159
9 145
7 114
7 120
8 158
9 144
9 122
8 153
8 149
7 141
9 119
8 150
9 134
9 122
7 155
7 150
9 114
9 125
8 149
9 116
7 118
7 130
9 146
9 120
8 141
9 149
7 140
7 116
8 146
9 152
9 120
8 158
7 154
8 145
9 121
8 157
9 143
9 126
7 132
7 149
9 136
8 127
8 147
9 133
7 119
7 126
8 146
9 133
8 131
8 143
8 142
7 134
8 138
8 143
8 131
8 137
7 148
8 141
8 129
8 141
9 140
8 135
7 138
7 145
9 141
8 138
8 148
8 150
7 124
7 138
8 155
8 146
8 143
8 149
7 139
7 141
8 147
8 139
8 143
8 148
7 140
7 143
8 141
8 153
8 144
8 140
7 149
7 149
8 143
8 140
8 146
8 140
7 148
7 152
8 151
8 141
8 146
8 149
7 143
7 153
8 147
8 144
8 154
8 158
7 145
7 153
8 153
8 151
8 166
9 160
7 149
7 153
22 158
8 150
8 160
8 159
7 154
7 145
8 164
8 143
8 158
8 162
7 150
7 161
45 152
8 147
8 156
8 159
7 157
7 159
54 156
38 165
32 157
30 155
26 162
52 158
28 155
43 159
34 151
22 158
21 160
16 163
25 167
36 164
26 165
24 162
20 160
15 163
13 156
22 162
8 172
16 170
20 164
29 168
27 170
45 178
26 167
23 167
8 169
8 175
16 165
26 177
22 169
21 160
8 176
8 175
28 174
8 177
9 188
8 168
22 173
17 191
9 170
16 177
19 191
36 167
19 175
19 190
33 167
23 183
31 173
75 170
25 178
4 188
38 173
12 194
32 176
15 174
4 184
10 206
7 176
67 195
4 195
17 189
4 190
4 179
8 177
7 172
8 179
4 187
4 188
8 205
4 206
9 225
4 238
9 270
4 268
4 285
4 299
9 341
4 348
8 378
4 380
4 379
4 402
15 427
7 394
9 378
8 363
7 373
9 379
7 386
4 387
9 387
4 381
4 378
9 382
9 373
8 390
4 389
4 385
9 386
9 387
10 386
4 389
10 388
4 394
4 391
10 394
11 384
10 377
4 378
4 380
9 393
4 393
4 394
11 393
12 381
4 377
4 379
10 384
4 385
4 380
9 405
4 401
4 401
13 376
9 375
4 371
4 370
9 398
4 401
4 401
4 403
4 407
4 407
13 385
4 389
12 379
4 377
4 373
11 382
4 383
4 382
4 378
4 378
4 378
7 353
4 354
13 342
13 373
4 375
4 373
4 370
4 369
4 368
4 364
4 360
10 361
4 357
4 354
4 353
4 348
22 368
4 365
4 361
4 358
9 350
4 347
4 345
14 345
4 347
4 347
4 346
15 352
7 351
4 350
4 347
4 348
4 347
4 350
4 345
4 345
4 339
4 342
4 340
4 342
4 339
5 336
28 359
4 358
5 356
42 352
4 345
4 342
4 345
9 340
4 337
36 344
5 335
8 329
4 329
4 325
19 340
30 333
7 337
4 335
4 341
4 341
14 328
4 327
4 325
4 326
4 326
4 328
4 329
4 329
4 325
26 329
4 327
4 326
4 323
4 323
4 320
4 320
7 313
4 318
4 316
4 318
26 320
4 319
4 315
4 316
4 311
4 309
20 324
18 311
4 311
4 307
4 308
4 308
4 313
32 322
4 320
4 322
4 318
4 321
4 322
13 311
4 306
4 307
4 307
30 323
7 318
4 317
4 317
4 318
4 317
4 314
4 316
4 311
4 312
4 309
28 316
4 315
4 313
4 309
4 306
4 300
32 319
4 313
6 308
41 326
5 321
4 319
34 325
32 310
17 313
4 312
19 320
4 318
4 319
4 318
4 318
4 315
4 314
4 317
10 324
4 323
4 321
4 317
23 322
4 318
4 317
4 319
4 313
13 319
4 318
4 314
4 311
4 312
4 311
4 307
4 308
4 312
4 311
4 311
29 312
4 307
18 321
7 321
4 318
4 319
4 320
17 313
4 315
4 311
4 309
33 321
7 316
4 316
25 322
4 321
4 322
