1.000507e+00 1.000288e+00
1.000928e+00 1.000575e+00
1.001063e+00 1.000449e+00
1.000645e+00 1.000273e+00
1.000800e+00 1.000351e+00
1.000818e+00 1.000369e+00
1.001046e+00 1.000472e+00
1.000671e+00 1.000309e+00
1.000733e+00 1.000403e+00
1.000990e+00 1.000566e+00
1.000420e+00 1.000242e+00
1.000513e+00 1.000299e+00
1.000549e+00 1.000318e+00
1.000685e+00 1.000390e+00
1.000389e+00 1.000214e+00
1.000440e+00 1.000244e+00
1.000508e+00 1.000286e+00
1.000246e+00 1.000135e+00
1.000266e+00 1.000143e+00
1.000340e+00 1.000184e+00
1.000238e+00 1.000128e+00
1.000251e+00 1.000135e+00
1.000290e+00 1.000163e+00
1.000311e+00 1.000176e+00
1.000220e+00 1.000116e+00
1.000255e+00 1.000135e+00
1.000313e+00 1.000167e+00
1.000222e+00 1.000117e+00
1.000264e+00 1.000144e+00
1.000278e+00 1.000151e+00
1.000324e+00 1.000171e+00
1.000229e+00 1.000121e+00
1.000267e+00 1.000142e+00
1.000332e+00 1.000178e+00
1.000195e+00 1.000105e+00
1.000228e+00 1.000124e+00
1.000268e+00 1.000144e+00
1.000314e+00 1.000170e+00
1.000229e+00 1.000123e+00
1.000271e+00 1.000146e+00
1.000304e+00 1.000172e+00
1.000300e+00 1.000166e+00
1.000227e+00 1.000120e+00
1.000273e+00 1.000148e+00
1.000293e+00 1.000158e+00
1.000231e+00 1.000124e+00
1.000274e+00 1.000153e+00
1.000289e+00 1.000161e+00
1.000273e+00 1.000148e+00
1.000240e+00 1.000131e+00
1.000291e+00 1.000158e+00
1.000253e+00 1.000138e+00
1.000218e+00 1.000120e+00
1.000273e+00 1.000154e+00
1.000305e+00 1.000166e+00
1.000240e+00 1.000131e+00
1.000242e+00 1.000132e+00
1.000309e+00 1.000170e+00
1.000294e+00 1.000169e+00
1.000206e+00 1.000114e+00
1.000261e+00 1.000143e+00
1.000320e+00 1.000178e+00
1.000237e+00 1.000130e+00
1.000274e+00 1.000152e+00
1.000309e+00 1.000179e+00
1.000323e+00 1.000187e+00
1.000244e+00 1.000133e+00
1.000289e+00 1.000159e+00
1.000330e+00 1.000184e+00
1.000248e+00 1.000137e+00
1.000296e+00 1.000172e+00
1.000309e+00 1.000177e+00
1.000329e+00 1.000184e+00
1.000253e+00 1.000141e+00
1.000304e+00 1.000170e+00
1.000313e+00 1.000175e+00
1.000232e+00 1.000133e+00
1.000274e+00 1.000159e+00
1.000311e+00 1.000174e+00
1.000301e+00 1.000171e+00
1.000261e+00 1.000146e+00
1.000310e+00 1.000175e+00
1.000316e+00 1.000186e+00
1.000264e+00 1.000154e+00
1.000276e+00 1.000154e+00
1.000319e+00 1.000181e+00
1.000260e+00 1.000146e+00
1.000281e+00 1.000158e+00
1.000315e+00 1.000186e+00
1.000318e+00 1.000187e+00
1.000262e+00 1.000148e+00
1.000300e+00 1.000170e+00
1.000329e+00 1.000189e+00
1.000270e+00 1.000152e+00
1.000311e+00 1.000184e+00
1.000327e+00 1.000194e+00
1.000331e+00 1.000190e+00
1.000285e+00 1.000162e+00
1.000328e+00 1.000189e+00
1.000313e+00 1.000179e+00
1.000287e+00 1.000169e+00
1.000306e+00 1.000181e+00
1.000334e+00 1.000193e+00
1.000295e+00 1.000169e+00
1.000304e+00 1.000174e+00
1.000337e+00 1.000196e+00
1.000308e+00 1.000181e+00
1.000279e+00 1.000163e+00
1.000317e+00 1.000183e+00
1.000352e+00 1.000209e+00
1.000290e+00 1.000167e+00
1.000332e+00 1.000193e+00
1.000326e+00 1.000194e+00
1.000315e+00 1.000188e+00
1.000303e+00 1.000174e+00
1.000346e+00 1.000203e+00
1.000303e+00 1.000176e+00
1.000312e+00 1.000181e+00
1.000331e+00 1.000201e+00
1.000359e+00 1.000217e+00
1.000298e+00 1.000173e+00
1.000328e+00 1.000191e+00
1.000334e+00 1.000199e+00
1.000303e+00 1.000177e+00
1.000347e+00 1.000211e+00
1.000338e+00 1.000205e+00
1.000309e+00 1.000181e+00
1.000313e+00 1.000183e+00
1.000345e+00 1.000205e+00
1.000311e+00 1.000184e+00
1.000338e+00 1.000206e+00
1.000334e+00 1.000202e+00
1.000323e+00 1.000191e+00
1.000322e+00 1.000191e+00
1.000353e+00 1.000208e+00
1.000315e+00 1.000189e+00
1.000336e+00 1.000203e+00
1.000364e+00 1.000220e+00
1.000348e+00 1.000214e+00
1.000358e+00 1.000213e+00
1.000397e+00 1.000240e+00
1.000341e+00 1.000199e+00
1.000358e+00 1.000217e+00
1.000394e+00 1.000238e+00
1.000366e+00 1.000213e+00
1.000357e+00 1.000210e+00
1.000391e+00 1.000233e+00
1.000351e+00 1.000205e+00
1.000399e+00 1.000240e+00
1.000399e+00 1.000238e+00
1.000354e+00 1.000215e+00
1.000387e+00 1.000229e+00
1.000403e+00 1.000240e+00
1.000388e+00 1.000230e+00
1.000413e+00 1.000247e+00
1.000429e+00 1.000254e+00
1.000374e+00 1.000225e+00
1.000418e+00 1.000252e+00
1.000373e+00 1.000224e+00
1.000417e+00 1.000250e+00
1.000460e+00 1.000276e+00
1.000401e+00 1.000241e+00
1.000440e+00 1.000263e+00
1.000450e+00 1.000270e+00
1.000427e+00 1.000256e+00
1.000463e+00 1.000277e+00
1.000414e+00 1.000250e+00
1.000431e+00 1.000259e+00
1.000488e+00 1.000290e+00
1.000449e+00 1.000269e+00
1.000500e+00 1.000299e+00
1.000457e+00 1.000273e+00
1.000477e+00 1.000286e+00
1.000518e+00 1.000307e+00
1.000457e+00 1.000270e+00
1.000535e+00 1.000319e+00
1.000457e+00 1.000273e+00
1.000501e+00 1.000300e+00
1.000495e+00 1.000297e+00
1.000455e+00 1.000274e+00
1.000521e+00 1.000310e+00
1.000484e+00 1.000290e+00
1.000534e+00 1.000319e+00
1.000481e+00 1.000289e+00
1.000560e+00 1.000337e+00
1.000568e+00 1.000341e+00
1.000511e+00 1.000307e+00
1.000561e+00 1.000337e+00
1.000560e+00 1.000336e+00
1.000535e+00 1.000322e+00
1.000539e+00 1.000325e+00
1.000603e+00 1.000363e+00
1.000542e+00 1.000326e+00
1.000604e+00 1.000363e+00
1.000549e+00 1.000332e+00
1.000587e+00 1.000354e+00
1.000560e+00 1.000338e+00
1.000621e+00 1.000374e+00
1.000573e+00 1.000347e+00
1.000639e+00 1.000387e+00
1.000579e+00 1.000350e+00
1.000601e+00 1.000364e+00
1.000626e+00 1.000379e+00
1.000682e+00 1.000414e+00
1.000603e+00 1.000366e+00
1.000758e+00 1.000457e+00
1.000640e+00 1.000388e+00
1.000642e+00 1.000389e+00
1.000635e+00 1.000386e+00
1.001063e+00 1.000638e+00
1.000594e+00 1.000361e+00
1.000936e+00 1.000567e+00
1.000577e+00 1.000352e+00
1.001043e+00 1.000634e+00
1.001543e+00 1.000934e+00
1.000723e+00 1.000440e+00
1.001258e+00 1.000764e+00
1.001004e+00 1.000611e+00
1.002343e+00 1.001426e+00
1.001445e+00 1.000880e+00
1.002156e+00 1.001316e+00
1.002366e+00 1.001445e+00
1.001858e+00 1.001136e+00
1.002249e+00 1.001378e+00
1.002084e+00 1.001279e+00
1.003265e+00 1.002008e+00
1.003642e+00 1.002239e+00
1.002649e+00 1.001628e+00
1.003742e+00 1.002305e+00
1.003016e+00 1.001856e+00
1.004126e+00 1.002549e+00
1.003284e+00 1.002024e+00
1.003961e+00 1.002393e+00
1.004149e+00 1.002555e+00
1.005192e+00 1.003193e+00
1.004148e+00 1.002554e+00
1.005327e+00 1.003255e+00
1.004830e+00 1.002998e+00
1.005599e+00 1.003411e+00
1.006281e+00 1.003883e+00
1.007347e+00 1.004575e+00
1.001570e+00 1.000497e+00
1.001739e+00 1.000921e+00
1.001917e+00 1.000718e+00
1.001818e+00 1.000851e+00
1.001654e+00 1.000746e+00
1.001573e+00 1.000512e+00
1.001512e+00 1.000810e+00
1.002484e+00 1.001035e+00
1.002114e+00 1.000825e+00
1.002072e+00 1.001206e+00
1.002451e+00 1.001397e+00
1.002184e+00 1.000871e+00
1.002004e+00 1.000696e+00
1.001914e+00 1.000994e+00
1.002740e+00 1.001155e+00
1.003347e+00 1.001840e+00
1.002646e+00 1.000978e+00
1.002203e+00 1.000735e+00
1.002049e+00 1.000986e+00
1.002786e+00 1.001180e+00
1.002526e+00 1.001052e+00
1.002799e+00 1.001686e+00
1.003397e+00 1.001971e+00
1.003031e+00 1.001229e+00
1.002670e+00 1.000951e+00
1.002474e+00 1.001245e+00
1.003068e+00 1.001368e+00
1.003697e+00 1.002151e+00
1.003253e+00 1.001278e+00
1.004120e+00 1.001806e+00
1.005414e+00 1.002580e+00
1.004333e+00 1.001617e+00
1.003383e+00 1.001747e+00
1.003411e+00 1.002013e+00
1.003873e+00 1.002264e+00
1.003696e+00 1.001522e+00
1.004530e+00 1.002033e+00
1.005846e+00 1.003310e+00
1.005383e+00 1.002175e+00
1.005590e+00 1.003326e+00
1.006280e+00 1.003621e+00
1.005433e+00 1.002132e+00
1.005249e+00 1.002910e+00
1.005800e+00 1.003461e+00
1.007187e+00 1.004122e+00
1.006435e+00 1.002653e+00
1.006482e+00 1.003979e+00
1.007758e+00 1.003853e+00
1.008841e+00 1.003767e+00
1.009889e+00 1.004218e+00
1.011271e+00 1.006511e+00
1.009788e+00 1.003920e+00
1.009982e+00 1.005741e+00
1.008475e+00 1.003388e+00
1.008753e+00 1.005274e+00
1.010092e+00 1.005915e+00
1.009635e+00 1.004109e+00
1.010002e+00 1.006014e+00
1.010671e+00 1.006364e+00
1.011721e+00 1.005053e+00
1.012795e+00 1.005959e+00
1.014151e+00 1.008370e+00
1.014580e+00 1.006186e+00
1.015261e+00 1.008914e+00
1.013609e+00 1.005685e+00
1.012361e+00 1.005229e+00
1.012979e+00 1.007758e+00
1.014098e+00 1.006090e+00
1.015205e+00 1.006576e+00
1.015903e+00 1.009419e+00
1.016256e+00 1.007050e+00
1.017306e+00 1.007524e+00
1.018674e+00 1.011067e+00
1.018828e+00 1.008085e+00
1.020202e+00 1.011850e+00
1.020678e+00 1.008829e+00
1.021330e+00 1.011273e+00
1.022243e+00 1.009552e+00
1.018342e+00 1.007981e+00
1.019024e+00 1.011480e+00
1.020250e+00 1.008835e+00
1.020638e+00 1.009057e+00
1.020321e+00 1.008870e+00
1.021711e+00 1.012861e+00
1.022942e+00 1.009861e+00
1.021445e+00 1.009410e+00
1.022665e+00 1.013520e+00
1.023254e+00 1.013807e+00
1.023778e+00 1.010354e+00
1.022087e+00 1.009769e+00
1.022358e+00 1.013806e+00
1.023787e+00 1.014457e+00
1.025082e+00 1.011083e+00
1.025789e+00 1.015474e+00
1.026308e+00 1.011571e+00
1.027666e+00 1.012707e+00
1.028759e+00 1.012554e+00
1.030055e+00 1.017751e+00
1.031369e+00 1.013646e+00
1.032053e+00 1.017620e+00
1.032325e+00 1.013981e+00
1.033374e+00 1.014382e+00
1.034763e+00 1.019768e+00
1.035738e+00 1.015254e+00
1.030931e+00 1.013328e+00
1.031390e+00 1.018295e+00
1.031501e+00 1.013654e+00
1.025430e+00 1.011330e+00
1.026335e+00 1.012402e+00
1.027605e+00 1.012150e+00
1.028889e+00 1.014279e+00
1.028856e+00 1.012545e+00
1.029366e+00 1.017201e+00
1.024967e+00 1.010717e+00
1.024965e+00 1.014066e+00
1.025812e+00 1.010939e+00
1.026695e+00 1.012626e+00
1.027390e+00 1.015599e+00
1.023281e+00 1.010126e+00
1.017682e+00 1.007987e+00
1.017767e+00 1.011096e+00
1.018980e+00 1.011535e+00
1.020312e+00 1.010907e+00
1.020578e+00 1.009303e+00
1.019382e+00 1.008792e+00
1.020472e+00 1.012326e+00
1.021534e+00 1.009706e+00
1.022557e+00 1.010187e+00
1.023884e+00 1.014322e+00
1.024292e+00 1.010927e+00
1.024765e+00 1.011167e+00
1.026095e+00 1.012382e+00
1.027127e+00 1.012145e+00
1.023039e+00 1.010474e+00
1.024136e+00 1.014376e+00
1.024561e+00 1.011080e+00
1.025254e+00 1.014613e+00
1.026224e+00 1.011765e+00
1.027370e+00 1.015904e+00
1.028573e+00 1.013149e+00
1.029124e+00 1.013081e+00
1.029514e+00 1.017642e+00
1.030177e+00 1.018005e+00
1.031390e+00 1.013962e+00
1.026870e+00 1.012108e+00
1.027997e+00 1.016563e+00
1.028930e+00 1.013029e+00
1.029556e+00 1.017536e+00
1.029915e+00 1.013511e+00
1.031147e+00 1.015300e+00
1.028211e+00 1.012914e+00
1.026365e+00 1.016195e+00
1.027595e+00 1.016688e+00
1.028123e+00 1.012888e+00
1.028776e+00 1.015305e+00
1.029835e+00 1.013592e+00
1.031028e+00 1.014834e+00
1.026295e+00 1.012177e+00
1.027094e+00 1.016465e+00
1.027754e+00 1.016884e+00
1.028060e+00 1.013000e+00
1.029298e+00 1.017461e+00
1.030622e+00 1.014788e+00
1.030493e+00 1.013993e+00
1.031585e+00 1.018958e+00
1.032236e+00 1.019233e+00
1.032545e+00 1.014850e+00
1.028004e+00 1.013031e+00
1.028802e+00 1.017544e+00
1.029984e+00 1.015297e+00
1.031037e+00 1.014278e+00
1.031580e+00 1.018808e+00
1.032084e+00 1.014714e+00
1.033111e+00 1.015179e+00
1.034256e+00 1.017125e+00
1.035090e+00 1.016086e+00
1.036395e+00 1.021685e+00
1.036813e+00 1.016781e+00
1.031348e+00 1.014436e+00
1.032323e+00 1.019419e+00
1.033327e+00 1.015317e+00
1.034450e+00 1.016362e+00
1.035668e+00 1.019947e+00
1.035982e+00 1.016440e+00
1.030678e+00 1.014253e+00
1.031727e+00 1.018896e+00
1.032377e+00 1.015030e+00
1.027147e+00 1.012694e+00
1.027814e+00 1.016965e+00
1.028160e+00 1.013165e+00
1.025238e+00 1.011247e+00
1.018626e+00 1.008671e+00
1.017206e+00 1.010169e+00
1.017816e+00 1.010606e+00
1.014567e+00 1.006857e+00
1.014658e+00 1.009127e+00
1.014872e+00 1.009272e+00
1.016087e+00 1.007959e+00
1.016946e+00 1.008217e+00
1.017868e+00 1.008670e+00
1.019097e+00 1.011774e+00
1.019464e+00 1.009363e+00
1.019040e+00 1.009093e+00
1.020254e+00 1.012349e+00
1.021261e+00 1.010061e+00
1.022379e+00 1.011501e+00
1.018984e+00 1.009125e+00
1.019045e+00 1.012005e+00
1.019495e+00 1.012014e+00
1.020722e+00 1.010310e+00
1.021626e+00 1.010485e+00
1.021361e+00 1.010316e+00
1.022543e+00 1.013902e+00
1.022905e+00 1.011052e+00
1.023360e+00 1.014064e+00
1.024505e+00 1.011781e+00
1.025472e+00 1.012262e+00
1.026393e+00 1.012728e+00
1.027603e+00 1.016665e+00
1.028031e+00 1.013378e+00
1.028493e+00 1.013860e+00
1.029418e+00 1.014075e+00
1.025199e+00 1.012228e+00
1.026094e+00 1.016068e+00
1.024368e+00 1.011928e+00
1.024083e+00 1.015524e+00
1.024499e+00 1.015494e+00
1.025649e+00 1.012615e+00
1.026807e+00 1.013560e+00
1.025735e+00 1.012544e+00
1.026786e+00 1.016447e+00
1.027074e+00 1.013083e+00
1.027656e+00 1.016849e+00
1.023039e+00 1.011284e+00
1.023423e+00 1.014591e+00
1.024635e+00 1.014971e+00
1.022266e+00 1.010957e+00
1.022222e+00 1.014179e+00
1.022341e+00 1.014273e+00
