9 77
10 92
10 81
11 87
9 89
8 83
11 77
11 88
11 81
11 85
9 91
9 86
11 78
11 97
12 85
12 84
9 89
9 92
20 77
11 87
11 89
11 71
8 80
9 87
11 73
11 71
11 89
11 67
9 67
8 80
11 83
11 74
11 90
19 81
9 72
9 74
11 96
12 72
11 80
12 86
9 70
9 72
11 84
11 78
11 73
11 84
8 86
9 74
11 71
18 87
22 69
19 77
13 83
9 87
15 74
19 76
17 78
19 70
13 66
13 77
19 74
16 74
19 78
23 80
19 76
9 69
21 80
29 76
25 71
31 87
17 83
15 75
21 69
23 90
24 76
17 71
15 79
13 95
20 81
19 74
27 94
16 71
9 70
14 72
20 82
15 74
18 74
19 81
28 78
14 68
22 80
22 86
18 77
15 83
20 100
18 90
18 72
15 90
25 83
14 69
15 74
14 87
15 91
16 72
10 96
18 92
15 79
15 76
10 96
15 89
16 76
20 104
17 105
9 88
18 78
22 107
20 90
18 83
14 102
16 115
11 114
10 116
10 151
11 160
12 165
8 191
9 264
9 337
8 345
7 385
5 388
4 396
7 406
6 403
4 411
9 396
9 380
8 379
9 408
9 406
10 397
11 386
4 375
7 396
8 388
9 380
8 391
8 392
4 390
7 374
9 398
9 391
9 387
8 386
4 387
8 389
8 392
9 403
9 393
9 392
4 378
4 368
8 384
9 392
10 393
9 389
4 372
4 364
9 378
9 384
10 384
9 377
4 366
8 383
9 383
10 384
9 385
9 388
4 377
8 388
9 383
8 383
9 384
9 389
4 383
8 393
9 384
9 381
9 381
9 386
5 383
8 372
9 360
8 373
8 373
9 369
5 354
7 365
9 370
9 363
9 364
9 383
8 374
5 371
9 368
9 367
9 373
9 363
5 366
5 369
9 355
9 363
9 368
9 359
8 369
6 366
9 368
9 366
8 361
9 359
6 361
8 367
9 366
9 368
10 359
8 357
6 360
6 365
9 372
9 361
9 353
9 368
6 356
6 357
8 357
9 356
9 352
9 351
6 348
6 344
9 357
8 360
9 345
9 354
6 351
6 348
8 349
9 353
8 350
9 331
8 348
8 341
8 341
9 337
9 327
8 329
8 329
8 325
9 317
9 331
9 310
8 312
8 310
8 302
9 300
9 296
9 295
9 294
8 281
8 291
9 281
9 277
9 285
9 281
8 285
8 277
10 273
9 274
9 284
10 284
10 279
15 278
9 282
10 269
9 270
9 280
8 275
8 265
9 267
10 265
9 264
8 275
8 262
8 260
9 251
9 247
9 259
9 257
8 257
8 239
9 246
9 239
9 246
10 253
8 251
8 250
9 249
9 250
10 239
9 232
11 240
8 251
9 261
9 244
8 260
10 236
8 233
8 240
9 249
9 260
9 247
9 243
8 247
8 232
9 250
9 247
9 263
10 241
12 237
14 243
9 246
9 240
9 240
9 250
8 252
8 250
9 247
9 248
9 236
9 246
8 248
8 250
9 238
9 245
9 245
9 237
8 231
8 243
9 238
9 234
8 225
9 226
8 228
8 237
9 228
9 231
9 236
8 242
7 230
8 232
16 241
10 230
13 232
9 232
8 231
8 227
9 232
11 238
9 235
8 241
8 235
10 225
