1.000185e+00 1.000090e+00
1.000035e+00 1.000017e+00
1.000023e+00 1.000012e+00
1.000022e+00 1.000012e+00
1.000017e+00 1.000011e+00
1.000020e+00 1.000012e+00
1.000020e+00 1.000011e+00
1.000020e+00 1.000010e+00
1.000020e+00 1.000010e+00
1.000021e+00 1.000011e+00
1.000018e+00 1.000010e+00
1.000018e+00 1.000010e+00
1.000019e+00 1.000010e+00
1.000020e+00 1.000010e+00
1.000018e+00 1.000010e+00
1.000020e+00 1.000011e+00
1.000020e+00 1.000011e+00
1.000018e+00 1.000010e+00
1.000021e+00 1.000012e+00
1.000022e+00 1.000011e+00
1.000019e+00 1.000010e+00
1.000021e+00 1.000011e+00
1.000022e+00 1.000013e+00
1.000017e+00 1.000010e+00
1.000018e+00 1.000010e+00
1.000022e+00 1.000012e+00
1.000019e+00 1.000010e+00
1.000020e+00 1.000011e+00
1.000022e+00 1.000013e+00
1.000025e+00 1.000014e+00
1.000020e+00 1.000010e+00
1.000022e+00 1.000012e+00
1.000022e+00 1.000012e+00
1.000020e+00 1.000012e+00
1.000023e+00 1.000013e+00
1.000022e+00 1.000012e+00
1.000021e+00 1.000011e+00
1.000022e+00 1.000012e+00
1.000023e+00 1.000012e+00
1.000021e+00 1.000012e+00
1.000023e+00 1.000014e+00
1.000024e+00 1.000014e+00
1.000023e+00 1.000012e+00
1.000022e+00 1.000012e+00
1.000025e+00 1.000013e+00
1.000022e+00 1.000012e+00
1.000022e+00 1.000013e+00
1.000025e+00 1.000014e+00
1.000024e+00 1.000013e+00
1.000022e+00 1.000013e+00
1.000025e+00 1.000014e+00
1.000022e+00 1.000013e+00
1.000025e+00 1.000015e+00
1.000023e+00 1.000013e+00
1.000027e+00 1.000015e+00
1.000025e+00 1.000015e+00
1.000026e+00 1.000015e+00
1.000026e+00 1.000015e+00
1.000022e+00 1.000013e+00
1.000028e+00 1.000016e+00
1.000028e+00 1.000015e+00
1.000025e+00 1.000014e+00
1.000027e+00 1.000015e+00
1.000028e+00 1.000016e+00
1.000026e+00 1.000015e+00
1.000024e+00 1.000014e+00
1.000027e+00 1.000015e+00
1.000028e+00 1.000016e+00
1.000025e+00 1.000014e+00
1.000027e+00 1.000016e+00
1.000028e+00 1.000016e+00
1.000027e+00 1.000016e+00
1.000027e+00 1.000015e+00
1.000029e+00 1.000017e+00
1.000027e+00 1.000016e+00
1.000028e+00 1.000017e+00
1.000031e+00 1.000018e+00
1.000029e+00 1.000017e+00
1.000027e+00 1.000015e+00
1.000031e+00 1.000018e+00
1.000033e+00 1.000019e+00
1.000027e+00 1.000016e+00
1.000031e+00 1.000018e+00
1.000035e+00 1.000021e+00
1.000035e+00 1.000020e+00
1.000027e+00 1.000016e+00
1.000035e+00 1.000021e+00
1.000035e+00 1.000020e+00
1.000029e+00 1.000017e+00
1.000030e+00 1.000018e+00
1.000038e+00 1.000022e+00
1.000035e+00 1.000021e+00
1.000030e+00 1.000018e+00
1.000039e+00 1.000023e+00
1.000032e+00 1.000019e+00
1.000030e+00 1.000018e+00
1.000031e+00 1.000018e+00
1.000038e+00 1.000023e+00
1.000031e+00 1.000019e+00
1.000032e+00 1.000019e+00
1.000038e+00 1.000023e+00
1.000040e+00 1.000024e+00
1.000034e+00 1.000020e+00
1.000035e+00 1.000021e+00
1.000043e+00 1.000025e+00
1.000031e+00 1.000019e+00
1.000035e+00 1.000021e+00
1.000040e+00 1.000024e+00
1.000046e+00 1.000027e+00
1.000030e+00 1.000019e+00
1.000038e+00 1.000023e+00
1.000046e+00 1.000027e+00
1.000034e+00 1.000021e+00
1.000031e+00 1.000019e+00
1.000040e+00 1.000024e+00
1.000045e+00 1.000027e+00
1.000032e+00 1.000019e+00
1.000042e+00 1.000026e+00
1.000050e+00 1.000030e+00
1.000048e+00 1.000029e+00
1.000036e+00 1.000022e+00
1.000049e+00 1.000030e+00
1.000071e+00 1.000044e+00
1.000058e+00 1.000038e+00
1.000087e+00 1.000055e+00
1.000106e+00 1.000068e+00
1.000174e+00 1.000118e+00
1.000150e+00 1.000124e+00
1.000296e+00 1.000232e+00
1.000503e+00 1.000396e+00
1.000784e+00 1.000578e+00
1.001098e+00 1.000784e+00
1.001035e+00 1.000876e+00
1.001622e+00 1.001320e+00
1.002780e+00 1.002095e+00
1.001898e+00 1.000948e+00
1.001820e+00 1.001177e+00
1.001680e+00 1.000747e+00
1.001293e+00 1.000585e+00
1.001133e+00 1.000713e+00
1.001112e+00 1.000713e+00
1.001016e+00 1.000467e+00
1.001194e+00 1.000697e+00
1.001103e+00 1.000503e+00
1.001147e+00 1.000525e+00
1.001058e+00 1.000486e+00
1.001029e+00 1.000464e+00
1.000996e+00 1.000468e+00
1.001188e+00 1.000767e+00
1.001059e+00 1.000486e+00
1.001034e+00 1.000481e+00
1.001113e+00 1.000543e+00
1.000990e+00 1.000451e+00
1.000975e+00 1.000555e+00
1.001165e+00 1.000708e+00
1.000985e+00 1.000451e+00
1.001003e+00 1.000467e+00
1.001012e+00 1.000475e+00
1.000985e+00 1.000455e+00
1.000918e+00 1.000448e+00
1.001055e+00 1.000683e+00
1.001293e+00 1.000647e+00
1.001118e+00 1.000495e+00
1.000993e+00 1.000488e+00
1.000925e+00 1.000429e+00
1.000904e+00 1.000451e+00
1.001016e+00 1.000596e+00
1.001202e+00 1.000557e+00
1.001052e+00 1.000465e+00
1.000998e+00 1.000488e+00
1.000899e+00 1.000422e+00
1.000947e+00 1.000437e+00
1.001048e+00 1.000626e+00
1.000956e+00 1.000436e+00
1.000951e+00 1.000438e+00
1.000907e+00 1.000417e+00
1.000946e+00 1.000436e+00
1.000945e+00 1.000441e+00
1.001075e+00 1.000644e+00
1.000985e+00 1.000440e+00
1.000904e+00 1.000418e+00
1.000965e+00 1.000444e+00
1.000961e+00 1.000440e+00
1.001029e+00 1.000526e+00
1.001196e+00 1.000752e+00
1.001035e+00 1.000456e+00
1.000914e+00 1.000406e+00
1.000936e+00 1.000576e+00
1.000993e+00 1.000435e+00
1.000911e+00 1.000398e+00
1.000916e+00 1.000554e+00
1.000775e+00 1.000364e+00
1.000597e+00 1.000277e+00
1.000550e+00 1.000352e+00
1.000571e+00 1.000270e+00
1.000566e+00 1.000272e+00
1.000603e+00 1.000326e+00
1.000534e+00 1.000258e+00
1.000503e+00 1.000239e+00
1.000495e+00 1.000238e+00
1.000518e+00 1.000246e+00
1.000495e+00 1.000239e+00
1.000514e+00 1.000318e+00
1.000548e+00 1.000265e+00
1.000509e+00 1.000249e+00
1.000505e+00 1.000241e+00
1.000495e+00 1.000237e+00
1.000483e+00 1.000258e+00
1.000528e+00 1.000335e+00
1.000573e+00 1.000278e+00
1.000489e+00 1.000236e+00
1.000463e+00 1.000249e+00
1.000485e+00 1.000268e+00
1.000492e+00 1.000248e+00
1.000477e+00 1.000309e+00
1.000503e+00 1.000257e+00
1.000503e+00 1.000243e+00
1.000443e+00 1.000217e+00
1.000475e+00 1.000269e+00
1.000493e+00 1.000233e+00
1.000512e+00 1.000314e+00
1.000493e+00 1.000234e+00
1.000470e+00 1.000224e+00
1.000485e+00 1.000232e+00
1.000448e+00 1.000210e+00
1.000463e+00 1.000215e+00
1.000491e+00 1.000300e+00
1.000514e+00 1.000238e+00
1.000506e+00 1.000235e+00
1.000496e+00 1.000237e+00
1.000478e+00 1.000209e+00
1.000447e+00 1.000195e+00
1.000442e+00 1.000266e+00
1.000436e+00 1.000206e+00
1.000424e+00 1.000209e+00
1.000375e+00 1.000251e+00
1.000367e+00 1.000207e+00
1.000368e+00 1.000197e+00
1.000406e+00 1.000248e+00
1.000409e+00 1.000199e+00
1.000373e+00 1.000189e+00
1.000416e+00 1.000210e+00
1.000408e+00 1.000202e+00
1.000386e+00 1.000191e+00
1.000398e+00 1.000261e+00
1.000418e+00 1.000206e+00
1.000448e+00 1.000224e+00
1.000426e+00 1.000217e+00
1.000419e+00 1.000202e+00
1.000338e+00 1.000159e+00
1.000279e+00 1.000142e+00
1.000265e+00 1.000135e+00
1.000262e+00 1.000137e+00
1.000244e+00 1.000129e+00
1.000213e+00 1.000113e+00
1.000207e+00 1.000108e+00
1.000192e+00 1.000127e+00
1.000178e+00 1.000102e+00
1.000174e+00 1.000096e+00
1.000186e+00 1.000106e+00
1.000157e+00 1.000084e+00
1.000155e+00 1.000102e+00
1.000141e+00 1.000102e+00
1.000136e+00 1.000076e+00
1.000138e+00 1.000075e+00
1.000140e+00 1.000076e+00
1.000136e+00 1.000074e+00
1.000126e+00 1.000072e+00
1.000120e+00 1.000084e+00
1.000115e+00 1.000062e+00
1.000118e+00 1.000064e+00
1.000116e+00 1.000064e+00
1.000109e+00 1.000069e+00
1.000125e+00 1.000066e+00
1.000125e+00 1.000084e+00
1.000117e+00 1.000063e+00
1.000105e+00 1.000059e+00
1.000110e+00 1.000078e+00
1.000115e+00 1.000065e+00
1.000115e+00 1.000062e+00
1.000113e+00 1.000077e+00
1.000118e+00 1.000071e+00
1.000114e+00 1.000065e+00
1.000105e+00 1.000061e+00
1.000110e+00 1.000060e+00
1.000108e+00 1.000072e+00
1.000102e+00 1.000074e+00
1.000101e+00 1.000057e+00
1.000103e+00 1.000059e+00
1.000093e+00 1.000053e+00
1.000089e+00 1.000065e+00
1.000095e+00 1.000056e+00
1.000097e+00 1.000066e+00
1.000087e+00 1.000049e+00
1.000083e+00 1.000049e+00
1.000070e+00 1.000041e+00
1.000074e+00 1.000049e+00
1.000077e+00 1.000053e+00
1.000077e+00 1.000056e+00
1.000075e+00 1.000044e+00
1.000075e+00 1.000043e+00
1.000071e+00 1.000040e+00
1.000068e+00 1.000042e+00
1.000072e+00 1.000042e+00
1.000070e+00 1.000049e+00
1.000068e+00 1.000048e+00
1.000073e+00 1.000042e+00
1.000078e+00 1.000051e+00
1.000068e+00 1.000040e+00
1.000067e+00 1.000042e+00
1.000067e+00 1.000049e+00
1.000071e+00 1.000047e+00
1.000073e+00 1.000044e+00
1.000073e+00 1.000041e+00
1.000070e+00 1.000049e+00
1.000066e+00 1.000039e+00
1.000058e+00 1.000042e+00
1.000059e+00 1.000038e+00
1.000064e+00 1.000038e+00
1.000063e+00 1.000037e+00
1.000064e+00 1.000037e+00
1.000059e+00 1.000036e+00
1.000058e+00 1.000043e+00
1.000060e+00 1.000042e+00
1.000061e+00 1.000036e+00
1.000067e+00 1.000046e+00
1.000067e+00 1.000042e+00
1.000060e+00 1.000034e+00
1.000056e+00 1.000038e+00
1.000063e+00 1.000038e+00
1.000068e+00 1.000041e+00
1.000068e+00 1.000039e+00
1.000062e+00 1.000037e+00
1.000064e+00 1.000041e+00
1.000060e+00 1.000043e+00
1.000063e+00 1.000039e+00
1.000062e+00 1.000036e+00
1.000062e+00 1.000042e+00
1.000061e+00 1.000035e+00
1.000063e+00 1.000036e+00
1.000062e+00 1.000043e+00
1.000059e+00 1.000034e+00
1.000058e+00 1.000033e+00
1.000056e+00 1.000033e+00
1.000058e+00 1.000035e+00
1.000055e+00 1.000032e+00
1.000050e+00 1.000034e+00
1.000050e+00 1.000034e+00
1.000052e+00 1.000031e+00
1.000045e+00 1.000027e+00
1.000048e+00 1.000034e+00
1.000045e+00 1.000027e+00
1.000045e+00 1.000032e+00
1.000043e+00 1.000026e+00
1.000045e+00 1.000028e+00
1.000043e+00 1.000026e+00
1.000042e+00 1.000030e+00
1.000048e+00 1.000036e+00
1.000054e+00 1.000038e+00
1.000048e+00 1.000029e+00
1.000050e+00 1.000032e+00
1.000044e+00 1.000028e+00
1.000046e+00 1.000028e+00
1.000050e+00 1.000037e+00
1.000048e+00 1.000035e+00
1.000044e+00 1.000029e+00
1.000047e+00 1.000029e+00
1.000056e+00 1.000034e+00
1.000048e+00 1.000030e+00
1.000051e+00 1.000032e+00
1.000048e+00 1.000035e+00
1.000048e+00 1.000030e+00
