4 155
26 154
24 148
22 147
22 142
27 151
17 157
13 156
13 157
11 211
12 200
14 182
12 170
11 172
13 194
12 191
10 156
14 191
10 200
13 179
12 145
10 202
29 237
32 201
10 215
14 391
11 511
13 544
8 526
20 527
17 531
23 514
20 535
15 542
25 546
17 540
19 575
24 558
13 568
20 541
20 546
18 599
27 616
16 601
21 630
29 613
14 644
22 658
27 588
11 211
12 200
14 182
12 170
11 172
13 194
12 191
10 156
14 191
10 200
13 179
12 145
10 202
29 237
32 201
10 215
14 391
11 511
13 544
8 526
20 527
17 531
23 514
20 535
15 542
25 546
17 540
19 575
24 558
13 568
20 541
20 546
18 599
27 616
16 601
21 630
29 613
14 644
22 658
27 588
13 642
25 661
26 613
18 584
20 617
28 629
18 602
20 618
27 639
13 601
22 593
23 583
15 570
23 556
23 525
14 584
24 597
14 579
25 584
30 559
