1.000013e+00 1.000001e+00
1.000016e+00 1.000003e+00
1.000020e+00 1.000004e+00
1.000041e+00 1.000004e+00
1.000046e+00 1.000004e+00
1.000024e+00 1.000002e+00
1.000025e+00 1.000003e+00
1.000021e+00 1.000003e+00
1.000019e+00 1.000001e+00
1.004268e+00 1.003006e+00
1.001416e+00 1.000692e+00
1.000640e+00 1.000339e+00
1.000778e+00 1.000463e+00
1.001001e+00 1.000638e+00
1.001479e+00 1.000956e+00
1.000823e+00 1.000517e+00
1.001030e+00 1.000645e+00
1.001116e+00 1.000662e+00
1.001582e+00 1.000875e+00
1.000921e+00 1.000507e+00
1.001004e+00 1.000561e+00
1.001229e+00 1.000671e+00
1.001576e+00 1.000850e+00
1.001056e+00 1.000578e+00
1.001213e+00 1.000677e+00
1.001507e+00 1.000857e+00
1.002442e+00 1.001586e+00
1.004118e+00 1.003243e+00
1.008967e+00 1.006600e+00
1.007839e+00 1.003989e+00
1.007571e+00 1.005011e+00
1.007182e+00 1.003563e+00
1.007184e+00 1.004687e+00
1.007201e+00 1.003525e+00
1.006963e+00 1.003362e+00
1.007530e+00 1.004841e+00
1.007341e+00 1.003588e+00
1.007337e+00 1.003533e+00
1.007931e+00 1.005197e+00
1.007714e+00 1.004035e+00
1.008560e+00 1.004170e+00
1.008480e+00 1.004110e+00
1.007867e+00 1.003803e+00
1.009043e+00 1.005754e+00
1.008725e+00 1.004204e+00
1.008079e+00 1.003903e+00
1.009272e+00 1.005887e+00
1.008809e+00 1.004131e+00
1.008535e+00 1.004229e+00
1.004268e+00 1.003006e+00
1.001416e+00 1.000692e+00
1.000640e+00 1.000339e+00
1.000778e+00 1.000463e+00
1.001001e+00 1.000638e+00
1.001479e+00 1.000956e+00
1.000823e+00 1.000517e+00
1.001030e+00 1.000645e+00
1.001116e+00 1.000662e+00
1.001582e+00 1.000875e+00
1.000921e+00 1.000507e+00
1.001004e+00 1.000561e+00
1.001229e+00 1.000671e+00
1.001576e+00 1.000850e+00
1.001056e+00 1.000578e+00
1.001213e+00 1.000677e+00
1.001507e+00 1.000857e+00
1.002442e+00 1.001586e+00
1.004118e+00 1.003243e+00
1.008967e+00 1.006600e+00
1.007839e+00 1.003989e+00
1.007571e+00 1.005011e+00
1.007182e+00 1.003563e+00
1.007184e+00 1.004687e+00
1.007201e+00 1.003525e+00
1.006963e+00 1.003362e+00
1.007530e+00 1.004841e+00
1.007341e+00 1.003588e+00
1.007337e+00 1.003533e+00
1.007931e+00 1.005197e+00
1.007714e+00 1.004035e+00
1.008560e+00 1.004170e+00
1.008480e+00 1.004110e+00
1.007867e+00 1.003803e+00
1.009043e+00 1.005754e+00
1.008725e+00 1.004204e+00
1.008079e+00 1.003903e+00
1.009272e+00 1.005887e+00
1.008809e+00 1.004131e+00
1.008535e+00 1.004229e+00
1.009130e+00 1.005140e+00
1.008205e+00 1.003957e+00
1.007327e+00 1.003538e+00
1.007863e+00 1.004918e+00
1.007572e+00 1.003701e+00
1.006562e+00 1.003269e+00
1.007280e+00 1.004673e+00
1.006848e+00 1.003425e+00
1.006072e+00 1.003078e+00
1.007298e+00 1.004778e+00
1.006648e+00 1.003426e+00
1.006642e+00 1.004299e+00
1.007017e+00 1.004280e+00
1.006502e+00 1.003229e+00
1.006488e+00 1.003426e+00
1.007282e+00 1.003988e+00
1.007394e+00 1.003692e+00
1.008754e+00 1.005671e+00
1.008160e+00 1.004055e+00
1.007065e+00 1.003529e+00
