10 147
12 148
9 152
10 179
11 171
9 182
7 175
7 170
7 168
7 175
5 172
5 179
6 181
7 171
7 172
7 175
5 172
5 175
7 175
7 161
7 158
6 164
4 189
4 184
7 168
7 174
7 177
6 170
4 173
4 182
7 174
6 171
7 164
7 168
4 168
4 177
7 154
7 162
7 152
7 160
4 177
4 167
7 145
7 162
6 155
8 142
5 158
4 165
6 155
7 153
7 146
8 142
5 132
4 154
7 154
7 120
7 138
6 137
7 136
5 124
7 141
6 145
8 117
7 133
5 135
8 137
7 138
7 148
8 145
7 143
5 136
4 139
8 115
7 147
6 155
8 95
5 145
5 142
9 138
7 113
7 144
8 146
5 108
4 134
7 137
8 118
7 146
7 151
7 131
5 110
7 147
7 132
8 107
7 149
4 147
4 151
7 128
7 139
8 126
7 145
4 159
4 145
8 123
7 148
7 131
8 98
5 138
4 154
7 142
7 108
7 139
8 132
5 103
4 140
7 145
8 127
7 145
7 136
8 133
5 107
7 146
10 127
7 106
7 143
4 138
4 133
8 138
7 148
8 139
7 144
4 143
4 138
9 101
7 145
7 144
8 100
5 142
4 144
10 131
7 111
7 148
9 142
4 118
4 128
7 135
9 118
7 145
7 146
8 134
4 126
7 137
5 131
8 111
7 144
4 146
4 145
8 117
7 135
9 128
7 139
4 145
4 147
9 119
7 137
7 127
8 99
4 134
4 147
7 141
8 101
7 134
5 133
7 115
4 122
7 144
8 136
7 143
7 129
4 130
7 94
7 146
7 141
8 98
7 137
4 132
4 127
8 130
7 143
9 135
7 142
4 143
4 131
8 128
7 154
7 141
8 110
4 123
4 142
7 124
8 123
7 138
7 129
4 144
4 140
8 132
8 131
7 135
7 132
4 138
7 132
7 137
7 128
8 125
7 135
4 138
4 145
8 137
7 131
6 135
7 134
4 150
4 143
4 140
8 137
7 134
8 135
4 132
4 144
7 134
7 131
7 133
6 143
4 142
7 131
7 137
6 142
7 140
7 145
4 143
4 154
8 145
4 147
8 140
7 145
4 151
4 149
8 147
4 153
9 153
7 148
4 150
4 150
8 152
7 143
7 156
7 154
4 153
4 157
8 149
6 153
7 160
7 157
4 160
4 151
8 153
4 165
9 165
6 161
4 158
4 170
8 159
7 157
4 159
9 161
4 170
4 173
9 169
4 166
7 172
4 182
7 167
4 161
7 159
6 170
7 175
6 162
4 175
4 165
7 176
4 192
8 164
8 168
4 166
4 175
7 170
8 162
4 166
8 175
4 167
4 164
8 166
4 168
4 175
8 173
4 173
8 156
4 165
9 159
4 164
9 167
4 168
4 167
8 173
6 175
7 157
7 167
4 166
4 170
4 181
9 157
7 161
4 170
4 170
4 176
8 162
4 158
8 167
7 162
4 163
4 156
9 160
7 152
7 158
4 164
4 154
4 155
9 147
4 153
8 153
4 156
4 153
4 159
9 143
4 139
8 154
8 151
4 154
4 152
7 142
8 141
7 147
8 138
4 147
4 146
7 133
8 141
7 139
4 144
4 144
8 134
7 134
8 128
4 134
4 139
4 142
9 128
7 128
7 127
7 131
4 131
4 136
4 136
10 133
4 128
8 122
7 122
4 126
4 125
9 129
7 130
8 121
7 123
4 118
4 127
8 120
9 129
8 135
7 132
4 141
4 146
4 142
11 151
4 149
4 155
11 145
4 151
4 162
4 160
13 167
4 181
4 186
12 188
4 198
12 185
4 185
11 222
4 217
4 227
12 217
8 231
4 236
4 234
4 233
16 258
4 258
14 290
4 292
4 299
17 305
9 292
9 306
8 315
10 298
9 295
7 292
6 300
7 308
7 316
9 306
10 314
6 306
4 307
7 303
10 317
8 330
11 331
4 331
4 328
9 317
10 325
7 328
4 335
4 339
4 339
4 343
4 342
13 344
12 342
4 342
4 344
9 341
4 340
4 343
11 348
10 344
9 339
5 334
12 351
4 346
4 344
4 346
13 351
11 345
10 349
4 345
4 343
4 342
10 348
12 352
10 344
12 346
8 358
4 357
4 351
8 352
4 356
9 365
12 363
8 366
4 361
9 363
10 366
10 371
4 371
4 371
11 364
9 370
4 377
4 378
4 387
12 390
12 392
10 393
10 395
4 399
4 400
4 396
10 388
13 393
14 386
4 386
12 392
7 403
10 380
13 381
4 383
4 388
4 395
4 404
12 396
12 397
10 402
4 402
4 405
7 394
4 399
4 397
11 423
4 432
4 433
5 434
16 421
15 415
4 418
4 425
4 431
12 451
4 448
4 449
15 457
4 448
4 453
4 450
4 447
4 450
4 456
4 448
4 457
14 468
7 477
4 480
4 486
4 484
4 486
4 484
4 484
4 481
4 472
15 454
4 454
4 459
4 453
13 476
4 474
4 480
4 476
4 484
4 485
4 487
4 490
5 488
4 486
4 484
4 488
4 483
4 484
4 485
8 495
80 428
62 430
31 426
15 404
11 397
10 371
4 382
10 366
9 353
4 365
11 370
10 363
4 367
4 364
4 381
4 378
10 365
12 377
4 383
4 382
4 388
6 384
11 390
15 379
8 369
10 369
4 381
4 386
4 392
11 385
9 373
10 370
7 378
5 384
4 387
4 394
8 377
14 369
9 368
4 372
7 378
11 360
9 369
10 331
10 359
4 365
4 364
4 368
9 377
5 382
11 362
9 359
5 364
5 369
9 372
10 366
9 352
13 356
4 356
4 363
7 377
4 373
4 379
8 374
14 356
9 371
4 367
4 372
4 378
5 378
4 387
15 377
8 378
11 374
9 378
4 385
11 386
12 366
4 364
4 365
4 373
4 383
11 386
14 379
8 379
10 372
