1.000164e+00 1.000053e+00
1.000096e+00 1.000047e+00
1.000127e+00 1.000083e+00
1.000362e+00 1.000171e+00
1.000439e+00 1.000209e+00
1.000640e+00 1.000320e+00
1.000722e+00 1.000358e+00
1.000713e+00 1.000364e+00
1.000881e+00 1.000480e+00
1.000696e+00 1.000392e+00
1.000809e+00 1.000495e+00
1.000815e+00 1.000495e+00
1.000862e+00 1.000479e+00
1.000782e+00 1.000453e+00
1.000842e+00 1.000494e+00
1.000718e+00 1.000415e+00
1.000762e+00 1.000449e+00
1.000788e+00 1.000463e+00
1.000811e+00 1.000463e+00
1.000769e+00 1.000442e+00
1.000808e+00 1.000474e+00
1.000874e+00 1.000493e+00
1.001045e+00 1.000630e+00
1.001403e+00 1.000774e+00
1.001107e+00 1.000659e+00
1.000835e+00 1.000492e+00
1.000757e+00 1.000449e+00
1.000898e+00 1.000511e+00
1.001039e+00 1.000581e+00
1.001242e+00 1.000661e+00
1.000943e+00 1.000576e+00
1.001026e+00 1.000581e+00
1.000803e+00 1.000474e+00
1.001005e+00 1.000611e+00
1.001237e+00 1.000741e+00
1.001140e+00 1.000653e+00
1.000756e+00 1.000463e+00
1.001042e+00 1.000629e+00
1.000673e+00 1.000394e+00
1.000818e+00 1.000502e+00
1.001138e+00 1.000689e+00
1.001303e+00 1.000779e+00
1.000698e+00 1.000429e+00
1.000925e+00 1.000570e+00
1.000953e+00 1.000557e+00
1.000710e+00 1.000441e+00
1.000877e+00 1.000543e+00
1.001135e+00 1.000692e+00
1.000923e+00 1.000518e+00
1.000796e+00 1.000501e+00
1.001216e+00 1.000762e+00
1.000702e+00 1.000435e+00
1.000852e+00 1.000525e+00
1.000996e+00 1.000594e+00
1.001190e+00 1.000731e+00
1.000649e+00 1.000407e+00
1.000911e+00 1.000568e+00
1.001169e+00 1.000696e+00
1.000714e+00 1.000443e+00
1.000893e+00 1.000535e+00
1.001071e+00 1.000687e+00
1.001147e+00 1.000653e+00
1.000952e+00 1.000600e+00
1.001229e+00 1.000788e+00
1.001627e+00 1.001043e+00
1.000672e+00 1.000413e+00
1.000918e+00 1.000585e+00
1.001421e+00 1.000912e+00
1.000830e+00 1.000533e+00
1.000969e+00 1.000631e+00
1.001230e+00 1.000807e+00
1.001633e+00 1.001031e+00
1.000878e+00 1.000548e+00
1.001083e+00 1.000701e+00
1.001770e+00 1.001099e+00
1.000701e+00 1.000457e+00
1.000987e+00 1.000647e+00
1.001211e+00 1.000792e+00
1.000759e+00 1.000476e+00
1.000937e+00 1.000605e+00
1.001361e+00 1.000887e+00
1.000862e+00 1.000567e+00
1.001010e+00 1.000664e+00
1.001105e+00 1.000659e+00
1.001480e+00 1.000961e+00
1.000920e+00 1.000598e+00
1.001076e+00 1.000706e+00
1.001423e+00 1.000923e+00
1.000739e+00 1.000500e+00
1.001018e+00 1.000668e+00
1.001166e+00 1.000765e+00
1.001027e+00 1.000570e+00
1.001209e+00 1.000795e+00
1.001309e+00 1.000864e+00
1.001693e+00 1.001079e+00
1.001793e+00 1.001014e+00
1.001026e+00 1.000670e+00
1.001413e+00 1.000937e+00
1.000939e+00 1.000620e+00
1.001059e+00 1.000701e+00
1.001402e+00 1.000882e+00
1.001648e+00 1.001036e+00
1.000966e+00 1.000635e+00
1.001140e+00 1.000766e+00
1.001322e+00 1.000836e+00
1.000825e+00 1.000546e+00
1.001067e+00 1.000714e+00
1.001339e+00 1.000836e+00
1.001090e+00 1.000601e+00
1.001231e+00 1.000827e+00
1.001376e+00 1.000935e+00
1.000930e+00 1.000626e+00
1.001089e+00 1.000730e+00
1.001200e+00 1.000739e+00
1.001508e+00 1.001013e+00
1.000960e+00 1.000650e+00
1.001097e+00 1.000745e+00
1.001606e+00 1.001095e+00
1.000826e+00 1.000568e+00
1.001101e+00 1.000740e+00
1.001207e+00 1.000814e+00
1.000776e+00 1.000531e+00
1.000987e+00 1.000675e+00
1.001314e+00 1.000903e+00
1.001721e+00 1.001142e+00
1.001970e+00 1.001308e+00
1.000763e+00 1.000509e+00
1.001475e+00 1.001012e+00
1.000986e+00 1.000676e+00
1.001063e+00 1.000733e+00
1.001395e+00 1.000927e+00
1.001685e+00 1.001112e+00
1.001037e+00 1.000698e+00
1.001171e+00 1.000805e+00
1.001849e+00 1.001277e+00
1.000878e+00 1.000605e+00
1.001112e+00 1.000767e+00
1.001375e+00 1.000916e+00
1.000866e+00 1.000596e+00
1.001037e+00 1.000712e+00
1.001430e+00 1.000992e+00
1.000952e+00 1.000666e+00
1.001302e+00 1.000873e+00
1.001265e+00 1.000812e+00
1.001607e+00 1.001121e+00
1.000995e+00 1.000688e+00
1.001135e+00 1.000794e+00
1.001767e+00 1.001238e+00
1.000839e+00 1.000594e+00
1.001323e+00 1.000856e+00
1.001269e+00 1.000886e+00
1.001929e+00 1.001295e+00
1.000916e+00 1.000633e+00
1.001382e+00 1.000975e+00
1.001824e+00 1.001278e+00
1.002079e+00 1.001349e+00
1.001156e+00 1.000809e+00
1.001547e+00 1.001094e+00
1.001027e+00 1.000720e+00
1.001140e+00 1.000806e+00
1.001462e+00 1.001001e+00
1.001771e+00 1.001241e+00
1.001048e+00 1.000737e+00
1.001214e+00 1.000862e+00
1.001633e+00 1.001144e+00
1.000970e+00 1.000684e+00
1.001351e+00 1.000889e+00
1.001539e+00 1.001007e+00
1.001780e+00 1.001161e+00
1.001165e+00 1.000832e+00
1.001477e+00 1.001056e+00
1.002128e+00 1.001386e+00
1.001324e+00 1.000941e+00
1.001458e+00 1.000960e+00
1.001650e+00 1.001175e+00
1.001139e+00 1.000813e+00
1.001208e+00 1.000872e+00
1.001793e+00 1.001296e+00
1.002112e+00 1.001454e+00
1.000944e+00 1.000670e+00
1.001318e+00 1.000948e+00
1.001964e+00 1.001418e+00
1.001006e+00 1.000724e+00
1.001438e+00 1.001044e+00
1.001836e+00 1.001307e+00
1.002228e+00 1.001606e+00
1.001060e+00 1.000754e+00
1.001588e+00 1.001152e+00
1.001176e+00 1.000850e+00
1.001247e+00 1.000905e+00
1.001560e+00 1.001086e+00
1.001812e+00 1.001278e+00
1.001333e+00 1.000952e+00
1.001362e+00 1.000987e+00
1.001759e+00 1.001293e+00
1.001155e+00 1.000835e+00
1.001493e+00 1.001040e+00
1.001625e+00 1.001091e+00
1.001819e+00 1.001316e+00
1.001098e+00 1.000795e+00
1.001505e+00 1.001115e+00
1.001381e+00 1.000974e+00
1.001776e+00 1.001264e+00
1.002071e+00 1.001414e+00
1.001653e+00 1.001207e+00
1.001246e+00 1.000908e+00
1.001395e+00 1.001029e+00
1.001610e+00 1.001182e+00
1.001843e+00 1.001327e+00
1.001294e+00 1.000952e+00
1.001411e+00 1.001038e+00
1.001603e+00 1.001176e+00
1.001301e+00 1.000955e+00
1.001490e+00 1.001101e+00
1.001776e+00 1.001277e+00
1.002038e+00 1.001456e+00
1.001689e+00 1.001242e+00
1.001613e+00 1.001195e+00
1.001565e+00 1.001109e+00
1.001622e+00 1.001197e+00
1.001796e+00 1.001248e+00
1.001955e+00 1.001357e+00
1.002752e+00 1.001923e+00
1.002142e+00 1.001573e+00
1.001764e+00 1.001309e+00
1.001468e+00 1.001089e+00
1.001839e+00 1.001330e+00
1.001944e+00 1.001383e+00
1.001895e+00 1.001383e+00
1.001602e+00 1.001191e+00
1.001651e+00 1.001235e+00
1.001735e+00 1.001228e+00
1.001996e+00 1.001428e+00
1.001657e+00 1.001229e+00
1.001681e+00 1.001244e+00
1.001780e+00 1.001265e+00
1.001675e+00 1.001250e+00
1.001585e+00 1.001173e+00
1.001903e+00 1.001405e+00
1.002257e+00 1.001627e+00
1.001909e+00 1.001420e+00
1.002633e+00 1.001838e+00
1.002012e+00 1.001492e+00
1.001798e+00 1.001352e+00
1.002040e+00 1.001501e+00
1.002265e+00 1.001612e+00
1.001860e+00 1.001390e+00
1.002681e+00 1.001933e+00
1.001855e+00 1.001378e+00
1.001875e+00 1.001417e+00
1.002138e+00 1.001572e+00
1.002271e+00 1.001629e+00
1.002030e+00 1.001524e+00
1.001821e+00 1.001327e+00
1.001797e+00 1.001352e+00
1.001912e+00 1.001439e+00
1.002266e+00 1.001692e+00
1.002514e+00 1.001842e+00
1.002156e+00 1.001618e+00
1.002200e+00 1.001567e+00
1.002040e+00 1.001547e+00
1.001951e+00 1.001468e+00
1.002228e+00 1.001665e+00
1.002511e+00 1.001823e+00
1.002140e+00 1.001618e+00
1.003062e+00 1.002255e+00
1.002296e+00 1.001742e+00
1.002278e+00 1.001703e+00
1.002315e+00 1.001678e+00
1.002619e+00 1.001951e+00
1.002237e+00 1.001666e+00
1.001938e+00 1.001468e+00
1.002779e+00 1.002023e+00
1.002203e+00 1.001667e+00
1.002337e+00 1.001758e+00
1.002646e+00 1.001972e+00
1.001983e+00 1.001503e+00
1.002782e+00 1.002034e+00
1.002332e+00 1.001632e+00
1.003150e+00 1.002312e+00
1.002530e+00 1.001923e+00
1.002483e+00 1.001829e+00
1.002591e+00 1.001974e+00
1.002409e+00 1.001784e+00
1.002477e+00 1.001896e+00
1.002405e+00 1.001816e+00
1.002552e+00 1.001937e+00
1.002802e+00 1.002075e+00
1.002590e+00 1.001940e+00
1.003261e+00 1.002419e+00
1.002726e+00 1.002064e+00
1.002402e+00 1.001865e+00
1.002480e+00 1.001845e+00
1.002663e+00 1.001966e+00
1.002627e+00 1.002012e+00
1.002126e+00 1.001643e+00
1.002903e+00 1.002210e+00
1.002336e+00 1.001815e+00
1.002596e+00 1.002010e+00
1.002851e+00 1.002214e+00
1.002374e+00 1.001841e+00
1.003214e+00 1.002482e+00
1.004098e+00 1.003078e+00
1.003262e+00 1.002546e+00
1.003471e+00 1.002606e+00
1.002024e+00 1.001589e+00
1.003151e+00 1.002459e+00
1.002137e+00 1.001675e+00
1.002970e+00 1.002257e+00
1.002418e+00 1.001921e+00
1.002725e+00 1.002144e+00
1.002962e+00 1.002291e+00
1.002530e+00 1.001987e+00
1.002582e+00 1.002007e+00
1.002489e+00 1.001955e+00
1.002315e+00 1.001835e+00
1.002519e+00 1.001984e+00
1.002849e+00 1.002243e+00
1.003809e+00 1.002942e+00
1.002723e+00 1.002156e+00
1.002302e+00 1.001801e+00
1.003254e+00 1.002546e+00
1.003489e+00 1.002733e+00
1.003704e+00 1.002873e+00
1.002461e+00 1.001941e+00
1.003273e+00 1.002539e+00
1.003091e+00 1.002469e+00
1.002626e+00 1.002102e+00
1.002746e+00 1.002145e+00
1.003121e+00 1.002489e+00
1.002390e+00 1.001911e+00
1.002424e+00 1.001940e+00
1.002290e+00 1.001846e+00
1.003009e+00 1.002286e+00
1.003227e+00 1.002552e+00
1.003392e+00 1.002659e+00
1.002483e+00 1.001997e+00
1.003309e+00 1.002629e+00
1.002366e+00 1.001910e+00
1.003192e+00 1.002510e+00
1.003484e+00 1.002804e+00
1.003802e+00 1.003045e+00
1.002749e+00 1.002231e+00
1.003492e+00 1.002739e+00
1.003028e+00 1.002461e+00
1.002467e+00 1.002001e+00
1.002679e+00 1.002127e+00
1.002944e+00 1.002346e+00
1.002999e+00 1.002429e+00
1.002345e+00 1.001917e+00
1.002544e+00 1.002088e+00
1.002256e+00 1.001834e+00
1.002652e+00 1.002131e+00
1.002918e+00 1.002365e+00
1.002984e+00 1.002434e+00
1.002619e+00 1.002151e+00
1.002769e+00 1.002275e+00
1.003585e+00 1.002900e+00
1.003798e+00 1.003062e+00
1.002474e+00 1.002030e+00
1.002469e+00 1.002040e+00
1.002275e+00 1.001884e+00
1.003118e+00 1.002493e+00
1.003942e+00 1.003178e+00
1.004218e+00 1.003406e+00
1.002417e+00 1.001998e+00
1.002529e+00 1.002089e+00
1.002547e+00 1.002116e+00
1.002658e+00 1.002213e+00
1.003461e+00 1.002830e+00
1.003653e+00 1.002986e+00
1.003804e+00 1.003124e+00
1.002784e+00 1.002314e+00
1.003489e+00 1.002831e+00
1.002746e+00 1.002286e+00
1.002796e+00 1.002337e+00
1.003104e+00 1.002594e+00
1.003694e+00 1.003102e+00
1.003000e+00 1.002504e+00
1.002803e+00 1.002328e+00
1.002562e+00 1.002134e+00
1.002785e+00 1.002344e+00
1.003249e+00 1.002726e+00
1.003512e+00 1.002941e+00
1.003276e+00 1.002728e+00
1.003084e+00 1.002584e+00
1.002662e+00 1.002212e+00
1.002675e+00 1.002222e+00
1.003208e+00 1.002670e+00
1.003661e+00 1.003046e+00
1.004499e+00 1.003684e+00
1.003032e+00 1.002490e+00
1.004082e+00 1.003333e+00
1.005321e+00 1.004356e+00
1.003246e+00 1.002644e+00
1.003468e+00 1.002802e+00
1.004627e+00 1.003762e+00
1.005731e+00 1.004651e+00
1.004151e+00 1.003350e+00
1.005128e+00 1.004157e+00
1.005753e+00 1.004682e+00
1.004131e+00 1.003325e+00
1.005254e+00 1.004264e+00
1.004433e+00 1.003564e+00
1.005383e+00 1.004322e+00
1.003921e+00 1.003157e+00
1.004531e+00 1.003662e+00
1.005149e+00 1.004146e+00
1.004310e+00 1.003477e+00
1.004778e+00 1.003859e+00
1.006022e+00 1.004861e+00
1.007061e+00 1.005674e+00
1.007652e+00 1.006171e+00
1.005554e+00 1.004495e+00
1.006780e+00 1.005490e+00
1.006446e+00 1.005234e+00
1.007689e+00 1.006223e+00
1.008854e+00 1.007144e+00
1.001016e+00 1.000262e+00
1.000616e+00 1.000287e+00
1.000639e+00 1.000301e+00
1.000656e+00 1.000331e+00
1.000605e+00 1.000168e+00
1.000609e+00 1.000264e+00
1.000565e+00 1.000294e+00
1.000490e+00 1.000318e+00
1.000529e+00 1.000238e+00
1.000590e+00 1.000304e+00
1.000622e+00 1.000272e+00
1.000649e+00 1.000248e+00
1.000612e+00 1.000436e+00
1.000644e+00 1.000331e+00
1.000738e+00 1.000350e+00
1.000741e+00 1.000351e+00
1.000784e+00 1.000639e+00
1.000775e+00 1.000355e+00
1.000805e+00 1.000662e+00
1.000918e+00 1.000705e+00
1.001014e+00 1.000504e+00
1.000984e+00 1.000489e+00
1.001181e+00 1.000961e+00
1.001614e+00 1.001271e+00
1.001855e+00 1.001448e+00
1.002053e+00 1.001015e+00
1.002711e+00 1.001345e+00
1.003370e+00 1.001674e+00
1.002916e+00 1.001436e+00
1.002362e+00 1.001103e+00
1.002387e+00 1.001914e+00
1.002609e+00 1.002042e+00
1.002595e+00 1.001275e+00
1.003162e+00 1.002597e+00
1.003972e+00 1.003098e+00
1.003440e+00 1.001714e+00
1.003158e+00 1.002436e+00
1.002619e+00 1.001298e+00
1.003050e+00 1.002445e+00
1.002615e+00 1.001295e+00
1.003177e+00 1.002612e+00
1.003979e+00 1.003213e+00
1.004371e+00 1.002947e+00
1.003335e+00 1.001654e+00
1.002881e+00 1.001290e+00
1.002744e+00 1.001932e+00
1.002906e+00 1.002381e+00
1.003684e+00 1.002926e+00
1.004038e+00 1.002014e+00
1.003018e+00 1.001512e+00
1.002704e+00 1.002110e+00
1.002397e+00 1.001200e+00
1.002077e+00 1.000975e+00
1.001944e+00 1.001589e+00
1.002212e+00 1.001777e+00
1.002439e+00 1.001241e+00
1.002679e+00 1.001339e+00
1.003187e+00 1.001667e+00
1.003438e+00 1.001741e+00
1.003086e+00 1.001490e+00
1.002903e+00 1.002199e+00
1.002861e+00 1.002254e+00
1.002536e+00 1.001296e+00
1.002441e+00 1.001914e+00
1.002245e+00 1.001138e+00
1.002873e+00 1.002314e+00
1.003302e+00 1.002651e+00
1.002469e+00 1.001252e+00
1.002358e+00 1.001928e+00
1.002999e+00 1.002485e+00
1.003804e+00 1.002910e+00
1.004531e+00 1.002322e+00
1.004207e+00 1.002124e+00
1.003364e+00 1.001702e+00
1.003100e+00 1.001440e+00
1.002970e+00 1.002093e+00
1.003213e+00 1.002668e+00
1.004061e+00 1.003207e+00
1.004379e+00 1.002190e+00
1.003930e+00 1.002019e+00
1.003123e+00 1.001601e+00
1.002837e+00 1.001244e+00
1.002924e+00 1.002424e+00
1.002980e+00 1.001540e+00
1.002788e+00 1.001430e+00
1.002496e+00 1.001212e+00
1.002298e+00 1.000997e+00
1.002336e+00 1.001917e+00
1.002970e+00 1.002430e+00
1.003669e+00 1.001915e+00
1.003893e+00 1.002026e+00
1.003464e+00 1.001786e+00
1.002854e+00 1.001457e+00
1.002813e+00 1.002138e+00
1.003194e+00 1.002625e+00
1.004005e+00 1.003179e+00
1.003852e+00 1.002007e+00
1.004069e+00 1.003279e+00
1.004883e+00 1.003570e+00
1.004599e+00 1.002406e+00
1.005338e+00 1.004407e+00
1.006233e+00 1.005032e+00
1.006542e+00 1.003433e+00
1.005559e+00 1.002876e+00
1.004519e+00 1.002352e+00
1.005117e+00 1.004215e+00
1.005977e+00 1.004902e+00
1.006917e+00 1.004277e+00
1.006062e+00 1.003172e+00
1.006424e+00 1.005229e+00
1.007215e+00 1.003791e+00
1.006459e+00 1.003427e+00
1.007240e+00 1.005997e+00
1.008197e+00 1.006535e+00
1.008563e+00 1.004557e+00
1.008957e+00 1.005902e+00
1.009820e+00 1.005247e+00
1.010735e+00 1.007190e+00
1.011484e+00 1.006164e+00
1.012315e+00 1.009585e+00
1.011793e+00 1.006272e+00
1.011778e+00 1.009562e+00
1.012679e+00 1.010085e+00
1.013608e+00 1.007612e+00
1.014465e+00 1.007735e+00
1.015452e+00 1.012136e+00
1.015923e+00 1.009767e+00
1.016335e+00 1.008690e+00
1.017275e+00 1.009169e+00
1.018085e+00 1.009669e+00
1.017891e+00 1.009633e+00
1.018946e+00 1.015462e+00
1.019358e+00 1.010373e+00
1.019711e+00 1.010615e+00
1.019869e+00 1.010713e+00
1.020815e+00 1.017069e+00
1.021808e+00 1.014967e+00
1.022697e+00 1.012212e+00
1.022957e+00 1.012456e+00
1.023539e+00 1.018512e+00
1.024536e+00 1.013126e+00
1.025575e+00 1.013726e+00
1.026254e+00 1.014110e+00
1.027267e+00 1.022159e+00
1.027806e+00 1.015472e+00
1.028204e+00 1.015099e+00
1.029138e+00 1.015611e+00
1.030193e+00 1.024323e+00
1.031286e+00 1.024081e+00
1.031515e+00 1.016732e+00
1.020364e+00 1.010412e+00
1.010510e+00 1.004907e+00
1.004828e+00 1.003652e+00
1.002885e+00 1.002214e+00
1.002085e+00 1.001643e+00
1.001667e+00 1.001299e+00
1.001723e+00 1.001390e+00
1.001383e+00 1.000740e+00
1.001359e+00 1.000735e+00
1.001701e+00 1.001374e+00
1.001508e+00 1.000834e+00
1.001546e+00 1.001258e+00
1.001729e+00 1.001415e+00
1.001960e+00 1.001418e+00
1.002432e+00 1.001333e+00
1.003229e+00 1.002269e+00
1.002777e+00 1.001504e+00
1.002149e+00 1.001153e+00
1.002312e+00 1.001889e+00
1.002596e+00 1.002043e+00
1.003159e+00 1.001751e+00
1.003811e+00 1.002098e+00
1.003240e+00 1.001765e+00
1.002303e+00 1.001261e+00
1.001996e+00 1.001620e+00
1.001735e+00 1.000928e+00
1.002117e+00 1.001713e+00
1.002786e+00 1.002276e+00
1.003413e+00 1.001873e+00
1.002960e+00 1.001626e+00
1.002365e+00 1.001304e+00
1.001800e+00 1.001001e+00
1.001910e+00 1.001559e+00
1.002270e+00 1.001856e+00
1.002848e+00 1.002065e+00
1.003479e+00 1.001933e+00
1.003080e+00 1.001693e+00
1.001942e+00 1.001077e+00
1.001808e+00 1.001440e+00
1.002194e+00 1.001779e+00
1.002522e+00 1.001780e+00
1.002091e+00 1.001161e+00
1.001833e+00 1.001345e+00
1.001641e+00 1.001079e+00
1.001457e+00 1.000752e+00
1.001746e+00 1.001344e+00
1.002292e+00 1.001709e+00
1.002812e+00 1.001592e+00
1.002840e+00 1.002097e+00
1.002901e+00 1.001616e+00
1.002157e+00 1.001220e+00
1.001897e+00 1.001514e+00
1.002274e+00 1.001812e+00
1.002728e+00 1.001536e+00
1.002293e+00 1.001283e+00
1.001749e+00 1.000970e+00
1.001851e+00 1.000923e+00
1.001199e+00 1.000691e+00
1.001517e+00 1.001245e+00
1.001979e+00 1.001608e+00
1.001933e+00 1.001091e+00
1.002094e+00 1.001696e+00
1.002749e+00 1.002108e+00
1.002904e+00 1.001629e+00
1.002115e+00 1.001172e+00
1.002119e+00 1.001616e+00
1.002103e+00 1.001731e+00
1.002339e+00 1.001860e+00
1.002813e+00 1.001613e+00
1.003372e+00 1.002747e+00
1.004278e+00 1.003199e+00
1.003029e+00 1.001719e+00
1.002668e+00 1.002134e+00
1.002396e+00 1.001166e+00
1.002014e+00 1.001615e+00
1.002419e+00 1.001994e+00
1.002517e+00 1.001435e+00
1.002017e+00 1.001158e+00
1.002119e+00 1.001759e+00
1.002298e+00 1.001703e+00
1.002809e+00 1.001643e+00
1.003378e+00 1.002035e+00
1.003171e+00 1.001766e+00
1.002120e+00 1.001207e+00
1.001932e+00 1.001550e+00
1.001649e+00 1.000904e+00
