10 76
10 91
10 81
11 86
9 87
8 83
11 76
11 87
11 80
11 85
9 89
9 86
11 78
11 89
11 77
10 81
8 86
8 87
10 78
10 86
10 77
10 71
8 85
8 89
10 74
10 75
10 83
10 67
8 70
8 79
10 76
10 67
11 85
11 73
9 69
8 71
11 89
11 65
11 73
11 80
9 66
9 65
11 76
11 71
11 67
11 78
8 78
9 65
11 66
11 82
11 65
11 72
8 75
8 80
11 64
11 74
11 72
11 66
8 69
8 75
10 67
10 64
11 78
11 69
9 70
8 67
11 75
11 67
11 62
11 74
8 70
9 63
11 61
11 76
11 67
11 61
9 64
9 76
11 67
11 58
11 78
11 62
9 61
9 63
11 80
11 64
11 58
11 80
8 69
9 63
11 59
11 80
11 62
11 61
9 73
9 84
11 64
11 60
11 81
11 68
9 55
9 53
11 78
11 60
11 53
11 83
9 67
9 65
11 52
11 82
11 64
12 51
9 64
9 78
11 63
11 56
11 83
11 73
9 62
9 57
11 80
12 73
11 57
22 78
8 88
9 72
19 56
20 76
11 73
12 56
8 55
11 73
18 77
9 58
9 69
24 89
16 65
12 56
14 68
25 88
21 56
18 63
17 79
16 87
20 58
21 55
20 85
18 64
17 56
16 53
16 83
23 65
29 55
18 76
14 85
8 66
10 53
15 77
17 68
21 54
15 56
14 76
15 85
16 58
19 76
23 91
29 66
20 58
17 66
20 89
19 63
18 63
17 86
17 95
17 69
15 65
21 92
19 73
13 67
16 66
10 94
13 80
18 70
14 94
18 98
11 79
18 66
9 89
20 96
20 69
17 72
8 93
11 105
10 82
10 104
11 125
8 119
8 115
9 125
9 168
10 190
9 245
7 264
7 294
9 346
8 343
6 366
6 375
4 371
4 376
8 387
9 403
8 395
8 383
4 382
9 397
11 400
4 387
10 391
8 373
7 380
4 380
8 388
9 395
8 395
8 380
4 383
7 388
8 407
4 395
10 392
8 408
4 403
4 401
9 386
8 397
8 389
4 382
9 388
8 412
10 375
8 393
8 385
8 388
8 388
4 386
8 370
9 378
8 384
9 378
8 377
4 378
11 371
8 375
8 377
8 370
4 362
8 371
8 379
8 371
9 375
8 382
5 381
4 360
9 372
8 380
8 368
9 367
5 375
5 376
8 370
9 371
9 376
8 361
5 352
7 375
8 372
9 375
9 372
8 369
5 365
7 363
8 371
9 374
9 358
9 367
5 369
5 365
9 367
8 372
9 375
9 369
8 359
5 361
8 367
9 358
8 373
8 373
5 374
5 357
10 369
8 377
9 357
8 372
5 374
5 367
9 354
9 365
8 362
8 366
5 366
7 368
9 377
9 362
8 357
8 361
8 364
5 355
8 374
9 372
9 369
8 360
5 370
5 360
9 354
8 358
8 369
8 359
7 339
7 341
9 338
9 347
9 352
9 350
9 339
8 345
8 344
9 345
8 347
9 343
7 343
8 332
9 345
9 357
9 339
9 350
6 340
8 337
9 341
8 343
9 341
9 343
8 337
8 334
8 342
9 324
9 337
9 342
8 340
8 338
9 335
9 332
9 334
9 335
6 340
6 340
9 349
9 326
9 335
9 321
6 330
6 338
9 340
9 337
8 344
9 327
8 328
7 332
8 326
9 333
8 334
9 327
6 332
7 337
9 336
10 329
9 333
9 336
6 338
6 341
8 336
8 311
8 313
9 319
8 331
8 339
9 329
9 313
9 312
9 320
8 323
8 325
9 330
9 332
10 323
9 329
6 334
6 326
9 333
9 318
9 314
8 319
8 319
8 318
8 318
9 308
8 310
9 313
8 328
6 330
9 327
9 327
8 322
8 333
8 328
8 318
8 319
8 309
9 306
9 310
7 306
8 321
9 286
9 294
9 295
9 298
8 299
8 301
9 308
9 288
9 296
9 302
8 293
8 285
9 294
9 294
9 291
9 287
8 296
8 299
