1.000165e+00 1.000081e+00
1.000033e+00 1.000016e+00
1.000023e+00 1.000012e+00
1.000022e+00 1.000012e+00
1.000017e+00 1.000011e+00
1.000021e+00 1.000012e+00
1.000020e+00 1.000011e+00
1.000020e+00 1.000010e+00
1.000020e+00 1.000010e+00
1.000021e+00 1.000011e+00
1.000018e+00 1.000010e+00
1.000018e+00 1.000010e+00
1.000019e+00 1.000010e+00
1.000019e+00 1.000010e+00
1.000018e+00 1.000010e+00
1.000020e+00 1.000011e+00
1.000018e+00 1.000010e+00
1.000019e+00 1.000011e+00
1.000019e+00 1.000010e+00
1.000020e+00 1.000011e+00
1.000018e+00 1.000010e+00
1.000019e+00 1.000010e+00
1.000020e+00 1.000012e+00
1.000017e+00 1.000009e+00
1.000018e+00 1.000010e+00
1.000021e+00 1.000011e+00
1.000019e+00 1.000010e+00
1.000019e+00 1.000011e+00
1.000020e+00 1.000011e+00
1.000021e+00 1.000012e+00
1.000019e+00 1.000010e+00
1.000021e+00 1.000011e+00
1.000020e+00 1.000011e+00
1.000019e+00 1.000010e+00
1.000021e+00 1.000013e+00
1.000021e+00 1.000012e+00
1.000020e+00 1.000011e+00
1.000021e+00 1.000012e+00
1.000022e+00 1.000012e+00
1.000020e+00 1.000011e+00
1.000022e+00 1.000014e+00
1.000023e+00 1.000013e+00
1.000022e+00 1.000012e+00
1.000021e+00 1.000012e+00
1.000023e+00 1.000013e+00
1.000021e+00 1.000012e+00
1.000020e+00 1.000012e+00
1.000022e+00 1.000013e+00
1.000022e+00 1.000012e+00
1.000020e+00 1.000011e+00
1.000022e+00 1.000012e+00
1.000021e+00 1.000012e+00
1.000020e+00 1.000012e+00
1.000020e+00 1.000012e+00
1.000023e+00 1.000013e+00
1.000021e+00 1.000012e+00
1.000021e+00 1.000012e+00
1.000023e+00 1.000013e+00
1.000019e+00 1.000012e+00
1.000021e+00 1.000013e+00
1.000022e+00 1.000012e+00
1.000023e+00 1.000013e+00
1.000021e+00 1.000012e+00
1.000021e+00 1.000013e+00
1.000022e+00 1.000014e+00
1.000021e+00 1.000012e+00
1.000021e+00 1.000012e+00
1.000022e+00 1.000013e+00
1.000021e+00 1.000012e+00
1.000021e+00 1.000013e+00
1.000022e+00 1.000013e+00
1.000024e+00 1.000015e+00
1.000021e+00 1.000012e+00
1.000022e+00 1.000013e+00
1.000024e+00 1.000014e+00
1.000022e+00 1.000013e+00
1.000026e+00 1.000017e+00
1.000022e+00 1.000013e+00
1.000024e+00 1.000014e+00
1.000022e+00 1.000013e+00
1.000024e+00 1.000014e+00
1.000024e+00 1.000014e+00
1.000020e+00 1.000013e+00
1.000023e+00 1.000015e+00
1.000025e+00 1.000014e+00
1.000024e+00 1.000014e+00
1.000023e+00 1.000014e+00
1.000025e+00 1.000015e+00
1.000025e+00 1.000015e+00
1.000022e+00 1.000014e+00
1.000024e+00 1.000014e+00
1.000025e+00 1.000015e+00
1.000023e+00 1.000014e+00
1.000024e+00 1.000015e+00
1.000026e+00 1.000017e+00
1.000024e+00 1.000015e+00
1.000023e+00 1.000013e+00
1.000025e+00 1.000015e+00
1.000027e+00 1.000016e+00
1.000023e+00 1.000014e+00
1.000024e+00 1.000016e+00
1.000027e+00 1.000018e+00
1.000027e+00 1.000016e+00
1.000022e+00 1.000014e+00
1.000025e+00 1.000015e+00
1.000027e+00 1.000016e+00
1.000026e+00 1.000017e+00
1.000022e+00 1.000014e+00
1.000026e+00 1.000015e+00
1.000028e+00 1.000016e+00
1.000023e+00 1.000013e+00
1.000028e+00 1.000017e+00
1.000032e+00 1.000020e+00
1.000028e+00 1.000018e+00
1.000024e+00 1.000014e+00
1.000027e+00 1.000016e+00
1.000031e+00 1.000018e+00
1.000024e+00 1.000014e+00
1.000027e+00 1.000017e+00
1.000030e+00 1.000019e+00
1.000033e+00 1.000019e+00
1.000025e+00 1.000015e+00
1.000028e+00 1.000017e+00
1.000034e+00 1.000022e+00
1.000030e+00 1.000018e+00
1.000023e+00 1.000015e+00
1.000029e+00 1.000018e+00
1.000036e+00 1.000023e+00
1.000028e+00 1.000017e+00
1.000029e+00 1.000018e+00
1.000033e+00 1.000021e+00
1.000037e+00 1.000024e+00
1.000031e+00 1.000019e+00
1.000034e+00 1.000019e+00
1.000039e+00 1.000022e+00
1.000033e+00 1.000021e+00
1.000028e+00 1.000018e+00
1.000034e+00 1.000021e+00
1.000038e+00 1.000023e+00
1.000034e+00 1.000021e+00
1.000029e+00 1.000019e+00
1.000036e+00 1.000023e+00
1.000042e+00 1.000027e+00
1.000031e+00 1.000020e+00
1.000030e+00 1.000019e+00
1.000036e+00 1.000023e+00
1.000039e+00 1.000025e+00
1.000030e+00 1.000019e+00
1.000037e+00 1.000024e+00
1.000038e+00 1.000024e+00
1.000045e+00 1.000028e+00
1.000030e+00 1.000019e+00
1.000038e+00 1.000024e+00
1.000049e+00 1.000031e+00
1.000027e+00 1.000017e+00
1.000029e+00 1.000019e+00
1.000039e+00 1.000024e+00
1.000051e+00 1.000032e+00
1.000030e+00 1.000019e+00
1.000038e+00 1.000024e+00
1.000041e+00 1.000026e+00
1.000050e+00 1.000032e+00
1.000033e+00 1.000021e+00
1.000038e+00 1.000024e+00
1.000046e+00 1.000029e+00
1.000033e+00 1.000021e+00
1.000036e+00 1.000023e+00
1.000044e+00 1.000028e+00
1.000046e+00 1.000029e+00
1.000035e+00 1.000023e+00
1.000035e+00 1.000023e+00
1.000044e+00 1.000028e+00
1.000059e+00 1.000037e+00
1.000039e+00 1.000025e+00
1.000038e+00 1.000025e+00
1.000047e+00 1.000030e+00
1.000057e+00 1.000036e+00
1.000038e+00 1.000024e+00
1.000048e+00 1.000031e+00
1.000049e+00 1.000031e+00
1.000070e+00 1.000044e+00
1.000038e+00 1.000025e+00
1.000049e+00 1.000032e+00
1.000071e+00 1.000045e+00
1.000035e+00 1.000023e+00
1.000035e+00 1.000023e+00
1.000050e+00 1.000032e+00
1.000068e+00 1.000043e+00
1.000038e+00 1.000025e+00
1.000049e+00 1.000032e+00
1.000055e+00 1.000035e+00
1.000061e+00 1.000039e+00
1.000038e+00 1.000024e+00
1.000048e+00 1.000031e+00
1.000057e+00 1.000037e+00
1.000040e+00 1.000026e+00
1.000048e+00 1.000031e+00
1.000065e+00 1.000042e+00
1.000072e+00 1.000047e+00
1.000113e+00 1.000074e+00
1.000081e+00 1.000055e+00
1.000130e+00 1.000089e+00
1.000169e+00 1.000116e+00
1.000267e+00 1.000182e+00
1.000184e+00 1.000150e+00
1.000410e+00 1.000350e+00
1.000695e+00 1.000579e+00
1.001136e+00 1.000913e+00
1.001534e+00 1.001193e+00
1.001859e+00 1.001425e+00
1.002052e+00 1.001667e+00
1.002064e+00 1.001015e+00
1.002299e+00 1.001514e+00
1.002231e+00 1.001421e+00
1.002499e+00 1.001575e+00
1.002031e+00 1.000862e+00
1.001824e+00 1.000936e+00
1.002660e+00 1.001426e+00
1.002260e+00 1.000960e+00
1.001864e+00 1.001171e+00
1.001627e+00 1.001044e+00
1.001770e+00 1.001150e+00
1.001740e+00 1.000783e+00
1.001594e+00 1.000725e+00
1.001633e+00 1.001019e+00
1.001592e+00 1.000721e+00
1.001851e+00 1.001198e+00
1.001624e+00 1.000727e+00
1.001567e+00 1.000706e+00
1.002326e+00 1.001141e+00
1.002126e+00 1.000895e+00
1.001653e+00 1.000734e+00
1.001845e+00 1.001192e+00
1.002353e+00 1.001439e+00
1.001763e+00 1.000775e+00
1.001481e+00 1.000967e+00
1.001621e+00 1.001063e+00
1.002360e+00 1.001183e+00
1.001807e+00 1.000762e+00
1.001387e+00 1.000710e+00
1.001138e+00 1.000533e+00
1.000976e+00 1.000618e+00
1.000895e+00 1.000589e+00
1.000869e+00 1.000492e+00
1.000747e+00 1.000489e+00
1.000818e+00 1.000535e+00
1.000848e+00 1.000391e+00
1.000708e+00 1.000335e+00
1.000788e+00 1.000511e+00
1.000727e+00 1.000333e+00
1.000640e+00 1.000418e+00
1.000721e+00 1.000405e+00
1.000705e+00 1.000325e+00
1.000688e+00 1.000339e+00
1.000673e+00 1.000326e+00
1.000748e+00 1.000348e+00
1.000904e+00 1.000568e+00
1.000703e+00 1.000314e+00
1.000610e+00 1.000291e+00
1.000677e+00 1.000443e+00
1.000581e+00 1.000275e+00
1.000619e+00 1.000417e+00
1.000669e+00 1.000434e+00
1.000799e+00 1.000376e+00
1.000675e+00 1.000297e+00
1.000567e+00 1.000383e+00
1.000636e+00 1.000413e+00
1.000551e+00 1.000260e+00
1.000578e+00 1.000384e+00
1.000620e+00 1.000298e+00
1.000614e+00 1.000289e+00
1.000584e+00 1.000266e+00
1.000522e+00 1.000350e+00
1.000565e+00 1.000371e+00
1.000614e+00 1.000383e+00
1.000534e+00 1.000255e+00
1.000580e+00 1.000281e+00
1.000592e+00 1.000272e+00
1.000510e+00 1.000241e+00
1.000517e+00 1.000344e+00
1.000550e+00 1.000359e+00
1.000515e+00 1.000249e+00
1.000536e+00 1.000258e+00
1.000529e+00 1.000253e+00
1.000525e+00 1.000243e+00
1.000473e+00 1.000230e+00
1.000529e+00 1.000352e+00
1.000593e+00 1.000281e+00
1.000481e+00 1.000233e+00
1.000505e+00 1.000346e+00
1.000517e+00 1.000250e+00
1.000524e+00 1.000244e+00
1.000480e+00 1.000313e+00
1.000499e+00 1.000281e+00
1.000522e+00 1.000255e+00
1.000498e+00 1.000237e+00
1.000488e+00 1.000326e+00
1.000517e+00 1.000262e+00
1.000576e+00 1.000369e+00
1.000638e+00 1.000300e+00
1.000495e+00 1.000231e+00
1.000484e+00 1.000331e+00
1.000491e+00 1.000235e+00
1.000491e+00 1.000328e+00
1.000557e+00 1.000369e+00
1.000630e+00 1.000300e+00
1.000511e+00 1.000240e+00
1.000487e+00 1.000320e+00
1.000492e+00 1.000333e+00
1.000520e+00 1.000253e+00
1.000572e+00 1.000366e+00
1.000550e+00 1.000262e+00
1.000543e+00 1.000255e+00
1.000491e+00 1.000233e+00
1.000516e+00 1.000335e+00
1.000557e+00 1.000260e+00
1.000496e+00 1.000325e+00
1.000531e+00 1.000302e+00
1.000572e+00 1.000264e+00
1.000569e+00 1.000259e+00
1.000536e+00 1.000236e+00
1.000531e+00 1.000331e+00
1.000597e+00 1.000362e+00
1.000657e+00 1.000285e+00
1.000586e+00 1.000245e+00
1.000532e+00 1.000234e+00
1.000492e+00 1.000242e+00
1.000414e+00 1.000207e+00
1.000329e+00 1.000223e+00
1.000300e+00 1.000202e+00
1.000293e+00 1.000146e+00
1.000293e+00 1.000202e+00
1.000318e+00 1.000161e+00
1.000298e+00 1.000146e+00
1.000280e+00 1.000182e+00
1.000290e+00 1.000148e+00
1.000308e+00 1.000154e+00
1.000299e+00 1.000149e+00
1.000310e+00 1.000207e+00
1.000297e+00 1.000146e+00
1.000290e+00 1.000194e+00
1.000276e+00 1.000137e+00
1.000266e+00 1.000134e+00
1.000295e+00 1.000201e+00
1.000270e+00 1.000140e+00
1.000287e+00 1.000194e+00
1.000312e+00 1.000209e+00
1.000313e+00 1.000156e+00
1.000285e+00 1.000142e+00
1.000281e+00 1.000198e+00
1.000291e+00 1.000149e+00
1.000283e+00 1.000196e+00
1.000276e+00 1.000194e+00
1.000269e+00 1.000136e+00
1.000290e+00 1.000146e+00
1.000298e+00 1.000148e+00
1.000263e+00 1.000137e+00
1.000285e+00 1.000186e+00
1.000286e+00 1.000197e+00
1.000286e+00 1.000148e+00
1.000307e+00 1.000156e+00
1.000324e+00 1.000157e+00
1.000272e+00 1.000136e+00
1.000273e+00 1.000186e+00
1.000296e+00 1.000197e+00
1.000317e+00 1.000160e+00
1.000308e+00 1.000157e+00
1.000311e+00 1.000152e+00
1.000305e+00 1.000148e+00
1.000284e+00 1.000142e+00
1.000300e+00 1.000200e+00
1.000320e+00 1.000163e+00
1.000314e+00 1.000157e+00
1.000302e+00 1.000146e+00
1.000332e+00 1.000212e+00
1.000340e+00 1.000156e+00
1.000309e+00 1.000183e+00
1.000308e+00 1.000143e+00
1.000313e+00 1.000150e+00
1.000279e+00 1.000141e+00
1.000270e+00 1.000178e+00
1.000258e+00 1.000134e+00
1.000274e+00 1.000189e+00
1.000293e+00 1.000153e+00
1.000259e+00 1.000145e+00
1.000256e+00 1.000135e+00
1.000252e+00 1.000132e+00
1.000246e+00 1.000132e+00
1.000268e+00 1.000189e+00
1.000290e+00 1.000155e+00
1.000270e+00 1.000148e+00
1.000217e+00 1.000117e+00
1.000200e+00 1.000104e+00
1.000198e+00 1.000100e+00
1.000196e+00 1.000131e+00
1.000200e+00 1.000122e+00
1.000197e+00 1.000103e+00
1.000194e+00 1.000102e+00
1.000200e+00 1.000105e+00
1.000211e+00 1.000120e+00
1.000215e+00 1.000137e+00
1.000213e+00 1.000109e+00
1.000220e+00 1.000115e+00
1.000233e+00 1.000118e+00
1.000212e+00 1.000100e+00
1.000224e+00 1.000110e+00
1.000250e+00 1.000132e+00
1.000252e+00 1.000126e+00
1.000215e+00 1.000121e+00
1.000210e+00 1.000114e+00
1.000194e+00 1.000126e+00
1.000209e+00 1.000135e+00
1.000190e+00 1.000134e+00
1.000179e+00 1.000117e+00
1.000194e+00 1.000113e+00
1.000191e+00 1.000104e+00
1.000202e+00 1.000127e+00
1.000203e+00 1.000107e+00
1.000195e+00 1.000127e+00
1.000205e+00 1.000114e+00
1.000199e+00 1.000112e+00
1.000189e+00 1.000106e+00
1.000184e+00 1.000103e+00
1.000180e+00 1.000104e+00
1.000160e+00 1.000110e+00
1.000147e+00 1.000086e+00
1.000141e+00 1.000081e+00
1.000140e+00 1.000082e+00
1.000124e+00 1.000075e+00
1.000115e+00 1.000067e+00
1.000116e+00 1.000079e+00
1.000118e+00 1.000068e+00
1.000108e+00 1.000066e+00
1.000101e+00 1.000062e+00
1.000116e+00 1.000075e+00
1.000107e+00 1.000061e+00
1.000102e+00 1.000076e+00
1.000099e+00 1.000061e+00
1.000100e+00 1.000059e+00
1.000102e+00 1.000060e+00
1.000098e+00 1.000059e+00
1.000101e+00 1.000060e+00
1.000102e+00 1.000075e+00
1.000098e+00 1.000058e+00
1.000104e+00 1.000062e+00
1.000109e+00 1.000066e+00
1.000100e+00 1.000060e+00
1.000098e+00 1.000061e+00
1.000099e+00 1.000071e+00
1.000102e+00 1.000073e+00
