8 141
9 142
10 142
9 169
7 186
4 185
8 170
9 177
8 183
7 176
4 167
4 178
8 176
7 174
8 173
7 168
4 166
7 163
8 167
7 159
7 169
8 157
4 170
7 175
8 171
8 163
7 171
8 162
4 167
7 171
8 158
8 169
7 161
8 156
4 164
7 162
8 157
8 158
7 154
8 156
4 160
7 156
7 165
8 155
8 157
7 164
4 163
7 156
7 154
4 155
8 155
7 157
4 155
7 152
8 153
7 152
8 132
4 153
4 156
7 149
8 138
7 151
9 157
8 139
4 147
4 150
10 158
8 149
7 155
4 161
8 144
4 149
7 148
9 118
4 148
7 151
8 116
4 121
7 147
9 153
8 127
7 148
4 151
4 157
8 145
4 153
4 156
10 111
8 152
4 155
9 107
7 152
7 150
4 156
8 150
4 153
9 126
8 132
7 145
9 116
4 114
7 147
8 147
9 106
8 147
7 144
7 110
4 113
8 150
10 129
4 122
4 115
4 117
8 139
9 140
4 144
10 121
8 138
4 141
4 139
9 107
8 137
7 132
8 97
4 98
7 135
7 134
9 135
4 141
8 133
8 90
4 100
7 130
10 127
8 135
7 135
4 140
4 144
8 132
4 132
9 99
8 129
4 139
7 135
9 127
4 131
10 132
8 122
5 135
4 140
10 122
8 127
7 131
4 134
9 129
4 129
7 131
9 100
4 125
4 137
4 146
4 144
11 124
7 132
9 139
4 145
7 142
4 143
10 140
4 141
4 154
11 148
4 157
4 157
4 158
11 168
7 177
4 181
9 158
4 156
4 191
11 216
4 196
8 255
4 253
4 256
4 259
12 324
4 324
9 381
4 381
4 371
13 371
7 364
9 366
8 361
6 369
6 365
9 370
8 369
9 380
8 377
4 373
4 372
9 378
9 381
9 381
7 379
4 379
4 380
9 386
9 375
10 392
9 377
4 384
4 385
4 387
10 388
11 386
4 391
4 397
10 398
10 390
4 390
4 389
11 390
4 385
4 387
10 382
4 380
4 380
13 391
4 394
4 388
10 364
4 362
4 363
11 349
4 349
4 348
4 346
14 359
4 356
4 353
15 348
4 348
4 350
12 348
4 346
4 345
4 345
4 348
4 348
4 349
4 349
4 350
18 345
4 345
4 346
4 349
4 350
4 352
4 348
5 347
4 346
5 344
19 350
4 348
23 351
4 352
4 355
4 353
16 348
4 347
4 347
4 347
4 345
16 343
4 343
4 341
3 342
4 343
4 349
4 348
4 350
4 350
4 352
4 352
4 350
4 347
24 339
4 343
4 345
4 344
4 349
4 348
4 349
4 348
4 347
34 345
4 345
4 345
4 344
6 345
4 351
20 337
4 337
5 336
4 337
4 341
3 342
5 339
5 340
5 337
4 333
24 343
4 342
4 339
9 340
4 339
4 341
4 340
4 340
4 341
4 341
35 331
4 330
4 331
4 331
4 332
4 333
4 333
13 326
4 325
4 325
4 329
4 325
7 330
4 334
4 332
4 330
4 329
4 332
100 337
7 338
6 336
4 336
17 335
11 336
7 335
4 335
4 337
4 335
7 340
4 340
4 341
4 341
4 341
4 339
4 339
4 337
4 339
7 333
55 336
4 336
4 334
4 334
4 332
4 333
4 333
4 333
4 335
4 335
4 336
4 335
5 336
17 323
4 323
4 326
4 326
19 317
4 321
4 322
4 328
4 328
4 327
4 325
4 327
4 332
4 332
4 332
4 331
4 337
6 334
4 334
3 337
4 333
4 333
4 332
4 331
4 331
4 331
4 330
4 330
14 318
4 318
4 324
79 318
5 321
4 321
4 319
4 321
4 321
4 321
4 323
4 323
4 323
4 323
4 323
4 325
4 325
4 324
4 324
4 318
4 316
3 316
