1.000377e+00 1.000074e+00
1.000177e+00 1.000050e+00
1.000251e+00 1.000084e+00
1.001261e+00 1.000597e+00
1.001367e+00 1.000650e+00
1.002058e+00 1.000991e+00
1.001866e+00 1.000969e+00
1.001852e+00 1.001030e+00
1.001981e+00 1.001181e+00
1.002521e+00 1.001541e+00
1.002754e+00 1.001648e+00
1.003411e+00 1.001988e+00
1.002401e+00 1.001401e+00
1.002423e+00 1.001396e+00
1.002067e+00 1.001195e+00
1.002584e+00 1.001524e+00
1.002805e+00 1.001565e+00
1.002034e+00 1.001180e+00
1.002224e+00 1.001318e+00
1.002577e+00 1.001488e+00
1.002229e+00 1.001290e+00
1.002515e+00 1.001493e+00
1.003235e+00 1.001882e+00
1.002343e+00 1.001380e+00
1.002186e+00 1.001307e+00
1.002712e+00 1.001615e+00
1.002071e+00 1.001212e+00
1.002376e+00 1.001420e+00
1.003274e+00 1.001928e+00
1.002469e+00 1.001462e+00
1.002049e+00 1.001229e+00
1.002577e+00 1.001560e+00
1.002458e+00 1.001438e+00
1.002253e+00 1.001351e+00
1.003013e+00 1.001839e+00
1.002894e+00 1.001754e+00
1.002175e+00 1.001303e+00
1.002403e+00 1.001468e+00
1.002784e+00 1.001673e+00
1.002031e+00 1.001221e+00
1.002901e+00 1.001800e+00
1.002616e+00 1.001593e+00
1.002695e+00 1.001584e+00
1.002216e+00 1.001369e+00
1.002723e+00 1.001687e+00
1.002414e+00 1.001399e+00
1.003164e+00 1.001803e+00
1.002536e+00 1.001549e+00
1.002962e+00 1.001820e+00
1.004224e+00 1.002527e+00
1.002303e+00 1.001410e+00
1.003050e+00 1.001911e+00
1.003158e+00 1.001829e+00
1.002493e+00 1.001545e+00
1.002668e+00 1.001646e+00
1.002905e+00 1.001772e+00
1.002093e+00 1.001311e+00
1.003511e+00 1.002134e+00
1.004373e+00 1.002732e+00
1.003196e+00 1.001830e+00
1.002471e+00 1.001541e+00
1.002917e+00 1.001840e+00
1.002271e+00 1.001429e+00
1.002465e+00 1.001561e+00
1.003041e+00 1.001889e+00
1.003494e+00 1.002075e+00
1.002434e+00 1.001522e+00
1.002566e+00 1.001624e+00
1.003209e+00 1.002056e+00
1.004457e+00 1.002669e+00
1.002059e+00 1.001299e+00
1.002978e+00 1.001925e+00
1.003427e+00 1.002170e+00
1.002210e+00 1.001393e+00
1.003675e+00 1.002335e+00
1.003774e+00 1.002368e+00
1.002231e+00 1.001431e+00
1.003122e+00 1.002041e+00
1.003053e+00 1.001961e+00
1.002432e+00 1.001549e+00
1.002587e+00 1.001683e+00
1.003114e+00 1.001998e+00
1.003791e+00 1.002385e+00
1.004122e+00 1.002542e+00
1.002468e+00 1.001592e+00
1.003785e+00 1.002347e+00
1.005393e+00 1.003447e+00
1.003778e+00 1.002408e+00
1.003142e+00 1.002040e+00
1.003822e+00 1.002475e+00
1.002576e+00 1.001663e+00
1.002932e+00 1.001919e+00
1.002772e+00 1.001579e+00
1.004586e+00 1.003036e+00
1.002943e+00 1.001912e+00
1.003467e+00 1.002124e+00
1.002503e+00 1.001631e+00
1.002661e+00 1.001760e+00
1.003140e+00 1.002050e+00
1.002568e+00 1.001702e+00
1.003264e+00 1.002162e+00
1.002876e+00 1.001894e+00
1.003224e+00 1.002086e+00
1.002600e+00 1.001731e+00
1.002940e+00 1.001952e+00
1.003302e+00 1.002170e+00
1.002289e+00 1.001531e+00
1.003166e+00 1.002124e+00
1.003119e+00 1.002042e+00
1.002497e+00 1.001663e+00
1.003875e+00 1.002514e+00
1.005197e+00 1.003300e+00
1.005712e+00 1.003675e+00
1.003959e+00 1.002547e+00
1.002468e+00 1.001647e+00
1.003889e+00 1.002574e+00
1.002923e+00 1.001962e+00
1.002914e+00 1.001985e+00
1.003463e+00 1.002254e+00
1.003968e+00 1.002474e+00
1.002907e+00 1.001952e+00
1.003141e+00 1.002124e+00
1.003778e+00 1.002525e+00
1.002662e+00 1.001812e+00
1.003530e+00 1.002423e+00
1.003410e+00 1.002319e+00
1.003959e+00 1.002655e+00
1.002506e+00 1.001703e+00
1.004066e+00 1.002800e+00
1.004342e+00 1.002901e+00
1.002340e+00 1.001610e+00
1.003204e+00 1.002225e+00
1.003730e+00 1.002544e+00
1.003039e+00 1.002078e+00
1.003217e+00 1.002218e+00
1.003890e+00 1.002669e+00
1.004541e+00 1.003062e+00
1.004817e+00 1.003085e+00
1.002997e+00 1.001914e+00
1.004574e+00 1.003143e+00
1.003286e+00 1.002236e+00
1.003543e+00 1.002466e+00
1.004223e+00 1.002917e+00
1.004033e+00 1.002630e+00
1.002465e+00 1.001703e+00
1.004145e+00 1.002905e+00
1.003141e+00 1.002151e+00
1.003271e+00 1.002288e+00
1.003605e+00 1.002451e+00
1.004038e+00 1.002637e+00
1.003120e+00 1.002139e+00
1.003311e+00 1.002288e+00
1.004074e+00 1.002804e+00
1.005398e+00 1.003399e+00
1.002968e+00 1.001942e+00
1.003795e+00 1.002583e+00
1.004395e+00 1.002929e+00
1.003104e+00 1.002029e+00
1.004561e+00 1.002938e+00
1.005931e+00 1.003785e+00
1.006663e+00 1.004161e+00
1.007153e+00 1.004495e+00
1.005043e+00 1.003056e+00
1.004768e+00 1.002846e+00
1.002947e+00 1.001838e+00
1.004591e+00 1.002945e+00
1.004649e+00 1.002919e+00
1.005344e+00 1.003197e+00
1.003459e+00 1.002094e+00
1.004976e+00 1.003038e+00
1.006544e+00 1.004034e+00
1.004139e+00 1.002507e+00
1.004749e+00 1.002861e+00
1.005275e+00 1.003156e+00
1.006849e+00 1.004179e+00
1.004350e+00 1.002610e+00
1.004904e+00 1.002977e+00
1.006402e+00 1.003796e+00
1.004314e+00 1.002612e+00
1.005052e+00 1.003065e+00
1.006410e+00 1.003883e+00
1.004893e+00 1.002966e+00
1.006206e+00 1.003699e+00
1.005793e+00 1.003529e+00
1.006535e+00 1.003969e+00
1.007227e+00 1.004347e+00
1.008840e+00 1.005342e+00
1.006169e+00 1.003793e+00
1.007781e+00 1.004793e+00
1.007092e+00 1.004401e+00
1.007863e+00 1.004889e+00
1.008569e+00 1.005347e+00
1.002418e+00 1.000543e+00
1.002087e+00 1.000772e+00
1.002042e+00 1.000810e+00
1.001937e+00 1.000532e+00
1.001802e+00 1.000682e+00
1.001713e+00 1.000668e+00
1.001673e+00 1.000478e+00
1.001603e+00 1.000458e+00
1.001540e+00 1.000451e+00
1.001471e+00 1.000445e+00
1.001374e+00 1.000771e+00
1.001457e+00 1.000612e+00
1.001480e+00 1.000590e+00
1.001520e+00 1.000580e+00
1.001534e+00 1.000544e+00
1.001482e+00 1.000799e+00
1.001670e+00 1.000996e+00
1.001986e+00 1.000841e+00
1.001917e+00 1.000803e+00
1.001777e+00 1.000748e+00
1.001762e+00 1.000811e+00
1.001564e+00 1.000677e+00
1.001946e+00 1.001187e+00
1.002371e+00 1.001217e+00
1.003323e+00 1.001373e+00
1.002942e+00 1.001198e+00
1.002688e+00 1.001012e+00
1.003369e+00 1.001917e+00
1.004041e+00 1.002264e+00
1.003219e+00 1.001276e+00
1.003025e+00 1.001174e+00
1.003692e+00 1.002212e+00
1.005050e+00 1.002850e+00
1.004115e+00 1.001660e+00
1.004311e+00 1.002579e+00
1.004954e+00 1.002873e+00
1.004466e+00 1.001898e+00
1.005539e+00 1.003143e+00
1.006852e+00 1.002898e+00
1.005367e+00 1.002212e+00
1.005569e+00 1.003090e+00
1.006197e+00 1.002945e+00
1.005660e+00 1.002418e+00
1.006755e+00 1.004047e+00
1.007990e+00 1.003371e+00
1.007053e+00 1.002979e+00
1.007633e+00 1.004495e+00
1.007946e+00 1.003432e+00
1.009300e+00 1.004164e+00
1.008076e+00 1.003406e+00
1.009152e+00 1.005348e+00
1.010607e+00 1.005878e+00
1.008712e+00 1.003536e+00
1.008767e+00 1.005242e+00
1.010063e+00 1.005038e+00
1.009516e+00 1.004019e+00
1.010653e+00 1.006307e+00
1.011856e+00 1.005000e+00
1.012457e+00 1.007233e+00
1.012897e+00 1.005473e+00
1.014020e+00 1.005978e+00
1.015276e+00 1.008913e+00
1.016359e+00 1.006936e+00
1.017715e+00 1.010312e+00
1.015119e+00 1.006301e+00
1.015215e+00 1.009101e+00
1.016283e+00 1.007305e+00
1.017476e+00 1.007480e+00
1.018700e+00 1.007980e+00
1.020110e+00 1.010360e+00
1.020657e+00 1.008705e+00
1.021400e+00 1.012296e+00
1.022195e+00 1.009403e+00
1.023335e+00 1.013136e+00
1.021106e+00 1.008864e+00
1.021783e+00 1.012928e+00
1.019090e+00 1.008217e+00
1.019379e+00 1.011640e+00
1.020347e+00 1.008830e+00
1.021423e+00 1.009326e+00
1.020377e+00 1.008970e+00
1.021548e+00 1.013105e+00
1.022155e+00 1.009678e+00
1.022771e+00 1.010387e+00
1.023950e+00 1.010398e+00
1.023252e+00 1.010101e+00
1.024203e+00 1.014656e+00
1.025448e+00 1.012109e+00
1.026166e+00 1.015684e+00
1.026647e+00 1.011573e+00
1.027578e+00 1.012063e+00
1.028536e+00 1.013335e+00
1.029993e+00 1.018073e+00
1.031361e+00 1.013556e+00
1.031911e+00 1.014676e+00
1.032473e+00 1.014354e+00
1.033644e+00 1.014512e+00
1.034546e+00 1.015011e+00
1.031760e+00 1.013900e+00
1.032782e+00 1.019723e+00
1.033077e+00 1.014553e+00
1.033370e+00 1.014798e+00
1.034545e+00 1.015295e+00
1.035774e+00 1.015796e+00
1.037205e+00 1.021936e+00
1.038479e+00 1.016786e+00
1.038848e+00 1.017016e+00
1.034738e+00 1.015630e+00
1.035467e+00 1.022059e+00
1.036931e+00 1.019301e+00
1.038284e+00 1.016997e+00
1.039539e+00 1.017456e+00
1.039917e+00 1.017666e+00
1.037949e+00 1.017105e+00
1.039161e+00 1.024172e+00
1.040886e+00 1.017996e+00
1.041641e+00 1.018499e+00
1.042754e+00 1.020104e+00
1.043349e+00 1.025736e+00
1.043985e+00 1.021245e+00
1.045358e+00 1.019910e+00
1.046569e+00 1.020389e+00
1.047904e+00 1.027977e+00
1.045224e+00 1.019957e+00
1.045734e+00 1.027733e+00
1.045956e+00 1.020368e+00
1.045828e+00 1.020841e+00
1.047320e+00 1.029358e+00
1.048772e+00 1.021858e+00
1.050168e+00 1.022364e+00
1.050819e+00 1.024250e+00
1.051355e+00 1.022860e+00
1.052345e+00 1.023363e+00
1.047887e+00 1.022161e+00
1.048804e+00 1.030971e+00
1.050265e+00 1.026551e+00
1.050985e+00 1.026690e+00
1.051674e+00 1.023475e+00
1.053001e+00 1.023985e+00
1.054175e+00 1.024481e+00
1.053895e+00 1.024749e+00
1.055176e+00 1.033731e+00
1.055906e+00 1.032525e+00
1.056547e+00 1.028867e+00
1.057885e+00 1.026067e+00
1.058958e+00 1.026457e+00
1.060339e+00 1.035989e+00
1.061687e+00 1.027351e+00
1.062396e+00 1.036310e+00
1.062983e+00 1.027753e+00
1.063982e+00 1.028212e+00
1.051063e+00 1.023841e+00
1.050882e+00 1.033051e+00
1.051150e+00 1.029281e+00
1.051839e+00 1.026402e+00
1.051900e+00 1.026420e+00
1.053032e+00 1.024921e+00
1.054254e+00 1.025404e+00
1.055598e+00 1.025921e+00
1.056815e+00 1.026430e+00
1.057106e+00 1.026677e+00
1.056671e+00 1.026871e+00
1.058063e+00 1.037259e+00
1.059464e+00 1.027899e+00
1.060814e+00 1.028412e+00
1.062162e+00 1.028921e+00
1.062796e+00 1.032870e+00
1.063450e+00 1.032158e+00
1.064679e+00 1.029933e+00
1.065684e+00 1.030433e+00
1.066601e+00 1.030910e+00
1.060973e+00 1.029605e+00
1.061196e+00 1.040203e+00
1.061499e+00 1.032533e+00
1.062345e+00 1.030126e+00
1.063644e+00 1.030646e+00
1.064918e+00 1.031165e+00
1.066200e+00 1.032827e+00
1.066786e+00 1.043299e+00
1.067450e+00 1.043495e+00
1.068777e+00 1.032697e+00
1.069952e+00 1.033200e+00
1.070802e+00 1.033698e+00
1.071787e+00 1.036456e+00
1.070165e+00 1.034683e+00
1.070516e+00 1.046932e+00
1.071910e+00 1.035132e+00
1.073280e+00 1.035644e+00
1.074110e+00 1.035625e+00
1.075383e+00 1.036073e+00
1.076047e+00 1.037817e+00
1.076705e+00 1.036526e+00
1.078056e+00 1.037015e+00
1.079339e+00 1.037524e+00
1.080593e+00 1.038024e+00
1.081839e+00 1.038529e+00
1.082433e+00 1.052049e+00
1.083116e+00 1.052384e+00
1.084469e+00 1.039537e+00
1.085734e+00 1.040043e+00
1.086783e+00 1.040540e+00
1.087373e+00 1.041033e+00
1.088065e+00 1.055593e+00
1.088747e+00 1.041532e+00
1.090080e+00 1.042038e+00
1.091392e+00 1.042545e+00
1.092699e+00 1.043050e+00
1.093954e+00 1.043558e+00
1.094492e+00 1.058414e+00
1.095153e+00 1.059149e+00
1.096521e+00 1.044574e+00
1.097752e+00 1.045077e+00
1.097305e+00 1.045346e+00
1.098690e+00 1.061600e+00
1.098986e+00 1.046138e+00
1.088102e+00 1.044589e+00
1.088580e+00 1.060421e+00
1.089184e+00 1.045796e+00
1.090319e+00 1.044830e+00
1.091700e+00 1.045355e+00
1.092388e+00 1.051398e+00
1.093075e+00 1.045877e+00
1.094448e+00 1.046399e+00
1.095783e+00 1.046919e+00
1.097111e+00 1.047439e+00
1.098441e+00 1.047956e+00
1.099096e+00 1.061811e+00
1.099752e+00 1.048468e+00
1.101082e+00 1.048984e+00
1.102373e+00 1.049497e+00
1.103563e+00 1.050011e+00
1.104766e+00 1.054035e+00
1.105368e+00 1.067933e+00
1.106058e+00 1.066289e+00
