11 0
26 0
21 0
20 0
21 0
19 0
19 0
22 1
21 3
20 5
18 7
16 3
21 8
22 4
23 5
18 6
18 8
21 10
23 8
23 4
29 6
24 6
23 8
22 8
22 9
22 9
22 10
23 5
23 3
25 5
24 6
24 5
24 8
22 7
23 9
22 14
23 20
24 24
25 20
25 22
28 22
29 17
36 14
49 11
47 22
61 20
42 29
45 39
47 55
56 50
43 60
45 58
12 0
20 0
20 0
20 0
20 0
20 0
20 0
22 4
20 3
22 9
31 6
23 7
23 10
24 9
28 10
26 10
27 12
31 7
30 14
35 9
34 7
32 19
29 15
26 18
26 19
26 16
24 13
25 9
24 12
24 10
28 12
27 14
31 18
32 21
34 16
32 25
34 25
33 49
39 56
37 53
43 63
42 59
44 52
44 55
45 53
49 69
54 101
41 114
48 112
51 107
61 92
63 84
10 3
17 3
16 3
16 3
16 3
17 3
17 3
17 3
16 3
16 3
17 3
16 3
16 3
14 3
16 3
16 3
16 3
16 8
14 8
15 6
17 8
15 12
20 12
19 10
19 11
27 12
44 14
29 10
19 14
17 12
18 10
19 10
21 14
18 17
17 17
29 12
37 12
54 10
21 7
22 8
24 12
44 13
47 19
20 22
18 22
36 21
38 15
59 23
17 19
29 17
15 18
14 15
16 14
17 18
16 17
15 11
28 17
17 11
17 12
15 12
16 13
17 15
18 18
17 19
17 29
16 18
16 16
19 16
17 15
16 14
18 15
18 11
18 18
17 22
16 24
17 39
18 36
20 37
20 38
20 39
20 36
19 31
22 35
20 40
22 46
21 84
22 93
23 107
22 154
24 152
22 197
24 185
23 205
20 238
22 222
20 227
28 187
27 189
26 188
28 210
24 179
26 182
27 170
26 161
23 163
24 165
26 180
27 185
30 192
80 178
32 168
32 179
35 186
33 177
35 176
30 176
34 183
43 187
44 190
36 187
34 183
45 189
48 182
42 185
24 177
41 124
30 140
