1.000001e+00 1.000000e+00
1.000033e+00 1.000004e+00
1.000012e+00 1.000002e+00
1.000044e+00 1.000003e+00
1.000011e+00 1.000002e+00
1.000037e+00 1.000003e+00
1.000009e+00 1.000002e+00
1.000029e+00 1.000003e+00
1.000066e+00 1.000004e+00
1.000012e+00 1.000003e+00
1.000012e+00 1.000004e+00
1.000014e+00 1.000004e+00
1.000019e+00 1.000006e+00
1.000026e+00 1.000008e+00
1.000029e+00 1.000009e+00
1.000031e+00 1.000010e+00
1.000029e+00 1.000010e+00
1.000031e+00 1.000010e+00
1.000029e+00 1.000009e+00
1.000029e+00 1.000010e+00
1.000028e+00 1.000010e+00
1.000028e+00 1.000011e+00
1.000029e+00 1.000011e+00
1.000028e+00 1.000011e+00
1.000027e+00 1.000011e+00
1.000025e+00 1.000011e+00
1.000023e+00 1.000010e+00
1.000021e+00 1.000010e+00
1.000019e+00 1.000009e+00
1.000018e+00 1.000009e+00
1.000020e+00 1.000010e+00
1.000022e+00 1.000011e+00
1.000021e+00 1.000011e+00
1.000020e+00 1.000012e+00
1.000018e+00 1.000011e+00
1.000019e+00 1.000012e+00
1.000021e+00 1.000014e+00
1.000023e+00 1.000015e+00
1.000026e+00 1.000016e+00
1.000025e+00 1.000015e+00
1.000026e+00 1.000015e+00
1.000033e+00 1.000019e+00
1.000032e+00 1.000020e+00
1.000030e+00 1.000021e+00
1.000030e+00 1.000017e+00
1.000039e+00 1.000023e+00
1.000033e+00 1.000019e+00
1.000032e+00 1.000020e+00
1.000055e+00 1.000033e+00
1.000067e+00 1.000039e+00
1.000078e+00 1.000043e+00
1.000052e+00 1.000023e+00
1.000001e+00 1.000000e+00
1.000034e+00 1.000004e+00
1.000025e+00 1.000002e+00
1.000034e+00 1.000002e+00
1.000026e+00 1.000002e+00
1.000021e+00 1.000003e+00
1.000019e+00 1.000002e+00
1.000010e+00 1.000003e+00
1.000030e+00 1.000006e+00
1.000072e+00 1.000006e+00
1.000023e+00 1.000006e+00
1.000030e+00 1.000008e+00
1.000031e+00 1.000009e+00
1.000046e+00 1.000010e+00
1.000044e+00 1.000011e+00
1.000168e+00 1.000011e+00
1.000522e+00 1.000011e+00
1.000097e+00 1.000010e+00
1.000035e+00 1.000011e+00
1.000365e+00 1.000011e+00
1.000562e+00 1.000010e+00
1.000029e+00 1.000011e+00
1.000027e+00 1.000010e+00
1.000025e+00 1.000010e+00
1.000025e+00 1.000011e+00
1.000022e+00 1.000012e+00
1.000021e+00 1.000011e+00
1.000018e+00 1.000010e+00
1.000018e+00 1.000009e+00
1.000018e+00 1.000009e+00
1.000021e+00 1.000010e+00
1.000023e+00 1.000013e+00
1.000025e+00 1.000014e+00
1.000025e+00 1.000015e+00
1.000027e+00 1.000016e+00
1.000030e+00 1.000017e+00
1.000030e+00 1.000017e+00
1.000035e+00 1.000019e+00
1.000444e+00 1.000018e+00
1.000032e+00 1.000018e+00
1.000561e+00 1.000020e+00
1.000034e+00 1.000021e+00
1.000035e+00 1.000023e+00
1.000599e+00 1.000029e+00
1.000046e+00 1.000028e+00
1.000046e+00 1.000026e+00
1.000046e+00 1.000026e+00
1.000046e+00 1.000028e+00
1.000047e+00 1.000031e+00
1.000068e+00 1.000045e+00
1.000087e+00 1.000059e+00
1.000111e+00 1.000042e+00
1.000023e+00 1.000000e+00
1.000050e+00 1.000007e+00
1.000022e+00 1.000002e+00
1.000027e+00 1.000003e+00
1.000024e+00 1.000001e+00
1.000036e+00 1.000005e+00
1.000024e+00 1.000002e+00
1.000024e+00 1.000002e+00
1.000025e+00 1.000002e+00
1.000023e+00 1.000001e+00
1.000033e+00 1.000005e+00
1.000024e+00 1.000003e+00
1.000024e+00 1.000002e+00
1.000030e+00 1.000002e+00
1.000025e+00 1.000001e+00
1.000036e+00 1.000005e+00
1.000025e+00 1.000003e+00
1.000025e+00 1.000003e+00
1.000035e+00 1.000003e+00
1.000026e+00 1.000002e+00
1.000053e+00 1.000008e+00
1.000259e+00 1.000007e+00
1.000035e+00 1.000007e+00
1.000028e+00 1.000003e+00
1.000028e+00 1.000004e+00
1.000072e+00 1.000012e+00
1.000044e+00 1.000010e+00
1.000038e+00 1.000010e+00
1.000030e+00 1.000004e+00
1.000027e+00 1.000004e+00
1.000078e+00 1.000012e+00
1.000045e+00 1.000011e+00
1.000037e+00 1.000010e+00
1.000027e+00 1.000003e+00
1.000027e+00 1.000004e+00
1.000087e+00 1.000014e+00
1.000050e+00 1.000012e+00
1.000041e+00 1.000011e+00
1.000028e+00 1.000003e+00
1.000028e+00 1.000004e+00
1.000093e+00 1.000017e+00
1.000054e+00 1.000013e+00
1.000041e+00 1.000012e+00
1.000030e+00 1.000004e+00
1.000031e+00 1.000004e+00
1.000082e+00 1.000017e+00
1.000055e+00 1.000014e+00
1.000045e+00 1.000013e+00
1.000032e+00 1.000004e+00
1.000033e+00 1.000004e+00
1.000426e+00 1.000016e+00
1.000056e+00 1.000015e+00
1.000048e+00 1.000013e+00
1.000031e+00 1.000004e+00
1.000031e+00 1.000004e+00
1.000148e+00 1.000015e+00
1.000063e+00 1.000016e+00
1.000051e+00 1.000015e+00
1.000030e+00 1.000004e+00
1.000030e+00 1.000004e+00
1.000065e+00 1.000015e+00
1.000055e+00 1.000016e+00
1.000052e+00 1.000017e+00
1.000034e+00 1.000005e+00
1.000034e+00 1.000005e+00
1.000075e+00 1.000020e+00
1.000058e+00 1.000018e+00
1.000046e+00 1.000016e+00
1.000036e+00 1.000005e+00
1.000036e+00 1.000004e+00
1.000063e+00 1.000015e+00
1.000051e+00 1.000016e+00
1.000047e+00 1.000015e+00
1.000035e+00 1.000006e+00
1.000034e+00 1.000006e+00
1.000073e+00 1.000020e+00
1.000055e+00 1.000018e+00
1.000044e+00 1.000015e+00
1.000032e+00 1.000005e+00
1.000032e+00 1.000004e+00
1.000065e+00 1.000017e+00
1.000051e+00 1.000016e+00
1.000044e+00 1.000015e+00
1.000032e+00 1.000004e+00
1.000030e+00 1.000004e+00
1.000059e+00 1.000018e+00
1.000047e+00 1.000019e+00
1.000050e+00 1.000021e+00
1.000043e+00 1.000008e+00
1.000039e+00 1.000008e+00
1.000071e+00 1.000025e+00
1.000072e+00 1.000028e+00
1.000071e+00 1.000029e+00
1.000043e+00 1.000010e+00
1.000042e+00 1.000010e+00
1.000082e+00 1.000030e+00
1.000095e+00 1.000034e+00
1.000081e+00 1.000031e+00
1.000045e+00 1.000009e+00
1.000045e+00 1.000009e+00
1.000064e+00 1.000024e+00
1.000075e+00 1.000030e+00
1.000081e+00 1.000034e+00
1.000047e+00 1.000011e+00
1.000046e+00 1.000011e+00
1.000064e+00 1.000027e+00
1.000075e+00 1.000034e+00
1.001250e+00 1.000037e+00
1.000059e+00 1.000018e+00
1.000052e+00 1.000015e+00
1.000993e+00 1.000040e+00
1.000159e+00 1.000058e+00
1.000193e+00 1.000069e+00
1.000096e+00 1.000036e+00
1.000095e+00 1.000034e+00
1.001431e+00 1.000092e+00
1.000559e+00 1.000132e+00
1.000488e+00 1.000125e+00
1.000207e+00 1.000082e+00
1.000234e+00 1.000106e+00
1.004899e+00 1.000252e+00
1.001433e+00 1.000290e+00
1.001220e+00 1.000375e+00
1.000722e+00 1.000402e+00
1.001189e+00 1.000780e+00
1.005256e+00 1.002207e+00
1.000661e+00 1.000196e+00
