12 93
8 60
7 111
8 86
8 61
8 74
7 105
8 82
8 80
7 108
8 107
7 72
9 89
12 117
9 69
9 120
7 124
10 119
9 71
9 138
10 122
9 96
7 135
7 145
10 122
9 109
9 143
10 129
8 107
8 112
9 141
10 123
10 119
10 139
8 130
7 106
9 143
11 147
10 109
9 149
7 140
11 140
10 106
9 145
11 137
9 110
8 113
7 137
11 135
10 108
9 135
11 137
8 119
8 107
9 138
10 136
9 109
9 137
10 136
8 129
9 123
9 129
10 126
9 114
7 133
7 122
10 116
9 105
9 123
10 119
8 98
7 106
9 118
10 111
9 101
8 110
10 107
7 101
9 103
8 103
8 97
8 101
7 101
5 98
8 89
8 102
7 94
8 90
7 91
7 100
10 94
9 88
8 98
9 93
7 98
7 92
7 96
9 98
8 93
7 96
10 99
7 96
8 100
7 106
8 95
8 102
7 98
10 96
8 92
8 98
9 98
8 98
7 101
7 97
8 102
8 103
7 105
8 98
7 97
7 103
9 98
8 96
7 102
8 95
7 102
7 101
7 98
8 94
7 105
9 109
7 105
7 100
7 105
8 107
7 110
9 111
7 102
7 104
7 113
8 107
7 114
9 108
7 112
8 113
7 108
8 112
7 111
9 112
7 114
7 114
7 117
8 115
7 114
8 119
7 112
7 118
9 116
8 110
7 117
8 112
7 120
7 116
8 118
7 113
8 118
7 121
7 122
7 123
8 123
9 117
8 127
9 130
7 125
7 120
9 123
8 123
9 135
8 126
7 127
8 126
8 130
9 123
7 127
9 127
7 131
7 126
8 137
7 133
8 139
7 132
8 129
7 134
10 133
8 125
9 139
7 125
4 125
7 139
7 126
7 136
9 138
7 127
4 126
7 148
7 131
7 134
9 152
7 117
4 118
7 157
6 127
7 146
9 153
7 123
4 125
7 155
6 114
8 130
7 126
7 121
4 117
7 136
7 120
7 129
7 122
7 122
4 116
6 126
7 120
7 119
7 114
7 120
6 115
6 120
7 115
7 120
7 113
7 115
6 114
6 109
7 116
7 111
7 110
7 111
6 109
6 103
7 106
7 103
7 107
6 93
6 100
6 101
7 95
7 98
7 87
7 88
6 91
6 91
7 87
7 88
7 85
7 84
6 89
6 83
7 83
7 87
7 83
7 87
6 82
7 85
7 80
7 81
7 81
7 79
6 79
6 79
7 83
7 75
7 85
7 86
4 80
4 81
8 85
7 78
7 78
7 74
4 73
4 77
8 73
7 70
7 74
7 69
4 72
4 72
8 69
7 68
7 61
7 66
4 67
7 73
7 66
7 66
8 64
7 69
4 67
4 63
8 55
7 67
7 68
7 63
4 69
6 64
8 61
7 62
7 66
8 53
7 65
4 66
6 65
8 53
7 67
8 66
4 57
6 65
7 63
8 58
7 63
7 62
7 64
4 56
7 64
7 59
8 50
7 61
6 59
6 64
8 49
7 62
8 65
7 58
7 57
6 59
8 64
7 53
7 62
8 57
7 48
7 59
7 57
8 50
7 59
7 59
7 63
6 45
7 59
7 59
8 47
7 62
6 59
6 60
8 40
7 59
9 63
7 41
7 73
4 68
6 67
8 43
7 61
8 61
5 44
7 41
7 59
4 59
8 55
7 57
4 57
8 59
7 63
7 59
4 58
8 59
4 58
4 56
8 57
7 63
7 59
8 39
4 39
4 57
4 57
9 56
7 62
7 59
8 59
4 57
7 57
7 55
8 37
8 62
4 60
4 59
8 37
7 57
7 56
7 40
4 42
4 62
7 62
8 42
7 64
7 65
6 63
7 47
7 65
9 69
7 44
7 66
4 65
4 62
9 50
7 69
9 69
8 51
4 69
4 70
9 69
7 52
7 74
4 73
8 57
4 57
8 78
8 75
8 83
7 80
4 80
9 83
8 85
7 91
4 91
10 93
4 96
4 95
11 99
8 101
7 107
4 111
9 109
4 111
9 137
10 150
8 173
7 183
4 187
8 194
4 179
13 203
4 196
13 230
4 229
4 228
4 232
4 237
15 240
4 241
11 248
8 247
8 244
9 239
8 237
8 244
6 246
6 244
10 237
8 237
9 241
8 246
6 247
6 241
10 238
10 245
7 247
11 233
8 241
6 247
7 242
10 246
9 240
8 227
7 237
6 241
8 244
7 238
11 237
8 242
4 239
4 244
12 235
7 250
6 234
5 237
9 242
8 240
8 235
9 245
7 241
7 236
4 238
4 230
10 245
9 236
11 238
7 244
4 242
4 232
10 242
9 233
11 240
8 247
4 246
4 244
7 234
10 246
8 236
9 229
4 234
8 241
7 244
11 238
7 244
9 233
4 229
4 227
9 246
7 243
6 238
11 247
8 242
4 240
12 235
8 242
7 235
9 244
4 244
4 244
9 229
10 250
8 248
4 240
4 236
4 234
12 243
8 234
11 241
7 238
4 237
4 240
10 238
8 242
10 236
8 249
4 248
4 247
7 239
4 235
4 235
12 247
7 236
9 241
9 235
10 237
8 242
10 227
8 235
7 239
7 251
7 237
7 229
4 232
5 236
9 246
9 232
9 237
8 233
9 241
4 244
4 244
7 239
11 242
7 250
8 236
4 236
4 237
11 245
9 233
8 241
9 244
4 240
4 235
6 242
9 250
11 238
9 245
4 244
4 253
9 241
6 247
11 251
9 244
4 250
4 249
10 243
8 247
9 249
8 248
8 245
8 252
7 245
6 248
6 249
4 252
6 250
4 248
11 259
9 253
10 246
8 253
7 253
4 258
9 248
10 251
9 259
7 249
4 247
4 253
4 253
4 254
12 259
9 256
8 249
4 245
10 260
9 258
9 247
9 257
6 257
4 258
8 251
4 262
4 264
4 259
11 265
7 256
10 251
8 261
7 260
9 266
4 261
4 257
11 255
8 260
6 259
7 264
4 265
4 261
11 264
9 278
9 264
11 271
6 263
4 270
9 265
8 263
8 261
9 262
4 269
4 271
7 278
11 270
9 261
6 264
4 261
7 267
11 273
8 271
9 271
6 271
4 264
4 265
9 268
9 277
9 274
10 267
4 261
4 267
8 267
8 268
4 275
4 281
7 273
8 268
