9 141
12 151
10 154
9 176
8 175
5 172
7 170
7 169
7 177
7 166
4 177
4 175
7 174
7 167
7 173
7 172
4 168
4 173
7 177
7 173
7 172
7 160
4 167
4 184
7 161
7 165
7 164
7 165
4 177
7 165
7 156
7 159
7 154
7 169
4 166
4 164
8 145
7 165
7 156
7 160
4 162
4 163
8 148
7 152
7 159
8 147
4 162
7 158
7 156
7 142
7 161
5 163
7 146
7 150
7 161
8 143
7 146
7 155
8 152
4 156
7 156
7 151
8 117
7 141
4 151
4 153
8 122
7 153
8 146
7 136
4 149
4 153
9 153
7 146
7 149
8 115
4 116
7 141
7 151
8 105
7 156
9 149
4 143
4 116
7 150
9 137
7 129
7 152
4 157
7 120
7 142
7 155
8 103
7 151
4 159
4 155
8 98
7 150
7 145
5 124
7 150
4 157
9 119
7 135
7 148
8 113
4 97
7 147
7 149
8 94
7 146
7 141
7 100
4 97
7 150
9 119
7 122
7 148
4 147
4 147
8 144
7 144
4 151
8 139
4 141
4 141
9 90
7 141
11 128
7 89
4 134
4 136
9 127
7 123
7 133
4 136
8 88
4 113
7 132
9 87
7 134
7 126
8 117
4 104
8 129
11 124
7 102
7 132
4 130
4 130
9 122
5 133
5 133
9 132
4 132
4 137
4 140
15 130
25 129
7 105
4 121
4 147
7 137
18 127
5 144
4 145
4 142
16 139
7 144
4 152
10 152
7 148
4 153
4 155
17 157
4 166
10 140
7 178
4 182
4 179
4 186
10 221
4 238
4 244
10 300
4 326
4 325
4 331
10 388
4 424
4 423
4 429
14 414
9 424
8 408
8 426
5 430
4 433
8 419
8 413
8 414
8 406
4 411
4 418
9 414
8 426
9 415
9 413
4 417
4 416
9 424
9 435
9 412
10 412
4 407
4 420
8 435
10 426
9 422
10 425
4 423
4 421
4 430
10 421
11 421
9 440
4 440
4 444
11 432
10 428
4 438
4 438
4 442
10 448
4 448
4 448
13 450
4 460
4 461
11 442
9 455
4 450
4 454
10 467
4 461
4 460
11 456
10 466
4 469
4 471
4 467
4 471
4 468
12 463
14 471
10 462
4 457
4 458
4 459
4 461
12 458
4 457
4 458
4 458
14 467
4 469
4 468
12 458
4 454
4 457
4 458
16 454
4 455
4 456
4 450
4 447
4 446
4 447
4 456
24 467
4 459
4 457
19 468
8 463
4 460
15 447
9 464
11 457
5 461
6 458
4 459
4 455
17 448
4 453
4 457
10 465
4 462
4 462
19 451
4 449
4 445
4 442
22 454
4 453
4 452
15 444
4 442
4 440
17 451
13 451
13 452
21 443
13 435
5 430
19 422
4 430
10 450
4 448
4 445
4 446
4 445
22 435
8 435
5 438
4 439
13 440
4 437
11 421
18 434
4 434
7 432
4 430
14 442
8 436
4 430
5 430
5 432
24 440
5 435
4 439
4 436
21 432
4 430
15 440
4 437
23 437
4 439
4 441
4 440
4 435
16 431
20 438
4 437
5 441
10 453
4 450
4 445
5 447
30 435
6 436
23 439
4 438
16 438
4 440
4 445
4 439
4 443
4 447
16 442
21 438
15 435
4 436
11 445
4 443
21 446
5 446
4 443
18 452
4 456
4 454
13 445
16 441
4 440
4 438
4 451
4 447
14 456
4 452
4 453
4 449
23 450
4 450
4 450
4 447
19 457
4 456
4 459
12 454
4 450
23 470
5 460
4 467
28 471
4 471
4 469
4 472
13 474
5 472
6 476
5 474
4 470
4 473
4 475
3 477
13 481
4 480
4 487
4 486
4 484
4 484
14 481
22 503
4 503
4 497
14 491
5 490
