1.000296e+00 1.000067e+00
1.000145e+00 1.000045e+00
1.000181e+00 1.000083e+00
1.000605e+00 1.000287e+00
1.000739e+00 1.000359e+00
1.001042e+00 1.000521e+00
1.001288e+00 1.000680e+00
1.000933e+00 1.000534e+00
1.001197e+00 1.000703e+00
1.001205e+00 1.000712e+00
1.001453e+00 1.000819e+00
1.001454e+00 1.000805e+00
1.001484e+00 1.000869e+00
1.001134e+00 1.000656e+00
1.001249e+00 1.000724e+00
1.001276e+00 1.000734e+00
1.001448e+00 1.000817e+00
1.001507e+00 1.000824e+00
1.001551e+00 1.000914e+00
1.001199e+00 1.000691e+00
1.001249e+00 1.000737e+00
1.001364e+00 1.000786e+00
1.001476e+00 1.000833e+00
1.001858e+00 1.001056e+00
1.001431e+00 1.000846e+00
1.001361e+00 1.000792e+00
1.001161e+00 1.000692e+00
1.001665e+00 1.000987e+00
1.001834e+00 1.001064e+00
1.001247e+00 1.000754e+00
1.001294e+00 1.000771e+00
1.001508e+00 1.000892e+00
1.001125e+00 1.000670e+00
1.001451e+00 1.000870e+00
1.001893e+00 1.001128e+00
1.002210e+00 1.001243e+00
1.001055e+00 1.000635e+00
1.001625e+00 1.000987e+00
1.001288e+00 1.000754e+00
1.001293e+00 1.000787e+00
1.001714e+00 1.000991e+00
1.001987e+00 1.001170e+00
1.001266e+00 1.000769e+00
1.001417e+00 1.000870e+00
1.001630e+00 1.000984e+00
1.001131e+00 1.000693e+00
1.001644e+00 1.000988e+00
1.001561e+00 1.000968e+00
1.001372e+00 1.000775e+00
1.001250e+00 1.000776e+00
1.001694e+00 1.001053e+00
1.002247e+00 1.001284e+00
1.001424e+00 1.000889e+00
1.001396e+00 1.000873e+00
1.001878e+00 1.001162e+00
1.001226e+00 1.000755e+00
1.001424e+00 1.000897e+00
1.002053e+00 1.001289e+00
1.001078e+00 1.000679e+00
1.001667e+00 1.001027e+00
1.001574e+00 1.000987e+00
1.002155e+00 1.001342e+00
1.001152e+00 1.000730e+00
1.001625e+00 1.001028e+00
1.002055e+00 1.001285e+00
1.002557e+00 1.001603e+00
1.001220e+00 1.000759e+00
1.001799e+00 1.001144e+00
1.001254e+00 1.000793e+00
1.001384e+00 1.000878e+00
1.001680e+00 1.001024e+00
1.002010e+00 1.001251e+00
1.001359e+00 1.000849e+00
1.001480e+00 1.000951e+00
1.002105e+00 1.001337e+00
1.001331e+00 1.000839e+00
1.001852e+00 1.001178e+00
1.001612e+00 1.001048e+00
1.002153e+00 1.001355e+00
1.001166e+00 1.000749e+00
1.001743e+00 1.001125e+00
1.001222e+00 1.000776e+00
1.001777e+00 1.001146e+00
1.002052e+00 1.001214e+00
1.001938e+00 1.001250e+00
1.001329e+00 1.000853e+00
1.001482e+00 1.000966e+00
1.001978e+00 1.001260e+00
1.002448e+00 1.001574e+00
1.001459e+00 1.000958e+00
1.001622e+00 1.001064e+00
1.002063e+00 1.001331e+00
1.001438e+00 1.000943e+00
1.001704e+00 1.001124e+00
1.002090e+00 1.001340e+00
1.002371e+00 1.001522e+00
1.001522e+00 1.001001e+00
1.001839e+00 1.001204e+00
1.001572e+00 1.000905e+00
1.002434e+00 1.001547e+00
1.001810e+00 1.001196e+00
1.002091e+00 1.001345e+00
1.001397e+00 1.000925e+00
1.001549e+00 1.001035e+00
1.002017e+00 1.001318e+00
1.001493e+00 1.000995e+00
1.001939e+00 1.001253e+00
1.001674e+00 1.001110e+00
1.002153e+00 1.001407e+00
1.001420e+00 1.000957e+00
1.001815e+00 1.001217e+00
1.001983e+00 1.001278e+00
1.001180e+00 1.000796e+00
1.001884e+00 1.001260e+00
1.001943e+00 1.001284e+00
1.001391e+00 1.000936e+00
1.001567e+00 1.001063e+00
1.002054e+00 1.001375e+00
1.002579e+00 1.001711e+00
1.002947e+00 1.001950e+00
1.001539e+00 1.001040e+00
1.002261e+00 1.001514e+00
1.003341e+00 1.002163e+00
1.001707e+00 1.001163e+00
1.002290e+00 1.001525e+00
1.002753e+00 1.001814e+00
1.001673e+00 1.001134e+00
1.001965e+00 1.001342e+00
1.001385e+00 1.000942e+00
1.001634e+00 1.001124e+00
1.001862e+00 1.001187e+00
1.002203e+00 1.001440e+00
1.001536e+00 1.001039e+00
1.001701e+00 1.001172e+00
1.002336e+00 1.001596e+00
1.003466e+00 1.002238e+00
1.001762e+00 1.001221e+00
1.002246e+00 1.001508e+00
1.002640e+00 1.001812e+00
1.001722e+00 1.001180e+00
1.002000e+00 1.001393e+00
1.002797e+00 1.001931e+00
1.001582e+00 1.001100e+00
1.002234e+00 1.001564e+00
1.002186e+00 1.001527e+00
1.001583e+00 1.001087e+00
1.001854e+00 1.001298e+00
1.002343e+00 1.001638e+00
1.002846e+00 1.001950e+00
1.003388e+00 1.002322e+00
1.001670e+00 1.001156e+00
1.002640e+00 1.001812e+00
1.003666e+00 1.002383e+00
1.001785e+00 1.001184e+00
1.002499e+00 1.001699e+00
1.002921e+00 1.001884e+00
1.004070e+00 1.002448e+00
1.002202e+00 1.001411e+00
1.001605e+00 1.001062e+00
1.002024e+00 1.001307e+00
1.002429e+00 1.001434e+00
1.002733e+00 1.001607e+00
1.003160e+00 1.001962e+00
1.001635e+00 1.001014e+00
1.002631e+00 1.001631e+00
1.003911e+00 1.002364e+00
1.004331e+00 1.002579e+00
1.002063e+00 1.001257e+00
1.002733e+00 1.001709e+00
1.003891e+00 1.002347e+00
1.002186e+00 1.001328e+00
1.002952e+00 1.001805e+00
1.003554e+00 1.002172e+00
1.003970e+00 1.002392e+00
1.002113e+00 1.001271e+00
1.003530e+00 1.002122e+00
1.002488e+00 1.001503e+00
1.002620e+00 1.001592e+00
1.003222e+00 1.001932e+00
1.003613e+00 1.002195e+00
1.004852e+00 1.002940e+00
1.002954e+00 1.001801e+00
1.004129e+00 1.002519e+00
1.005716e+00 1.003488e+00
1.003212e+00 1.001963e+00
1.003762e+00 1.002267e+00
1.004767e+00 1.002934e+00
1.006161e+00 1.003790e+00
1.004341e+00 1.002753e+00
1.005667e+00 1.003525e+00
1.006438e+00 1.004006e+00
1.007011e+00 1.004267e+00
1.001772e+00 1.000409e+00
1.001233e+00 1.000520e+00
1.000967e+00 1.000482e+00
1.000909e+00 1.000415e+00
1.000839e+00 1.000475e+00
1.000936e+00 1.000440e+00
1.000929e+00 1.000368e+00
1.000927e+00 1.000341e+00
1.000886e+00 1.000349e+00
1.000862e+00 1.000340e+00
1.000835e+00 1.000547e+00
1.000961e+00 1.000444e+00
1.000971e+00 1.000393e+00
1.000971e+00 1.000546e+00
1.000960e+00 1.000386e+00
1.000920e+00 1.000368e+00
1.000871e+00 1.000592e+00
1.000988e+00 1.000480e+00
1.001042e+00 1.000447e+00
1.001055e+00 1.000533e+00
1.001020e+00 1.000447e+00
1.000998e+00 1.000420e+00
1.000985e+00 1.000663e+00
1.001086e+00 1.000604e+00
1.001235e+00 1.000563e+00
1.001232e+00 1.000536e+00
1.001199e+00 1.000603e+00
1.001162e+00 1.000507e+00
1.001199e+00 1.000822e+00
1.001396e+00 1.000710e+00
1.002015e+00 1.000933e+00
1.001893e+00 1.000834e+00
1.001639e+00 1.000699e+00
1.001663e+00 1.001023e+00
1.001732e+00 1.001158e+00
1.001981e+00 1.000941e+00
1.001817e+00 1.000822e+00
1.001775e+00 1.001105e+00
1.002232e+00 1.001438e+00
1.003166e+00 1.001672e+00
1.003601e+00 1.001862e+00
1.002975e+00 1.001264e+00
1.003669e+00 1.001674e+00
1.004922e+00 1.002180e+00
1.003713e+00 1.001549e+00
1.004402e+00 1.002082e+00
1.005117e+00 1.003038e+00
1.003850e+00 1.001614e+00
1.003672e+00 1.002134e+00
1.004141e+00 1.002705e+00
1.005282e+00 1.003118e+00
1.004768e+00 1.002120e+00
1.004916e+00 1.003091e+00
1.005493e+00 1.003191e+00
1.005051e+00 1.002135e+00
1.004600e+00 1.002765e+00
1.005068e+00 1.003183e+00
1.006142e+00 1.003727e+00
1.006773e+00 1.004151e+00
1.007046e+00 1.003210e+00
1.008288e+00 1.003806e+00
1.007372e+00 1.003241e+00
1.006443e+00 1.002839e+00
1.006213e+00 1.003927e+00
1.006451e+00 1.004151e+00
1.006778e+00 1.003197e+00
1.007745e+00 1.003656e+00
1.009017e+00 1.005749e+00
1.008402e+00 1.003872e+00
1.009372e+00 1.006070e+00
1.010062e+00 1.006363e+00
1.010433e+00 1.004787e+00
1.009425e+00 1.004356e+00
1.010372e+00 1.006594e+00
1.011257e+00 1.005170e+00
1.010493e+00 1.004783e+00
1.010769e+00 1.006925e+00
1.011345e+00 1.006365e+00
1.012167e+00 1.005605e+00
1.011196e+00 1.005134e+00
1.012065e+00 1.007787e+00
1.013214e+00 1.006085e+00
1.013531e+00 1.006312e+00
1.013921e+00 1.006505e+00
1.015251e+00 1.008999e+00
1.016336e+00 1.007479e+00
1.017718e+00 1.010180e+00
1.014603e+00 1.006645e+00
1.014862e+00 1.009443e+00
1.015378e+00 1.009476e+00
1.013512e+00 1.006185e+00
1.013513e+00 1.008765e+00
1.014699e+00 1.009284e+00
1.013426e+00 1.006281e+00
1.012576e+00 1.008297e+00
1.012538e+00 1.008149e+00
1.013428e+00 1.006319e+00
1.014015e+00 1.006654e+00
1.015214e+00 1.008907e+00
1.016315e+00 1.007601e+00
1.014169e+00 1.006719e+00
1.014583e+00 1.009557e+00
1.015778e+00 1.007371e+00
1.015762e+00 1.007417e+00
1.017208e+00 1.010946e+00
1.018001e+00 1.008398e+00
1.016389e+00 1.007699e+00
1.016517e+00 1.010886e+00
1.017708e+00 1.008365e+00
1.019063e+00 1.008900e+00
1.016857e+00 1.007953e+00
1.017845e+00 1.011569e+00
1.018065e+00 1.008597e+00
1.016696e+00 1.007991e+00
1.017833e+00 1.011606e+00
1.018918e+00 1.008904e+00
1.017452e+00 1.008307e+00
1.017792e+00 1.011499e+00
1.016910e+00 1.008009e+00
1.014504e+00 1.007004e+00
1.014138e+00 1.009300e+00
1.015200e+00 1.009834e+00
1.013659e+00 1.006611e+00
1.014506e+00 1.009633e+00
1.013983e+00 1.006748e+00
1.014234e+00 1.009521e+00
1.015379e+00 1.007446e+00
1.016640e+00 1.008342e+00
1.017706e+00 1.008432e+00
1.015478e+00 1.007531e+00
1.015604e+00 1.009361e+00
1.016103e+00 1.007752e+00
1.017275e+00 1.008235e+00
1.016572e+00 1.008004e+00
1.017780e+00 1.011609e+00
1.017485e+00 1.008475e+00
1.015485e+00 1.007650e+00
1.015990e+00 1.010453e+00
1.016805e+00 1.008244e+00
1.017953e+00 1.009219e+00
1.017502e+00 1.008549e+00
1.017947e+00 1.011651e+00
1.018446e+00 1.012133e+00
1.018773e+00 1.009153e+00
1.019606e+00 1.009557e+00
1.016548e+00 1.008186e+00
1.017608e+00 1.011648e+00
1.018834e+00 1.009759e+00
1.019477e+00 1.011240e+00
1.016811e+00 1.008165e+00
1.017968e+00 1.011674e+00
1.016381e+00 1.007994e+00
1.017227e+00 1.011430e+00
1.015848e+00 1.007746e+00
1.016123e+00 1.010560e+00
1.016320e+00 1.008061e+00
1.017270e+00 1.008552e+00
1.018374e+00 1.009550e+00
1.017209e+00 1.008621e+00
1.015616e+00 1.007813e+00
1.016134e+00 1.010658e+00
1.016673e+00 1.008238e+00
1.016651e+00 1.008227e+00
1.017632e+00 1.011721e+00
1.018738e+00 1.009845e+00
1.019844e+00 1.009837e+00
1.015964e+00 1.007850e+00
1.016261e+00 1.009724e+00
1.014708e+00 1.007043e+00
1.015380e+00 1.009999e+00
1.014495e+00 1.007061e+00
1.014825e+00 1.009912e+00
1.015227e+00 1.008235e+00
1.015609e+00 1.007873e+00
1.016660e+00 1.008332e+00
1.017523e+00 1.008824e+00
1.016414e+00 1.008274e+00
1.014963e+00 1.007490e+00
1.013657e+00 1.009194e+00
1.014176e+00 1.009307e+00
1.014082e+00 1.007111e+00
1.015151e+00 1.010020e+00
1.013491e+00 1.006788e+00
1.014442e+00 1.008997e+00
1.015119e+00 1.009910e+00
1.013125e+00 1.006604e+00
1.013744e+00 1.009374e+00
1.014663e+00 1.008452e+00
1.014803e+00 1.007483e+00
1.014051e+00 1.007132e+00
1.014518e+00 1.009667e+00
1.014835e+00 1.007545e+00
1.015722e+00 1.008020e+00
1.016907e+00 1.011046e+00
1.015978e+00 1.008124e+00
1.016632e+00 1.011061e+00
1.017156e+00 1.011312e+00
1.017761e+00 1.011230e+00
1.016298e+00 1.008227e+00
1.017305e+00 1.010823e+00
1.018623e+00 1.010449e+00
1.019277e+00 1.009609e+00
1.016829e+00 1.008540e+00
1.016927e+00 1.011469e+00
1.018118e+00 1.011965e+00
1.017743e+00 1.009111e+00
1.018648e+00 1.012535e+00
1.017539e+00 1.008963e+00
1.017981e+00 1.011652e+00
1.018237e+00 1.009333e+00
1.016424e+00 1.008165e+00
1.016721e+00 1.011172e+00
1.017610e+00 1.009007e+00
1.018427e+00 1.009493e+00
1.017012e+00 1.008999e+00
1.017424e+00 1.011752e+00
1.018545e+00 1.009623e+00
1.019526e+00 1.010098e+00
1.020321e+00 1.010567e+00
1.021144e+00 1.011235e+00
1.021598e+00 1.013907e+00
1.022214e+00 1.014663e+00
1.021811e+00 1.011297e+00
1.023052e+00 1.015423e+00
1.023780e+00 1.012270e+00
1.024801e+00 1.015577e+00
1.025427e+00 1.016531e+00
1.025752e+00 1.013249e+00
1.024811e+00 1.013005e+00
1.022930e+00 1.012189e+00
1.024145e+00 1.016537e+00
1.025248e+00 1.013188e+00
1.025069e+00 1.013541e+00
1.025364e+00 1.013355e+00
