1.001451e+00 1.000426e+00
1.001333e+00 1.000389e+00
1.002399e+00 1.000685e+00
1.001670e+00 1.000423e+00
1.002661e+00 1.000670e+00
1.002516e+00 1.000732e+00
1.003045e+00 1.000976e+00
1.002803e+00 1.000953e+00
1.003368e+00 1.001269e+00
1.003111e+00 1.001364e+00
1.003823e+00 1.001868e+00
1.003942e+00 1.001928e+00
1.004189e+00 1.002067e+00
1.004945e+00 1.002385e+00
1.004859e+00 1.002409e+00
1.005586e+00 1.002810e+00
1.006177e+00 1.002995e+00
1.007265e+00 1.003595e+00
1.006487e+00 1.003216e+00
1.007349e+00 1.003425e+00
1.007679e+00 1.003244e+00
1.009278e+00 1.002643e+00
1.009962e+00 1.002701e+00
1.015689e+00 1.004452e+00
1.015949e+00 1.004627e+00
1.021481e+00 1.006842e+00
1.024156e+00 1.007429e+00
1.030048e+00 1.009785e+00
1.029831e+00 1.009239e+00
1.036302e+00 1.012312e+00
1.040904e+00 1.013413e+00
1.047606e+00 1.015650e+00
1.053465e+00 1.017180e+00
1.054768e+00 1.017183e+00
1.061363e+00 1.022420e+00
1.067276e+00 1.023204e+00
1.073927e+00 1.029011e+00
1.070722e+00 1.023714e+00
1.077161e+00 1.042771e+00
1.073569e+00 1.026144e+00
1.007259e+00 1.001312e+00
1.000830e+00 1.000360e+00
1.000806e+00 1.000123e+00
1.000690e+00 1.000128e+00
1.000901e+00 1.000166e+00
1.000990e+00 1.000174e+00
1.000988e+00 1.000221e+00
1.001063e+00 1.000273e+00
1.001201e+00 1.000299e+00
1.001359e+00 1.000306e+00
1.001368e+00 1.000310e+00
1.001666e+00 1.000376e+00
1.001657e+00 1.000356e+00
1.001687e+00 1.000357e+00
1.001563e+00 1.000355e+00
1.001452e+00 1.000354e+00
1.001419e+00 1.000364e+00
1.001397e+00 1.000340e+00
1.001451e+00 1.000426e+00
1.001333e+00 1.000389e+00
1.002399e+00 1.000685e+00
1.001670e+00 1.000423e+00
