9 80
8 81
9 87
11 81
9 91
9 84
11 73
11 88
11 83
11 79
9 88
9 90
11 74
11 88
11 81
11 77
9 85
9 88
11 74
11 82
11 81
11 67
9 79
9 87
11 72
11 71
11 87
11 75
9 67
9 79
11 75
11 71
11 81
11 75
9 65
9 67
11 89
11 69
11 73
11 89
9 73
9 63
11 77
11 75
11 67
11 76
9 87
9 69
11 65
11 83
11 71
11 67
9 75
9 75
11 70
11 73
11 80
11 69
9 65
9 75
11 72
11 67
11 71
11 71
9 67
9 63
11 73
11 67
11 61
11 69
9 77
9 65
11 59
11 73
11 67
11 61
9 65
9 77
11 65
11 62
11 77
11 67
9 62
9 57
11 81
11 63
11 53
11 75
9 66
9 62
11 55
11 81
11 63
11 53
9 65
9 79
11 59
11 53
11 81
11 65
9 59
9 48
11 79
11 61
11 54
20 77
9 72
9 71
11 52
11 77
11 65
13 51
8 65
8 76
19 61
11 56
29 80
27 69
18 62
16 53
18 73
10 68
9 54
9 68
9 81
32 72
18 53
9 71
26 72
9 57
18 54
8 68
28 86
17 55
39 67
43 87
26 73
23 55
30 61
28 88
31 61
20 54
8 76
23 84
38 71
22 62
9 90
30 69
20 64
14 57
19 84
22 76
17 59
26 82
17 89
16 74
20 60
19 79
24 86
32 62
9 67
16 81
15 99
32 68
23 71
22 93
34 77
8 68
20 65
24 100
10 82
10 76
8 93
15 101
17 88
10 77
9 97
37 93
8 76
14 76
23 97
23 105
25 78
13 95
13 104
28 101
27 80
51 97
28 109
24 82
23 83
25 89
25 115
18 93
16 93
35 118
15 118
13 110
15 119
11 160
13 201
9 228
7 244
7 283
7 353
6 349
6 357
7 374
4 381
4 374
4 373
11 346
7 357
4 360
8 372
8 366
16 375
4 360
4 356
12 355
9 357
4 349
4 348
10 371
10 351
4 351
4 349
9 356
9 343
4 347
4 347
10 360
4 349
4 347
4 346
11 363
11 355
11 363
4 360
4 358
12 342
10 363
4 355
4 356
9 346
4 343
4 341
10 352
11 358
4 361
4 359
10 352
9 359
4 358
4 362
13 375
10 346
4 354
4 348
10 360
11 345
9 364
4 368
4 371
10 340
10 363
4 361
4 360
9 348
9 356
8 350
4 352
8 349
12 365
4 360
4 363
12 359
9 359
4 356
4 356
10 358
4 367
4 364
13 354
9 342
10 356
4 354
4 361
10 351
10 346
9 353
4 343
4 345
9 342
9 358
4 354
4 347
11 353
4 340
4 350
10 345
11 364
8 353
4 350
4 350
10 344
10 345
9 358
4 361
4 359
4 361
10 362
11 350
9 351
9 358
4 356
4 361
4 367
12 358
9 359
9 347
4 350
4 351
9 376
4 384
4 379
11 365
4 366
4 370
9 347
11 354
10 359
9 354
4 351
4 356
9 352
9 359
4 359
4 359
12 363
8 351
4 349
4 352
10 362
11 361
4 361
4 363
11 356
10 352
9 351
4 355
4 362
4 363
10 371
10 348
9 354
9 357
9 353
4 349
4 348
10 350
9 347
9 348
10 362
4 352
4 351
10 347
9 338
9 341
9 358
4 356
4 362
4 361
11 347
9 333
10 353
4 355
4 357
9 359
9 360
10 340
9 349
4 349
4 361
8 365
4 363
4 367
9 360
4 359
4 361
10 362
9 357
9 363
4 367
4 368
9 365
10 355
9 345
9 359
4 364
4 360
4 374
9 375
11 371
10 343
9 356
4 361
4 360
10 376
4 375
4 379
12 361
8 369
4 368
9 354
9 370
10 357
9 354
4 352
4 346
9 361
8 370
4 370
4 373
12 355
9 351
9 360
7 375
9 364
4 363
4 365
10 371
9 352
9 361
8 362
4 362
4 364
7 369
11 363
10 344
9 360
4 360
4 358
9 367
10 366
9 359
10 345
4 348
4 352
4 349
