1.000326e+00 1.000178e+00
1.000080e+00 1.000039e+00
1.000045e+00 1.000022e+00
1.000042e+00 1.000022e+00
1.000037e+00 1.000022e+00
1.000033e+00 1.000019e+00
1.000037e+00 1.000019e+00
1.000037e+00 1.000019e+00
1.000034e+00 1.000018e+00
1.000039e+00 1.000021e+00
1.000039e+00 1.000022e+00
1.000032e+00 1.000018e+00
1.000035e+00 1.000019e+00
1.000036e+00 1.000019e+00
1.000034e+00 1.000018e+00
1.000035e+00 1.000019e+00
1.000036e+00 1.000021e+00
1.000030e+00 1.000017e+00
1.000033e+00 1.000018e+00
1.000037e+00 1.000020e+00
1.000032e+00 1.000018e+00
1.000035e+00 1.000019e+00
1.000037e+00 1.000022e+00
1.000033e+00 1.000018e+00
1.000031e+00 1.000017e+00
1.000038e+00 1.000021e+00
1.000035e+00 1.000019e+00
1.000035e+00 1.000019e+00
1.000039e+00 1.000022e+00
1.000040e+00 1.000023e+00
1.000036e+00 1.000019e+00
1.000040e+00 1.000021e+00
1.000043e+00 1.000023e+00
1.000036e+00 1.000020e+00
1.000042e+00 1.000025e+00
1.000040e+00 1.000023e+00
1.000037e+00 1.000020e+00
1.000038e+00 1.000021e+00
1.000041e+00 1.000023e+00
1.000037e+00 1.000021e+00
1.000039e+00 1.000023e+00
1.000041e+00 1.000024e+00
1.000040e+00 1.000022e+00
1.000037e+00 1.000021e+00
1.000042e+00 1.000024e+00
1.000038e+00 1.000022e+00
1.000035e+00 1.000021e+00
1.000040e+00 1.000024e+00
1.000040e+00 1.000022e+00
1.000037e+00 1.000021e+00
1.000039e+00 1.000022e+00
1.000038e+00 1.000022e+00
1.000039e+00 1.000024e+00
1.000036e+00 1.000021e+00
1.000042e+00 1.000023e+00
1.000040e+00 1.000023e+00
1.000041e+00 1.000023e+00
1.000043e+00 1.000024e+00
1.000038e+00 1.000023e+00
1.000041e+00 1.000025e+00
1.000043e+00 1.000024e+00
1.000043e+00 1.000024e+00
1.000042e+00 1.000024e+00
1.000043e+00 1.000025e+00
1.000043e+00 1.000026e+00
1.000040e+00 1.000024e+00
1.000042e+00 1.000024e+00
1.000043e+00 1.000024e+00
1.000041e+00 1.000024e+00
1.000042e+00 1.000025e+00
1.000041e+00 1.000025e+00
1.000044e+00 1.000027e+00
1.000040e+00 1.000023e+00
1.000043e+00 1.000025e+00
1.000044e+00 1.000026e+00
1.000041e+00 1.000024e+00
1.000047e+00 1.000030e+00
1.000043e+00 1.000026e+00
1.000044e+00 1.000025e+00
1.000040e+00 1.000023e+00
1.000044e+00 1.000026e+00
1.000043e+00 1.000025e+00
1.000039e+00 1.000024e+00
1.000043e+00 1.000027e+00
1.000047e+00 1.000027e+00
1.000044e+00 1.000026e+00
1.000042e+00 1.000025e+00
1.000047e+00 1.000028e+00
1.000044e+00 1.000029e+00
1.000042e+00 1.000026e+00
1.000043e+00 1.000025e+00
1.000048e+00 1.000029e+00
1.000043e+00 1.000026e+00
1.000044e+00 1.000026e+00
1.000052e+00 1.000034e+00
1.000045e+00 1.000028e+00
1.000043e+00 1.000025e+00
1.000044e+00 1.000027e+00
1.000049e+00 1.000030e+00
1.000044e+00 1.000026e+00
1.000044e+00 1.000028e+00
1.000050e+00 1.000033e+00
1.000051e+00 1.000030e+00
1.000043e+00 1.000026e+00
1.000046e+00 1.000028e+00
1.000051e+00 1.000033e+00
1.000047e+00 1.000030e+00
1.000045e+00 1.000028e+00
1.000048e+00 1.000028e+00
1.000054e+00 1.000033e+00
1.000044e+00 1.000026e+00
1.000049e+00 1.000031e+00
1.000058e+00 1.000036e+00
1.000055e+00 1.000033e+00
1.000046e+00 1.000029e+00
1.000050e+00 1.000029e+00
1.000059e+00 1.000037e+00
1.000047e+00 1.000029e+00
1.000051e+00 1.000033e+00
1.000059e+00 1.000037e+00
1.000065e+00 1.000040e+00
1.000052e+00 1.000030e+00
1.000055e+00 1.000031e+00
1.000066e+00 1.000038e+00
1.000055e+00 1.000035e+00
1.000047e+00 1.000030e+00
1.000053e+00 1.000033e+00
1.000067e+00 1.000039e+00
1.000058e+00 1.000036e+00
1.000056e+00 1.000033e+00
1.000064e+00 1.000041e+00
1.000070e+00 1.000042e+00
1.000064e+00 1.000038e+00
1.000055e+00 1.000034e+00
1.000068e+00 1.000042e+00
1.000065e+00 1.000039e+00
1.000049e+00 1.000031e+00
1.000063e+00 1.000039e+00
1.000070e+00 1.000043e+00
1.000070e+00 1.000043e+00
1.000053e+00 1.000033e+00
1.000069e+00 1.000042e+00
1.000080e+00 1.000049e+00
1.000068e+00 1.000042e+00
1.000055e+00 1.000034e+00
1.000072e+00 1.000043e+00
1.000083e+00 1.000049e+00
1.000055e+00 1.000034e+00
1.000073e+00 1.000045e+00
1.000077e+00 1.000047e+00
1.000091e+00 1.000056e+00
1.000058e+00 1.000035e+00
1.000072e+00 1.000045e+00
1.000092e+00 1.000057e+00
1.000067e+00 1.000042e+00
1.000051e+00 1.000032e+00
1.000073e+00 1.000045e+00
1.000091e+00 1.000056e+00
1.000069e+00 1.000043e+00
1.000073e+00 1.000046e+00
1.000084e+00 1.000052e+00
1.000089e+00 1.000055e+00
1.000076e+00 1.000047e+00
1.000068e+00 1.000043e+00
1.000086e+00 1.000054e+00
1.000083e+00 1.000052e+00
1.000058e+00 1.000037e+00
1.000085e+00 1.000053e+00
1.000092e+00 1.000057e+00
1.000100e+00 1.000062e+00
1.000070e+00 1.000044e+00
1.000092e+00 1.000057e+00
1.000101e+00 1.000063e+00
1.000119e+00 1.000074e+00
1.000076e+00 1.000048e+00
1.000099e+00 1.000062e+00
1.000131e+00 1.000081e+00
1.000082e+00 1.000052e+00
1.000101e+00 1.000063e+00
1.000109e+00 1.000070e+00
1.000130e+00 1.000081e+00
1.000086e+00 1.000055e+00
1.000096e+00 1.000060e+00
1.000118e+00 1.000079e+00
1.000141e+00 1.000089e+00
1.000064e+00 1.000041e+00
1.000092e+00 1.000058e+00
1.000112e+00 1.000071e+00
1.000094e+00 1.000060e+00
1.000085e+00 1.000054e+00
1.000113e+00 1.000071e+00
1.000118e+00 1.000075e+00
1.000122e+00 1.000078e+00
1.000099e+00 1.000064e+00
1.000126e+00 1.000081e+00
1.000158e+00 1.000100e+00
1.000073e+00 1.000048e+00
1.000113e+00 1.000075e+00
1.000133e+00 1.000085e+00
1.000208e+00 1.000134e+00
1.000143e+00 1.000092e+00
1.000239e+00 1.000150e+00
1.000328e+00 1.000201e+00
1.000431e+00 1.000262e+00
1.000462e+00 1.000303e+00
1.000729e+00 1.000498e+00
1.001164e+00 1.000828e+00
1.001696e+00 1.001205e+00
1.002296e+00 1.001592e+00
1.002748e+00 1.001879e+00
1.004071e+00 1.002708e+00
1.002503e+00 1.001190e+00
1.003321e+00 1.002195e+00
1.004685e+00 1.002700e+00
1.004010e+00 1.001643e+00
1.003516e+00 1.002070e+00
1.003099e+00 1.001265e+00
1.003830e+00 1.002138e+00
1.005141e+00 1.002555e+00
1.003959e+00 1.001608e+00
1.003169e+00 1.001887e+00
1.003476e+00 1.002161e+00
1.004676e+00 1.001935e+00
1.004072e+00 1.001659e+00
1.003647e+00 1.001409e+00
1.004226e+00 1.002627e+00
1.004857e+00 1.002875e+00
1.004410e+00 1.001663e+00
1.003421e+00 1.001388e+00
1.004185e+00 1.002565e+00
1.005502e+00 1.003207e+00
1.004372e+00 1.001781e+00
1.004451e+00 1.002792e+00
1.004953e+00 1.003013e+00
1.006241e+00 1.003130e+00
1.004675e+00 1.001897e+00
1.003603e+00 1.001557e+00
1.003332e+00 1.001984e+00
1.003721e+00 1.002321e+00
1.004359e+00 1.002615e+00
1.003548e+00 1.001473e+00
1.003113e+00 1.001917e+00
1.004042e+00 1.002450e+00
1.005349e+00 1.003065e+00
1.004037e+00 1.001665e+00
1.004218e+00 1.002585e+00
1.005490e+00 1.003183e+00
1.004237e+00 1.001735e+00
1.003256e+00 1.001964e+00
1.004070e+00 1.002532e+00
1.004733e+00 1.002818e+00
1.003793e+00 1.001589e+00
1.003213e+00 1.001394e+00
1.004220e+00 1.002532e+00
1.005514e+00 1.002651e+00
1.003909e+00 1.001621e+00
1.003128e+00 1.001870e+00
1.003355e+00 1.002071e+00
1.004344e+00 1.001875e+00
1.003794e+00 1.001602e+00
1.002995e+00 1.001299e+00
1.002847e+00 1.001760e+00
1.003254e+00 1.002020e+00
1.003914e+00 1.001992e+00
1.003010e+00 1.001293e+00
1.002765e+00 1.001715e+00
1.003593e+00 1.002205e+00
1.004846e+00 1.002815e+00
1.003767e+00 1.001595e+00
1.003017e+00 1.001856e+00
1.002867e+00 1.001268e+00
1.003784e+00 1.002321e+00
1.003964e+00 1.001678e+00
1.003232e+00 1.001391e+00
1.003545e+00 1.002233e+00
1.004181e+00 1.002527e+00
1.003232e+00 1.001386e+00
1.002975e+00 1.001846e+00
1.004030e+00 1.002399e+00
1.005214e+00 1.002213e+00
1.003845e+00 1.001622e+00
1.004063e+00 1.002446e+00
1.005379e+00 1.003109e+00
1.003544e+00 1.001489e+00
1.002744e+00 1.001678e+00
1.002517e+00 1.001580e+00
1.002887e+00 1.001814e+00
1.003243e+00 1.001447e+00
1.002934e+00 1.001302e+00
1.002626e+00 1.001159e+00
1.002479e+00 1.001550e+00
1.003277e+00 1.001957e+00
1.003907e+00 1.002297e+00
1.003094e+00 1.001350e+00
1.002654e+00 1.001189e+00
1.003573e+00 1.002208e+00
1.004600e+00 1.002093e+00
1.003934e+00 1.001681e+00
1.004042e+00 1.002507e+00
1.004680e+00 1.002808e+00
1.003622e+00 1.001582e+00
1.002771e+00 1.001713e+00
1.002794e+00 1.001744e+00
1.003709e+00 1.002272e+00
1.004364e+00 1.002628e+00
1.003174e+00 1.001380e+00
1.002466e+00 1.001109e+00
1.002426e+00 1.001532e+00
1.003268e+00 1.002019e+00
1.004306e+00 1.001974e+00
1.004818e+00 1.002884e+00
1.003337e+00 1.001458e+00
1.002576e+00 1.001414e+00
1.002286e+00 1.001422e+00
1.002381e+00 1.001513e+00
1.003341e+00 1.002047e+00
1.003958e+00 1.002303e+00
1.004001e+00 1.001794e+00
1.003068e+00 1.001368e+00
1.002482e+00 1.001538e+00
1.002402e+00 1.001474e+00
1.003310e+00 1.001522e+00
1.003974e+00 1.002297e+00
1.002822e+00 1.001260e+00
1.003563e+00 1.002278e+00
1.004778e+00 1.002866e+00
1.003368e+00 1.001490e+00
1.004215e+00 1.002465e+00
1.004862e+00 1.002812e+00
1.003542e+00 1.001589e+00
1.002871e+00 1.001293e+00
1.002475e+00 1.001474e+00
1.002442e+00 1.001553e+00
1.003368e+00 1.002067e+00
1.003943e+00 1.002369e+00
1.002869e+00 1.001296e+00
1.002669e+00 1.001697e+00
1.003515e+00 1.002241e+00
1.004708e+00 1.002681e+00
1.003316e+00 1.001479e+00
1.002603e+00 1.001639e+00
1.002820e+00 1.001809e+00
1.003923e+00 1.002333e+00
1.003314e+00 1.001501e+00
1.002776e+00 1.001652e+00
1.003616e+00 1.002308e+00
1.004214e+00 1.002504e+00
1.003206e+00 1.001436e+00
1.002577e+00 1.001187e+00
1.002436e+00 1.001518e+00
1.003258e+00 1.002026e+00
1.004296e+00 1.002436e+00
1.004626e+00 1.002069e+00
1.003670e+00 1.001655e+00
1.002929e+00 1.001325e+00
1.002422e+00 1.001480e+00
1.002306e+00 1.001458e+00
1.002091e+00 1.000981e+00
1.002395e+00 1.001543e+00
1.002899e+00 1.001706e+00
1.002195e+00 1.001031e+00
1.001930e+00 1.001239e+00
1.001686e+00 1.000862e+00
1.001767e+00 1.001147e+00
1.002057e+00 1.001337e+00
1.002526e+00 1.001561e+00
1.002125e+00 1.001006e+00
1.001863e+00 1.001197e+00
1.001697e+00 1.001097e+00
1.001672e+00 1.001057e+00
1.001984e+00 1.001321e+00
1.002297e+00 1.001100e+00
1.003322e+00 1.001530e+00
1.002477e+00 1.001141e+00
1.002005e+00 1.001272e+00
1.001764e+00 1.001148e+00
1.002014e+00 1.001339e+00
1.002389e+00 1.001272e+00
1.002267e+00 1.001084e+00
1.002074e+00 1.000997e+00
1.001822e+00 1.000875e+00
1.001683e+00 1.000926e+00
1.001844e+00 1.001218e+00
1.002151e+00 1.001163e+00
1.002220e+00 1.001079e+00
1.002984e+00 1.001833e+00
1.004047e+00 1.002100e+00
1.003086e+00 1.001435e+00
1.003186e+00 1.002050e+00
1.003458e+00 1.002230e+00
1.002968e+00 1.001411e+00
1.002407e+00 1.001144e+00
1.002210e+00 1.001419e+00
1.002916e+00 1.001803e+00
1.003484e+00 1.002145e+00
1.002703e+00 1.001306e+00
1.002319e+00 1.001128e+00
1.002060e+00 1.001264e+00
1.002017e+00 1.001303e+00
1.002577e+00 1.001571e+00
1.003131e+00 1.001963e+00
1.003238e+00 1.001576e+00
1.003266e+00 1.001551e+00
1.002606e+00 1.001258e+00
1.002249e+00 1.001447e+00
1.002136e+00 1.001354e+00
1.002410e+00 1.001595e+00
1.002850e+00 1.001708e+00
1.002541e+00 1.001231e+00
1.003341e+00 1.001910e+00
1.004502e+00 1.002354e+00
1.002672e+00 1.001269e+00
1.002317e+00 1.001497e+00
1.002609e+00 1.001628e+00
1.002447e+00 1.001196e+00
1.002144e+00 1.001050e+00
1.001837e+00 1.000910e+00
1.001714e+00 1.001071e+00
1.001943e+00 1.001305e+00
1.002232e+00 1.001160e+00
1.001993e+00 1.000994e+00
1.002029e+00 1.001309e+00
1.002914e+00 1.001715e+00
1.003838e+00 1.001775e+00
1.002207e+00 1.001067e+00
1.001768e+00 1.001161e+00
1.001691e+00 1.000850e+00
1.001830e+00 1.001139e+00
1.001872e+00 1.000949e+00
1.002546e+00 1.001536e+00
1.003074e+00 1.001935e+00
1.002261e+00 1.001105e+00
1.001884e+00 1.000941e+00
1.001725e+00 1.001116e+00
1.001758e+00 1.001079e+00
1.002375e+00 1.001424e+00
1.002822e+00 1.001740e+00
1.002651e+00 1.001313e+00
1.002212e+00 1.001094e+00
1.001872e+00 1.001210e+00
1.001904e+00 1.001243e+00
1.002661e+00 1.001670e+00
1.003149e+00 1.001882e+00
1.002416e+00 1.001184e+00
1.002147e+00 1.001071e+00
1.001985e+00 1.001258e+00
1.001868e+00 1.001124e+00
1.002310e+00 1.001490e+00
1.002858e+00 1.001709e+00
1.002955e+00 1.001475e+00
