13 84
9 81
13 145
10 117
7 143
7 157
10 133
9 106
8 160
10 131
9 110
8 117
14 151
9 129
8 167
10 147
8 124
8 126
8 164
9 149
10 128
8 163
6 161
11 150
9 123
9 159
12 142
9 119
8 118
8 155
12 142
9 121
9 155
11 140
8 115
8 124
8 151
10 141
10 120
8 155
11 142
8 112
9 130
8 158
10 114
9 128
7 160
7 154
10 115
10 126
8 153
10 112
8 128
8 129
9 151
10 117
9 131
13 139
8 128
7 125
9 148
11 137
10 130
9 166
8 146
9 130
9 130
9 161
11 134
9 134
8 147
7 157
10 136
9 132
9 153
10 134
8 134
8 137
9 153
10 131
9 139
9 149
9 154
8 125
9 146
12 145
10 139
10 154
8 152
10 150
10 142
9 157
11 146
10 147
8 147
8 151
10 146
9 147
9 150
10 146
8 146
8 140
10 161
10 143
10 146
11 163
8 144
8 144
9 159
11 157
10 151
10 160
9 158
8 148
9 149
10 157
10 151
9 162
8 161
9 157
9 148
9 159
10 150
9 160
8 166
9 162
10 147
9 161
11 155
10 153
8 166
8 158
10 156
10 169
11 166
10 167
7 166
8 164
10 164
10 172
10 162
9 163
8 161
8 159
9 159
9 174
11 171
9 155
8 167
8 168
10 160
9 169
10 163
9 169
8 171
8 173
9 161
10 171
9 164
10 169
8 178
8 164
9 162
10 167
9 167
11 172
7 169
8 176
11 179
9 178
10 183
10 177
8 173
8 177
9 177
11 182
10 177
11 177
8 169
8 187
10 180
10 187
14 180
11 181
9 183
8 181
10 191
10 179
10 186
11 183
9 177
10 190
11 202
11 190
10 190
13 205
10 192
9 183
9 218
13 197
10 192
11 221
8 201
13 184
15 219
11 205
26 195
8 224
7 223
22 179
7 224
15 234
8 195
22 226
7 217
8 201
20 222
28 240
8 230
25 241
13 230
21 214
10 250
31 223
8 236
23 216
20 231
5 237
18 236
7 248
8 276
7 307
4 323
4 345
7 361
8 419
4 429
6 458
4 477
4 463
4 464
12 456
8 446
9 456
4 457
4 451
8 452
8 469
8 479
8 468
4 460
7 464
9 472
8 463
8 468
9 478
4 479
7 472
8 486
9 488
9 464
8 474
4 477
7 495
8 488
9 486
8 479
9 456
7 464
7 474
8 491
8 483
9 458
8 467
4 462
4 468
8 460
9 489
8 487
10 461
4 443
6 453
9 460
9 472
8 464
8 469
7 463
7 451
8 429
8 448
8 461
8 456
4 451
8 452
9 439
9 443
8 444
8 459
4 458
7 456
9 428
9 436
8 427
8 448
4 444
8 446
8 428
11 430
8 436
8 426
4 419
8 433
8 430
7 431
10 413
8 422
7 414
4 415
8 433
8 436
9 420
9 421
4 419
7 412
9 415
9 423
8 423
9 403
8 398
7 402
8 407
8 410
10 420
8 406
4 400
7 390
8 394
8 395
10 398
9 401
6 398
5 402
9 405
8 388
9 380
9 401
6 403
6 396
9 399
9 386
9 387
9 399
6 394
6 398
8 404
10 386
9 383
8 391
6 393
4 389
10 404
9 395
8 390
9 389
6 386
6 386
10 388
10 406
8 394
8 390
8 388
7 394
8 385
9 408
9 408
9 404
7 397
6 386
8 391
11 397
8 418
8 406
4 398
7 384
10 399
8 392
8 388
10 410
8 408
7 403
8 384
10 383
8 387
10 396
7 396
7 397
8 395
8 384
11 384
8 388
6 383
5 391
9 386
9 398
9 390
8 378
6 378
7 394
9 387
8 390
8 386
11 381
8 383
6 374
8 371
10 379
9 382
8 373
7 379
7 374
9 373
9 364
9 358
11 353
7 347
6 344
10 329
10 323
9 330
9 334
6 327
8 329
9 327
9 332
10 323
10 331
7 336
6 331
9 323
10 327
9 322
9 326
8 325
8 325
10 323
8 320
9 334
9 332
6 316
9 316
9 308
9 324
8 318
9 323
8 322
9 313
9 316
8 309
10 320
9 324
6 327
6 320
9 315
10 316
9 318
8 311
6 313
9 315
9 312
9 321
9 321
11 312
8 308
7 311
8 315
9 324
9 322
10 303
9 308
7 310
