1.000337e+00 1.000219e+00
1.000155e+00 1.000084e+00
1.000057e+00 1.000030e+00
1.000061e+00 1.000033e+00
1.000073e+00 1.000037e+00
1.000109e+00 1.000050e+00
1.000049e+00 1.000021e+00
1.000061e+00 1.000029e+00
1.000107e+00 1.000053e+00
1.000051e+00 1.000025e+00
1.000055e+00 1.000030e+00
1.000059e+00 1.000033e+00
1.000028e+00 1.000015e+00
1.000047e+00 1.000027e+00
1.000065e+00 1.000038e+00
1.000041e+00 1.000023e+00
1.000047e+00 1.000027e+00
1.000043e+00 1.000025e+00
1.000073e+00 1.000043e+00
1.000038e+00 1.000021e+00
1.000044e+00 1.000025e+00
1.000062e+00 1.000035e+00
1.000079e+00 1.000045e+00
1.000024e+00 1.000013e+00
1.000049e+00 1.000026e+00
1.000052e+00 1.000029e+00
1.000030e+00 1.000016e+00
1.000053e+00 1.000028e+00
1.000051e+00 1.000027e+00
1.000058e+00 1.000032e+00
1.000034e+00 1.000018e+00
1.000056e+00 1.000029e+00
1.000067e+00 1.000038e+00
1.000038e+00 1.000020e+00
1.000053e+00 1.000030e+00
1.000052e+00 1.000029e+00
1.000083e+00 1.000048e+00
1.000045e+00 1.000025e+00
1.000050e+00 1.000029e+00
1.000089e+00 1.000052e+00
1.000029e+00 1.000017e+00
1.000046e+00 1.000027e+00
1.000052e+00 1.000030e+00
1.000087e+00 1.000050e+00
1.000046e+00 1.000025e+00
1.000056e+00 1.000031e+00
1.000066e+00 1.000039e+00
1.000089e+00 1.000051e+00
1.000047e+00 1.000025e+00
1.000058e+00 1.000033e+00
1.000095e+00 1.000053e+00
1.000048e+00 1.000026e+00
1.000057e+00 1.000032e+00
1.000064e+00 1.000037e+00
1.000090e+00 1.000047e+00
1.000051e+00 1.000028e+00
1.000068e+00 1.000039e+00
1.000041e+00 1.000022e+00
1.000046e+00 1.000027e+00
1.000060e+00 1.000035e+00
1.000069e+00 1.000039e+00
1.000040e+00 1.000022e+00
1.000055e+00 1.000032e+00
1.000069e+00 1.000040e+00
1.000067e+00 1.000037e+00
1.000041e+00 1.000024e+00
1.000058e+00 1.000034e+00
1.000072e+00 1.000043e+00
1.000043e+00 1.000025e+00
1.000061e+00 1.000036e+00
1.000060e+00 1.000036e+00
1.000075e+00 1.000044e+00
1.000047e+00 1.000026e+00
1.000065e+00 1.000038e+00
1.000078e+00 1.000046e+00
1.000051e+00 1.000028e+00
1.000057e+00 1.000033e+00
1.000068e+00 1.000040e+00
1.000081e+00 1.000047e+00
1.000055e+00 1.000031e+00
1.000072e+00 1.000041e+00
1.000078e+00 1.000045e+00
1.000046e+00 1.000027e+00
1.000060e+00 1.000035e+00
1.000067e+00 1.000039e+00
1.000047e+00 1.000025e+00
1.000056e+00 1.000033e+00
1.000063e+00 1.000038e+00
1.000071e+00 1.000042e+00
1.000040e+00 1.000024e+00
1.000060e+00 1.000036e+00
1.000067e+00 1.000040e+00
1.000047e+00 1.000028e+00
1.000062e+00 1.000037e+00
1.000065e+00 1.000039e+00
1.000068e+00 1.000040e+00
1.000054e+00 1.000031e+00
1.000065e+00 1.000039e+00
1.000075e+00 1.000043e+00
1.000058e+00 1.000035e+00
1.000064e+00 1.000038e+00
1.000065e+00 1.000039e+00
1.000068e+00 1.000037e+00
1.000064e+00 1.000038e+00
1.000068e+00 1.000041e+00
1.000055e+00 1.000031e+00
1.000058e+00 1.000035e+00
1.000069e+00 1.000042e+00
1.000074e+00 1.000044e+00
1.000053e+00 1.000032e+00
1.000070e+00 1.000042e+00
1.000073e+00 1.000043e+00
1.000055e+00 1.000032e+00
1.000063e+00 1.000038e+00
1.000076e+00 1.000046e+00
1.000064e+00 1.000035e+00
1.000067e+00 1.000041e+00
1.000079e+00 1.000048e+00
1.000074e+00 1.000042e+00
1.000051e+00 1.000030e+00
1.000075e+00 1.000045e+00
1.000082e+00 1.000049e+00
1.000060e+00 1.000035e+00
1.000081e+00 1.000048e+00
1.000071e+00 1.000042e+00
1.000063e+00 1.000036e+00
1.000065e+00 1.000038e+00
1.000087e+00 1.000052e+00
1.000057e+00 1.000034e+00
1.000070e+00 1.000041e+00
1.000074e+00 1.000046e+00
1.000080e+00 1.000046e+00
1.000065e+00 1.000038e+00
1.000076e+00 1.000044e+00
1.000060e+00 1.000036e+00
1.000067e+00 1.000040e+00
1.000086e+00 1.000052e+00
1.000078e+00 1.000045e+00
1.000068e+00 1.000042e+00
1.000077e+00 1.000046e+00
1.000070e+00 1.000042e+00
1.000080e+00 1.000048e+00
1.000083e+00 1.000049e+00
1.000082e+00 1.000049e+00
1.000082e+00 1.000049e+00
1.000091e+00 1.000054e+00
1.000069e+00 1.000041e+00
1.000088e+00 1.000052e+00
1.000086e+00 1.000052e+00
1.000080e+00 1.000046e+00
1.000080e+00 1.000047e+00
1.000094e+00 1.000055e+00
1.000076e+00 1.000046e+00
1.000095e+00 1.000057e+00
1.000085e+00 1.000048e+00
1.000078e+00 1.000045e+00
1.000095e+00 1.000057e+00
1.000088e+00 1.000050e+00
1.000097e+00 1.000054e+00
1.000096e+00 1.000053e+00
1.000080e+00 1.000047e+00
1.000081e+00 1.000049e+00
1.000099e+00 1.000058e+00
1.000080e+00 1.000048e+00
1.000104e+00 1.000061e+00
1.000073e+00 1.000044e+00
1.000099e+00 1.000060e+00
1.000090e+00 1.000054e+00
1.000077e+00 1.000047e+00
1.000098e+00 1.000059e+00
1.000084e+00 1.000050e+00
1.000093e+00 1.000056e+00
1.000100e+00 1.000060e+00
1.000085e+00 1.000052e+00
1.000106e+00 1.000064e+00
1.000083e+00 1.000050e+00
1.000101e+00 1.000061e+00
1.000079e+00 1.000048e+00
1.000094e+00 1.000057e+00
1.000104e+00 1.000064e+00
1.000097e+00 1.000059e+00
1.000105e+00 1.000064e+00
1.000086e+00 1.000054e+00
1.000101e+00 1.000061e+00
1.000084e+00 1.000050e+00
1.000096e+00 1.000060e+00
1.000115e+00 1.000071e+00
1.000098e+00 1.000061e+00
1.000109e+00 1.000067e+00
1.000102e+00 1.000064e+00
1.000100e+00 1.000062e+00
1.000084e+00 1.000053e+00
1.000122e+00 1.000076e+00
1.000091e+00 1.000058e+00
1.000118e+00 1.000074e+00
1.000102e+00 1.000064e+00
1.000104e+00 1.000065e+00
1.000091e+00 1.000057e+00
1.000141e+00 1.000088e+00
1.000087e+00 1.000056e+00
1.000125e+00 1.000078e+00
1.000112e+00 1.000071e+00
1.000118e+00 1.000073e+00
1.000093e+00 1.000059e+00
1.000150e+00 1.000093e+00
1.000106e+00 1.000067e+00
1.000078e+00 1.000050e+00
1.000173e+00 1.000107e+00
1.000230e+00 1.000142e+00
1.000056e+00 1.000037e+00
1.000211e+00 1.000129e+00
1.000076e+00 1.000049e+00
1.000232e+00 1.000143e+00
1.000093e+00 1.000060e+00
1.000184e+00 1.000109e+00
1.000234e+00 1.000144e+00
1.000175e+00 1.000109e+00
1.000107e+00 1.000069e+00
1.000216e+00 1.000135e+00
1.000129e+00 1.000082e+00
1.000200e+00 1.000123e+00
1.000182e+00 1.000117e+00
1.000208e+00 1.000132e+00
1.000143e+00 1.000092e+00
1.000292e+00 1.000186e+00
1.000136e+00 1.000089e+00
1.000237e+00 1.000153e+00
1.000393e+00 1.000245e+00
1.000225e+00 1.000142e+00
1.000533e+00 1.000337e+00
1.000475e+00 1.000296e+00
1.000738e+00 1.000468e+00
1.001026e+00 1.000653e+00
1.001158e+00 1.000737e+00
1.001123e+00 1.000738e+00
1.000919e+00 1.000631e+00
1.001792e+00 1.001195e+00
1.001913e+00 1.001324e+00
1.002056e+00 1.001438e+00
1.002228e+00 1.001580e+00
1.003095e+00 1.002169e+00
1.001224e+00 1.000492e+00
1.001103e+00 1.000687e+00
1.001048e+00 1.000504e+00
1.001125e+00 1.000715e+00
1.001222e+00 1.000649e+00
1.000994e+00 1.000441e+00
1.001046e+00 1.000642e+00
1.000941e+00 1.000432e+00
1.000890e+00 1.000412e+00
1.001021e+00 1.000680e+00
1.001080e+00 1.000486e+00
1.000934e+00 1.000426e+00
1.000978e+00 1.000590e+00
1.000925e+00 1.000402e+00
1.000816e+00 1.000370e+00
1.000899e+00 1.000592e+00
1.000924e+00 1.000409e+00
1.000955e+00 1.000426e+00
1.000908e+00 1.000397e+00
1.000845e+00 1.000357e+00
1.000837e+00 1.000516e+00
1.000923e+00 1.000580e+00
1.000846e+00 1.000397e+00
1.000905e+00 1.000414e+00
1.000868e+00 1.000375e+00
1.000844e+00 1.000537e+00
1.000862e+00 1.000378e+00
1.000824e+00 1.000509e+00
1.000796e+00 1.000501e+00
1.000822e+00 1.000380e+00
1.000876e+00 1.000405e+00
1.000851e+00 1.000377e+00
1.000829e+00 1.000512e+00
1.000906e+00 1.000564e+00
1.000989e+00 1.000442e+00
1.000907e+00 1.000401e+00
1.000811e+00 1.000362e+00
1.000894e+00 1.000573e+00
1.000809e+00 1.000353e+00
1.000877e+00 1.000539e+00
1.000916e+00 1.000388e+00
1.000850e+00 1.000373e+00
1.000795e+00 1.000350e+00
1.000868e+00 1.000530e+00
1.000914e+00 1.000407e+00
1.000863e+00 1.000530e+00
1.000827e+00 1.000364e+00
1.000825e+00 1.000356e+00
1.000818e+00 1.000354e+00
1.000811e+00 1.000395e+00
1.000878e+00 1.000407e+00
1.000935e+00 1.000608e+00
1.000828e+00 1.000378e+00
1.000782e+00 1.000352e+00
1.000777e+00 1.000462e+00
1.000753e+00 1.000429e+00
1.000775e+00 1.000363e+00
1.000849e+00 1.000556e+00
1.000834e+00 1.000382e+00
1.000802e+00 1.000354e+00
1.000745e+00 1.000372e+00
1.000777e+00 1.000472e+00
1.000770e+00 1.000354e+00
1.000812e+00 1.000524e+00
1.000733e+00 1.000333e+00
1.000800e+00 1.000357e+00
1.000693e+00 1.000298e+00
1.000743e+00 1.000451e+00
1.000746e+00 1.000341e+00
1.000786e+00 1.000503e+00
1.000700e+00 1.000311e+00
1.000703e+00 1.000314e+00
1.000771e+00 1.000483e+00
1.000639e+00 1.000295e+00
1.000643e+00 1.000409e+00
1.000631e+00 1.000395e+00
1.000684e+00 1.000427e+00
1.000668e+00 1.000314e+00
1.000683e+00 1.000324e+00
1.000667e+00 1.000311e+00
1.000598e+00 1.000288e+00
1.000650e+00 1.000430e+00
1.000665e+00 1.000308e+00
1.000631e+00 1.000296e+00
1.000614e+00 1.000298e+00
1.000649e+00 1.000392e+00
1.000636e+00 1.000300e+00
1.000569e+00 1.000358e+00
1.000586e+00 1.000361e+00
1.000644e+00 1.000297e+00
1.000668e+00 1.000313e+00
1.000596e+00 1.000278e+00
1.000666e+00 1.000415e+00
1.000739e+00 1.000461e+00
1.000685e+00 1.000304e+00
1.000630e+00 1.000278e+00
1.000657e+00 1.000395e+00
1.000583e+00 1.000260e+00
1.000552e+00 1.000321e+00
1.000572e+00 1.000342e+00
1.000600e+00 1.000351e+00
1.000544e+00 1.000257e+00
1.000514e+00 1.000321e+00
1.000500e+00 1.000234e+00
1.000503e+00 1.000320e+00
1.000526e+00 1.000342e+00
1.000538e+00 1.000264e+00
1.000504e+00 1.000248e+00
1.000473e+00 1.000294e+00
1.000489e+00 1.000298e+00
1.000460e+00 1.000224e+00
1.000473e+00 1.000317e+00
1.000489e+00 1.000251e+00
1.000515e+00 1.000263e+00
1.000476e+00 1.000227e+00
1.000437e+00 1.000277e+00
1.000486e+00 1.000315e+00
1.000517e+00 1.000341e+00
1.000572e+00 1.000298e+00
1.000467e+00 1.000242e+00
1.000473e+00 1.000308e+00
1.000490e+00 1.000318e+00
1.000451e+00 1.000223e+00
1.000482e+00 1.000316e+00
1.000518e+00 1.000309e+00
1.000489e+00 1.000242e+00
1.000439e+00 1.000223e+00
1.000499e+00 1.000325e+00
1.000499e+00 1.000254e+00
1.000450e+00 1.000290e+00
1.000465e+00 1.000296e+00
1.000490e+00 1.000242e+00
1.000476e+00 1.000241e+00
1.000475e+00 1.000243e+00
1.000470e+00 1.000235e+00
1.000456e+00 1.000302e+00
1.000463e+00 1.000307e+00
1.000509e+00 1.000252e+00
1.000459e+00 1.000220e+00
1.000449e+00 1.000305e+00
1.000497e+00 1.000341e+00
1.000556e+00 1.000378e+00
1.000550e+00 1.000272e+00
1.000456e+00 1.000216e+00
1.000513e+00 1.000319e+00
1.000575e+00 1.000271e+00
1.000479e+00 1.000234e+00
1.000469e+00 1.000289e+00
1.000499e+00 1.000298e+00
1.000558e+00 1.000250e+00
1.000540e+00 1.000233e+00
1.000596e+00 1.000328e+00
1.000603e+00 1.000232e+00
1.000588e+00 1.000296e+00
1.000584e+00 1.000224e+00
1.000624e+00 1.000235e+00
1.000686e+00 1.000346e+00
1.000624e+00 1.000216e+00
1.000601e+00 1.000287e+00
1.000567e+00 1.000293e+00
1.000580e+00 1.000303e+00
1.000562e+00 1.000226e+00
1.000544e+00 1.000215e+00
1.000516e+00 1.000210e+00
1.000512e+00 1.000283e+00
1.000489e+00 1.000279e+00
1.000452e+00 1.000200e+00
1.000400e+00 1.000182e+00
1.000398e+00 1.000258e+00
1.000423e+00 1.000229e+00
1.000328e+00 1.000165e+00
1.000301e+00 1.000195e+00
1.000321e+00 1.000212e+00
1.000356e+00 1.000187e+00
1.000303e+00 1.000159e+00
1.000284e+00 1.000166e+00
1.000324e+00 1.000209e+00
1.000329e+00 1.000214e+00
1.000314e+00 1.000163e+00
1.000307e+00 1.000162e+00
1.000303e+00 1.000156e+00
1.000270e+00 1.000146e+00
1.000265e+00 1.000133e+00
1.000281e+00 1.000181e+00
1.000309e+00 1.000202e+00
1.000273e+00 1.000145e+00
1.000255e+00 1.000133e+00
1.000251e+00 1.000171e+00
1.000262e+00 1.000184e+00
1.000278e+00 1.000191e+00
1.000265e+00 1.000134e+00
1.000253e+00 1.000131e+00
1.000267e+00 1.000185e+00
1.000265e+00 1.000136e+00
1.000245e+00 1.000126e+00
1.000249e+00 1.000170e+00
1.000263e+00 1.000183e+00
1.000282e+00 1.000146e+00
1.000244e+00 1.000128e+00
1.000250e+00 1.000174e+00
1.000276e+00 1.000141e+00
1.000267e+00 1.000169e+00
1.000254e+00 1.000129e+00
1.000227e+00 1.000119e+00
1.000255e+00 1.000166e+00
1.000268e+00 1.000163e+00
1.000271e+00 1.000147e+00
1.000279e+00 1.000189e+00
1.000245e+00 1.000123e+00
1.000229e+00 1.000119e+00
1.000233e+00 1.000156e+00
1.000274e+00 1.000185e+00
1.000290e+00 1.000154e+00
1.000265e+00 1.000176e+00
1.000229e+00 1.000117e+00
1.000234e+00 1.000123e+00
1.000256e+00 1.000174e+00
1.000239e+00 1.000125e+00
1.000240e+00 1.000157e+00
1.000254e+00 1.000175e+00
1.000277e+00 1.000189e+00
1.000286e+00 1.000152e+00
1.000235e+00 1.000121e+00
1.000236e+00 1.000161e+00
1.000259e+00 1.000176e+00
1.000266e+00 1.000181e+00
1.000239e+00 1.000123e+00
1.000240e+00 1.000128e+00
1.000243e+00 1.000159e+00
1.000246e+00 1.000162e+00
1.000206e+00 1.000111e+00
1.000200e+00 1.000132e+00
1.000209e+00 1.000138e+00
1.000233e+00 1.000126e+00
1.000248e+00 1.000133e+00
1.000247e+00 1.000131e+00
1.000218e+00 1.000115e+00
1.000186e+00 1.000122e+00
1.000189e+00 1.000128e+00
