1.000030e+00 1.000008e+00
1.000049e+00 1.000013e+00
1.000040e+00 1.000009e+00
1.000039e+00 1.000009e+00
1.000034e+00 1.000009e+00
1.000036e+00 1.000010e+00
1.000036e+00 1.000010e+00
1.000043e+00 1.000012e+00
1.000044e+00 1.000012e+00
1.000044e+00 1.000012e+00
1.000047e+00 1.000012e+00
1.000048e+00 1.000015e+00
1.000055e+00 1.000017e+00
1.000054e+00 1.000015e+00
1.000050e+00 1.000014e+00
1.000050e+00 1.000012e+00
1.000049e+00 1.000011e+00
1.000045e+00 1.000011e+00
1.000054e+00 1.000013e+00
1.000054e+00 1.000013e+00
1.000052e+00 1.000013e+00
1.000056e+00 1.000014e+00
1.000061e+00 1.000015e+00
1.000066e+00 1.000019e+00
1.000070e+00 1.000019e+00
1.000075e+00 1.000021e+00
1.000076e+00 1.000021e+00
1.000072e+00 1.000020e+00
1.000073e+00 1.000021e+00
1.000069e+00 1.000020e+00
1.000067e+00 1.000020e+00
1.000067e+00 1.000019e+00
1.000067e+00 1.000017e+00
1.000065e+00 1.000016e+00
1.000071e+00 1.000018e+00
1.000070e+00 1.000018e+00
1.000074e+00 1.000020e+00
1.000072e+00 1.000019e+00
1.000074e+00 1.000020e+00
1.000081e+00 1.000022e+00
1.000076e+00 1.000019e+00
1.000086e+00 1.000025e+00
1.000082e+00 1.000026e+00
1.000076e+00 1.000023e+00
1.000078e+00 1.000025e+00
1.000081e+00 1.000027e+00
1.000086e+00 1.000029e+00
1.000086e+00 1.000029e+00
1.000085e+00 1.000030e+00
1.000088e+00 1.000030e+00
1.000094e+00 1.000033e+00
1.000086e+00 1.000030e+00
1.000101e+00 1.000035e+00
1.000094e+00 1.000033e+00
1.000092e+00 1.000031e+00
1.000097e+00 1.000035e+00
1.000096e+00 1.000034e+00
1.000094e+00 1.000032e+00
1.000091e+00 1.000029e+00
1.000102e+00 1.000036e+00
1.000106e+00 1.000038e+00
1.000098e+00 1.000033e+00
1.000114e+00 1.000040e+00
1.000103e+00 1.000033e+00
1.000089e+00 1.000027e+00
1.000099e+00 1.000035e+00
1.000103e+00 1.000034e+00
1.000114e+00 1.000039e+00
1.000114e+00 1.000038e+00
1.000121e+00 1.000039e+00
1.000105e+00 1.000035e+00
1.000151e+00 1.000054e+00
1.000132e+00 1.000042e+00
1.000121e+00 1.000039e+00
1.000129e+00 1.000041e+00
1.000123e+00 1.000043e+00
1.000126e+00 1.000042e+00
1.000152e+00 1.000051e+00
1.000163e+00 1.000053e+00
1.000162e+00 1.000053e+00
1.000133e+00 1.000044e+00
1.000138e+00 1.000046e+00
1.000154e+00 1.000052e+00
1.000137e+00 1.000048e+00
1.000146e+00 1.000049e+00
1.000173e+00 1.000059e+00
1.000200e+00 1.000071e+00
1.000176e+00 1.000064e+00
1.000171e+00 1.000061e+00
1.000165e+00 1.000057e+00
1.000186e+00 1.000064e+00
1.000207e+00 1.000072e+00
1.000219e+00 1.000082e+00
1.000187e+00 1.000066e+00
1.000202e+00 1.000070e+00
1.000228e+00 1.000084e+00
1.000202e+00 1.000071e+00
1.000235e+00 1.000088e+00
1.000173e+00 1.000062e+00
1.000249e+00 1.000093e+00
1.000270e+00 1.000097e+00
1.000254e+00 1.000095e+00
1.000186e+00 1.000071e+00
1.000318e+00 1.000116e+00
1.000322e+00 1.000125e+00
1.000240e+00 1.000087e+00
1.000367e+00 1.000132e+00
1.000284e+00 1.000104e+00
1.000295e+00 1.000119e+00
1.000279e+00 1.000103e+00
1.000382e+00 1.000146e+00
1.000333e+00 1.000123e+00
1.000264e+00 1.000102e+00
1.000344e+00 1.000136e+00
1.000279e+00 1.000107e+00
1.000332e+00 1.000127e+00
1.000379e+00 1.000142e+00
1.000447e+00 1.000168e+00
1.000439e+00 1.000165e+00
1.000470e+00 1.000195e+00
1.000331e+00 1.000124e+00
1.000394e+00 1.000148e+00
1.000433e+00 1.000171e+00
1.000418e+00 1.000164e+00
1.000445e+00 1.000171e+00
1.000495e+00 1.000200e+00
1.000454e+00 1.000173e+00
1.000452e+00 1.000174e+00
1.000477e+00 1.000192e+00
1.000504e+00 1.000208e+00
1.000421e+00 1.000168e+00
1.000585e+00 1.000237e+00
1.000566e+00 1.000227e+00
1.000486e+00 1.000195e+00
1.000658e+00 1.000266e+00
1.000641e+00 1.000268e+00
1.000566e+00 1.000235e+00
1.000690e+00 1.000283e+00
1.000656e+00 1.000276e+00
1.000499e+00 1.000212e+00
1.000609e+00 1.000252e+00
1.000072e+00 1.000005e+00
1.000082e+00 1.000003e+00
1.000103e+00 1.000003e+00
1.000107e+00 1.000004e+00
1.000108e+00 1.000004e+00
1.000108e+00 1.000004e+00
1.000106e+00 1.000003e+00
1.000103e+00 1.000002e+00
1.000100e+00 1.000003e+00
1.000103e+00 1.000003e+00
1.000109e+00 1.000003e+00
1.000114e+00 1.000003e+00
1.000117e+00 1.000003e+00
1.000121e+00 1.000003e+00
1.000123e+00 1.000003e+00
1.000124e+00 1.000004e+00
1.000124e+00 1.000005e+00
