11 95
8 55
7 99
8 97
8 59
8 66
7 90
8 88
8 67
7 95
9 99
7 79
8 87
12 111
9 61
9 100
7 110
10 111
9 67
9 115
11 108
9 63
7 63
7 115
10 107
9 66
8 105
9 108
7 85
7 63
7 111
9 101
9 64
7 104
7 105
8 95
9 70
7 111
9 91
9 77
7 109
7 105
8 91
8 71
7 104
8 84
7 62
7 77
7 99
8 82
8 97
7 98
9 89
7 80
8 101
7 93
8 85
8 101
7 100
6 93
8 77
8 104
11 93
9 70
7 82
7 98
10 91
8 72
8 99
9 91
7 83
7 68
7 96
9 81
8 73
7 91
6 92
8 86
8 78
7 95
8 80
8 87
7 92
7 96
8 77
8 92
7 91
8 81
7 72
7 96
10 84
8 68
7 91
9 81
7 79
7 67
7 88
9 78
8 74
7 87
4 82
7 78
7 78
7 81
8 76
7 81
4 82
6 74
8 71
7 81
8 74
7 68
7 83
7 80
8 72
7 74
7 77
7 74
7 72
5 79
7 71
7 75
7 79
8 77
5 77
7 74
7 77
7 80
7 82
7 75
5 81
7 75
7 76
7 83
7 83
7 79
7 79
4 80
7 78
8 87
7 87
7 81
7 88
4 87
7 84
7 85
7 90
7 82
4 87
7 88
7 84
7 90
7 86
8 85
4 88
6 90
7 88
7 91
7 88
7 97
4 90
6 91
8 91
7 89
7 91
7 95
4 95
6 92
7 102
7 94
7 95
7 104
7 94
4 106
7 95
7 100
7 98
7 106
4 98
6 99
8 102
7 103
7 105
7 111
4 116
6 104
7 108
7 109
8 110
7 106
4 105
6 116
7 105
7 115
7 114
7 112
4 108
7 117
7 115
7 125
6 112
7 112
4 116
7 116
7 116
7 123
7 122
7 110
4 101
7 139
7 103
7 133
10 125
7 112
4 108
8 136
6 108
8 126
6 105
7 119
4 112
6 123
6 112
8 113
6 110
7 111
4 114
7 116
7 107
7 114
7 106
7 105
4 101
6 105
7 106
7 112
7 102
8 106
4 101
6 99
7 103
6 106
7 103
6 103
6 104
6 97
6 93
7 99
7 96
7 95
6 93
6 90
7 94
7 89
7 92
7 87
6 91
6 92
7 86
7 97
7 88
7 90
6 90
6 84
7 84
7 91
8 88
7 89
6 80
4 87
7 87
7 86
7 82
7 79
4 81
6 77
7 85
7 75
7 82
7 74
4 81
4 77
8 76
7 80
7 76
7 73
4 75
4 74
8 73
7 72
8 72
7 70
4 72
4 71
8 67
7 71
7 64
7 71
4 70
7 70
7 66
7 69
8 62
7 70
4 68
4 64
8 57
7 65
8 71
7 67
4 64
6 64
7 65
7 66
7 67
7 53
7 64
4 64
8 71
7 61
7 68
7 67
4 57
7 61
7 63
8 60
7 63
7 60
6 65
4 56
8 65
7 64
8 51
7 61
4 60
6 63
8 51
7 63
8 66
7 58
4 60
6 60
8 64
7 59
7 62
8 55
4 47
7 59
7 60
8 49
7 59
7 61
7 63
7 46
7 60
7 64
8 48
7 60
4 59
6 62
8 40
7 61
7 63
7 41
7 61
4 59
6 61
8 39
7 62
8 60
7 40
7 50
7 60
9 63
7 55
7 61
4 58
8 60
7 57
7 60
4 58
9 60
4 62
4 60
4 59
9 58
7 57
8 58
7 41
7 63
7 59
7 39
7 57
7 55
8 58
4 50
8 62
7 59
7 38
7 57
4 57
4 58
9 44
8 68
7 62
7 38
7 57
4 57
7 56
7 40
7 60
7 58
4 58
7 37
7 57
7 56
7 40
7 60
4 58
4 58
8 57
7 57
8 56
7 39
7 59
4 61
8 55
7 57
7 57
8 56
4 35
7 61
7 58
8 53
7 56
7 60
4 56
8 55
7 63
7 60
8 39
7 55
4 57
4 57
4 55
9 37
8 57
8 41
4 37
4 37
9 57
8 41
8 57
7 54
7 39
4 34
8 58
7 56
7 39
7 59
4 59
8 59
7 39
7 59
7 60
8 38
4 34
4 49
4 49
10 41
9 62
7 63
4 59
9 38
4 34
10 55
9 46
7 62
4 62
4 60
10 43
4 41
4 40
14 47
7 64
4 63
10 61
4 40
12 62
10 64
4 41
7 62
4 62
11 59
8 44
4 63
4 63
11 63
6 43
11 62
4 61
9 49
4 50
9 68
9 66
7 49
10 68
11 50
4 50
4 50
4 52
18 70
4 73
12 78
4 80
4 81
11 61
4 66
4 66
15 71
4 71
4 74
4 77
15 77
4 77
4 91
4 95
16 110
4 113
4 108
4 104
19 150
8 152
4 149
4 162
4 162
20 199
5 201
4 199
16 209
4 209
16 237
12 235
10 230
8 235
7 238
9 246
9 246
9 242
9 246
4 241
7 237
8 239
9 234
8 247
9 248
6 241
7 240
8 236
9 240
11 231
8 239
4 237
7 235
9 240
7 233
10 233
8 236
7 229
4 231
8 242
13 237
11 234
9 245
4 238
4 235
4 234
10 241
10 249
9 247
4 242
4 237
9 234
11 235
10 248
10 233
7 247
4 241
9 233
11 229
7 238
4 235
4 236
9 234
9 234
11 236
8 234
8 242
4 248
4 245
10 229
8 230
10 236
8 231
4 231
4 233
9 235
10 232
8 232
10 235
4 233
4 232
9 239
8 242
9 236
4 237
8 233
9 233
9 231
4 237
4 241
10 238
4 241
4 241
7 246
4 246
4 240
10 238
8 240
4 238
4 236
4 239
4 239
14 244
4 244
4 244
4 242
4 240
4 242
9 240
4 246
4 243
4 242
4 240
4 240
4 239
4 244
15 246
4 247
4 246
4 242
4 241
4 241
4 242
4 242
10 249
4 250
4 250
4 252
4 251
4 249
4 248
4 248
4 249
4 246
4 249
4 248
4 251
4 251
22 247
8 242
4 243
4 242
4 242
4 243
4 240
4 240
5 235
4 235
4 235
4 235
4 235
4 234
4 238
4 241
4 240
4 238
4 238
4 240
4 242
4 246
4 246
28 245
5 244
4 244
4 244
4 244
4 244
4 241
4 240
5 238
4 242
4 242
4 242
4 241
4 242
4 242
4 241
4 241
4 241
4 240
4 239
4 238
4 236
7 238
5 238
4 238
4 238
4 240
4 240
4 239
4 239
4 235
4 236
4 235
4 235
4 234
4 236
4 232
4 234
4 233
10 242
21 252
6 253
4 254
4 254
4 253
4 253
4 255
4 255
4 256
4 255
4 255
4 256
4 255
4 255
4 255
4 254
4 254
4 252
4 254
4 255
4 255
4 250
4 250
5 249
4 250
4 247
4 249
4 250
4 249
4 249
4 247
4 247
4 246
4 247
4 246
4 246
4 245
4 245
4 243
4 243
5 242
13 240
5 240
4 240
4 240
4 240
4 240
4 240
