1.000340e+00 1.000242e+00
1.000244e+00 1.000154e+00
1.000461e+00 1.000209e+00
1.000207e+00 1.000088e+00
1.000239e+00 1.000102e+00
1.000245e+00 1.000104e+00
1.000522e+00 1.000222e+00
1.000241e+00 1.000104e+00
1.000275e+00 1.000124e+00
1.000533e+00 1.000251e+00
1.000150e+00 1.000082e+00
1.000247e+00 1.000149e+00
1.000251e+00 1.000137e+00
1.000066e+00 1.000031e+00
1.000191e+00 1.000109e+00
1.000234e+00 1.000130e+00
1.000369e+00 1.000226e+00
1.000062e+00 1.000032e+00
1.000185e+00 1.000099e+00
1.000249e+00 1.000133e+00
1.000073e+00 1.000036e+00
1.000189e+00 1.000099e+00
1.000200e+00 1.000108e+00
1.000278e+00 1.000152e+00
1.000090e+00 1.000043e+00
1.000201e+00 1.000105e+00
1.000308e+00 1.000162e+00
1.000110e+00 1.000054e+00
1.000203e+00 1.000113e+00
1.000219e+00 1.000120e+00
1.000338e+00 1.000177e+00
1.000131e+00 1.000067e+00
1.000219e+00 1.000117e+00
1.000359e+00 1.000193e+00
1.000376e+00 1.000215e+00
1.000121e+00 1.000065e+00
1.000220e+00 1.000116e+00
1.000373e+00 1.000201e+00
1.000167e+00 1.000090e+00
1.000226e+00 1.000122e+00
1.000276e+00 1.000157e+00
1.000398e+00 1.000237e+00
1.000192e+00 1.000100e+00
1.000239e+00 1.000127e+00
1.000412e+00 1.000220e+00
1.000213e+00 1.000115e+00
1.000240e+00 1.000135e+00
1.000249e+00 1.000140e+00
1.000432e+00 1.000232e+00
1.000226e+00 1.000125e+00
1.000253e+00 1.000138e+00
1.000436e+00 1.000240e+00
1.000141e+00 1.000080e+00
1.000233e+00 1.000134e+00
1.000265e+00 1.000144e+00
1.000438e+00 1.000242e+00
1.000222e+00 1.000123e+00
1.000277e+00 1.000153e+00
1.000378e+00 1.000231e+00
1.000431e+00 1.000244e+00
1.000229e+00 1.000124e+00
1.000297e+00 1.000164e+00
1.000095e+00 1.000050e+00
1.000235e+00 1.000133e+00
1.000260e+00 1.000153e+00
1.000324e+00 1.000197e+00
1.000126e+00 1.000067e+00
1.000249e+00 1.000140e+00
1.000344e+00 1.000194e+00
1.000149e+00 1.000081e+00
1.000243e+00 1.000144e+00
1.000271e+00 1.000158e+00
1.000377e+00 1.000210e+00
1.000194e+00 1.000108e+00
1.000272e+00 1.000153e+00
1.000401e+00 1.000227e+00
1.000402e+00 1.000235e+00
1.000181e+00 1.000103e+00
1.000276e+00 1.000153e+00
1.000417e+00 1.000242e+00
1.000256e+00 1.000147e+00
1.000292e+00 1.000166e+00
1.000361e+00 1.000226e+00
1.000433e+00 1.000269e+00
1.000275e+00 1.000156e+00
1.000313e+00 1.000179e+00
1.000436e+00 1.000255e+00
1.000272e+00 1.000155e+00
1.000305e+00 1.000186e+00
1.000346e+00 1.000214e+00
1.000130e+00 1.000070e+00
1.000275e+00 1.000160e+00
1.000376e+00 1.000220e+00
1.000181e+00 1.000104e+00
1.000274e+00 1.000172e+00
1.000321e+00 1.000198e+00
1.000414e+00 1.000242e+00
1.000242e+00 1.000142e+00
1.000336e+00 1.000198e+00
1.000446e+00 1.000265e+00
1.000599e+00 1.000347e+00
1.000284e+00 1.000165e+00
1.000386e+00 1.000222e+00
1.000467e+00 1.000279e+00
1.000338e+00 1.000200e+00
1.000423e+00 1.000257e+00
1.000601e+00 1.000341e+00
1.000428e+00 1.000253e+00
1.000354e+00 1.000212e+00
1.000466e+00 1.000288e+00
1.000277e+00 1.000163e+00
1.000413e+00 1.000259e+00
1.000453e+00 1.000294e+00
1.000480e+00 1.000311e+00
1.000345e+00 1.000206e+00
1.000441e+00 1.000280e+00
1.000504e+00 1.000315e+00
1.000391e+00 1.000238e+00
1.000448e+00 1.000291e+00
1.000522e+00 1.000310e+00
1.000341e+00 1.000187e+00
1.000443e+00 1.000284e+00
1.000532e+00 1.000338e+00
1.000376e+00 1.000234e+00
1.000520e+00 1.000322e+00
1.000508e+00 1.000330e+00
1.000519e+00 1.000324e+00
1.000425e+00 1.000269e+00
1.000498e+00 1.000321e+00
1.000374e+00 1.000218e+00
1.000510e+00 1.000321e+00
1.000516e+00 1.000338e+00
1.000583e+00 1.000373e+00
1.000431e+00 1.000275e+00
1.000506e+00 1.000328e+00
1.000389e+00 1.000230e+00
1.000452e+00 1.000298e+00
1.000664e+00 1.000372e+00
1.000597e+00 1.000388e+00
1.000457e+00 1.000296e+00
1.000502e+00 1.000326e+00
1.000411e+00 1.000248e+00
1.000436e+00 1.000290e+00
1.000694e+00 1.000402e+00
1.000594e+00 1.000384e+00
1.000492e+00 1.000314e+00
1.000570e+00 1.000373e+00
1.000464e+00 1.000277e+00
1.000623e+00 1.000376e+00
1.000543e+00 1.000360e+00
1.000618e+00 1.000403e+00
1.000480e+00 1.000313e+00
1.000569e+00 1.000374e+00
1.000469e+00 1.000308e+00
1.000777e+00 1.000492e+00
1.000568e+00 1.000371e+00
1.000477e+00 1.000290e+00
1.000533e+00 1.000351e+00
1.000630e+00 1.000413e+00
1.000509e+00 1.000327e+00
1.000784e+00 1.000488e+00
1.000634e+00 1.000415e+00
1.000500e+00 1.000328e+00
1.000591e+00 1.000392e+00
1.000547e+00 1.000358e+00
1.000614e+00 1.000409e+00
1.000901e+00 1.000561e+00
1.000520e+00 1.000314e+00
1.000619e+00 1.000412e+00
1.000510e+00 1.000323e+00
1.000634e+00 1.000428e+00
1.000558e+00 1.000360e+00
1.000515e+00 1.000351e+00
1.000864e+00 1.000557e+00
1.000646e+00 1.000408e+00
1.000596e+00 1.000397e+00
1.000596e+00 1.000389e+00
1.000574e+00 1.000381e+00
1.000899e+00 1.000591e+00
1.000615e+00 1.000396e+00
1.000589e+00 1.000396e+00
1.000557e+00 1.000361e+00
1.000626e+00 1.000422e+00
1.000531e+00 1.000342e+00
1.000745e+00 1.000482e+00
1.000612e+00 1.000414e+00
1.000544e+00 1.000354e+00
1.000685e+00 1.000463e+00
1.000544e+00 1.000366e+00
1.000666e+00 1.000452e+00
1.000822e+00 1.000524e+00
1.000580e+00 1.000392e+00
1.000653e+00 1.000438e+00
1.000589e+00 1.000399e+00
1.000520e+00 1.000336e+00
1.000644e+00 1.000443e+00
1.000895e+00 1.000583e+00
1.000581e+00 1.000396e+00
1.000693e+00 1.000473e+00
1.000606e+00 1.000411e+00
1.000753e+00 1.000504e+00
1.000650e+00 1.000443e+00
1.000904e+00 1.000589e+00
1.000541e+00 1.000368e+00
1.000731e+00 1.000501e+00
1.000640e+00 1.000439e+00
1.000521e+00 1.000330e+00
1.000757e+00 1.000529e+00
1.001024e+00 1.000693e+00
1.000556e+00 1.000385e+00
1.000923e+00 1.000640e+00
1.000666e+00 1.000462e+00
1.000330e+00 1.000223e+00
1.000797e+00 1.000564e+00
1.001165e+00 1.000769e+00
1.000421e+00 1.000287e+00
1.000975e+00 1.000692e+00
1.000555e+00 1.000381e+00
1.000793e+00 1.000537e+00
1.000722e+00 1.000504e+00
1.001017e+00 1.000694e+00
1.000596e+00 1.000399e+00
1.000900e+00 1.000619e+00
1.000579e+00 1.000406e+00
1.000765e+00 1.000522e+00
1.000754e+00 1.000534e+00
1.001052e+00 1.000729e+00
1.000554e+00 1.000385e+00
1.000704e+00 1.000495e+00
1.000660e+00 1.000462e+00
1.000624e+00 1.000430e+00
1.000721e+00 1.000515e+00
1.001009e+00 1.000710e+00
1.000673e+00 1.000460e+00
1.000788e+00 1.000566e+00
1.000660e+00 1.000453e+00
1.000794e+00 1.000566e+00
1.000600e+00 1.000428e+00
1.000917e+00 1.000632e+00
1.000778e+00 1.000549e+00
1.000666e+00 1.000473e+00
1.000820e+00 1.000562e+00
1.000754e+00 1.000536e+00
1.000850e+00 1.000585e+00
1.000657e+00 1.000475e+00
1.000688e+00 1.000498e+00
1.000833e+00 1.000561e+00
1.000788e+00 1.000575e+00
1.000709e+00 1.000500e+00
1.000689e+00 1.000500e+00
1.000886e+00 1.000654e+00
1.000682e+00 1.000487e+00
1.000739e+00 1.000543e+00
1.000727e+00 1.000521e+00
1.000705e+00 1.000512e+00
1.000678e+00 1.000487e+00
1.000673e+00 1.000497e+00
1.000692e+00 1.000512e+00
1.000717e+00 1.000525e+00
1.000711e+00 1.000525e+00
1.000821e+00 1.000599e+00
1.000688e+00 1.000498e+00
1.000763e+00 1.000570e+00
1.000853e+00 1.000633e+00
1.000712e+00 1.000513e+00
1.000790e+00 1.000589e+00
1.000651e+00 1.000478e+00
1.000769e+00 1.000576e+00
1.000841e+00 1.000632e+00
1.001087e+00 1.000750e+00
1.000760e+00 1.000544e+00
1.000849e+00 1.000607e+00
1.000675e+00 1.000485e+00
1.000808e+00 1.000604e+00
1.001155e+00 1.000819e+00
1.000770e+00 1.000570e+00
1.000774e+00 1.000583e+00
1.000789e+00 1.000582e+00
1.000737e+00 1.000554e+00
1.000930e+00 1.000707e+00
1.001117e+00 1.000774e+00
1.001101e+00 1.000747e+00
1.000934e+00 1.000706e+00
1.000737e+00 1.000550e+00
1.000740e+00 1.000563e+00
1.000853e+00 1.000648e+00
1.000967e+00 1.000662e+00
1.000990e+00 1.000702e+00
1.000804e+00 1.000612e+00
1.000719e+00 1.000537e+00
1.000676e+00 1.000516e+00
1.000876e+00 1.000673e+00
1.001015e+00 1.000703e+00
1.001137e+00 1.000792e+00
1.000895e+00 1.000683e+00
1.000801e+00 1.000602e+00
1.000770e+00 1.000586e+00
1.000846e+00 1.000652e+00
1.001197e+00 1.000892e+00
1.000674e+00 1.000512e+00
1.000733e+00 1.000565e+00
1.000872e+00 1.000669e+00
1.000693e+00 1.000534e+00
1.000783e+00 1.000608e+00
1.001077e+00 1.000791e+00
1.001085e+00 1.000755e+00
1.000901e+00 1.000695e+00
1.000894e+00 1.000693e+00
1.000681e+00 1.000528e+00
1.000748e+00 1.000581e+00
1.000987e+00 1.000709e+00
1.000903e+00 1.000703e+00
1.000717e+00 1.000551e+00
1.000785e+00 1.000609e+00
1.000726e+00 1.000552e+00
1.000742e+00 1.000579e+00
1.000715e+00 1.000562e+00
1.000979e+00 1.000708e+00
1.000737e+00 1.000574e+00
1.000749e+00 1.000583e+00
1.000925e+00 1.000727e+00
1.000741e+00 1.000573e+00
1.000974e+00 1.000707e+00
1.000720e+00 1.000567e+00
1.000986e+00 1.000777e+00
1.000675e+00 1.000526e+00
1.000757e+00 1.000598e+00
1.000905e+00 1.000694e+00
1.000745e+00 1.000585e+00
1.001004e+00 1.000727e+00
1.000818e+00 1.000644e+00
1.000788e+00 1.000609e+00
1.000718e+00 1.000569e+00
1.000869e+00 1.000688e+00
1.001190e+00 1.000897e+00
1.000879e+00 1.000676e+00
1.000795e+00 1.000629e+00
1.000950e+00 1.000757e+00
1.000700e+00 1.000554e+00
1.000724e+00 1.000578e+00
1.000978e+00 1.000721e+00
1.001032e+00 1.000821e+00
1.000749e+00 1.000594e+00
1.000788e+00 1.000627e+00
1.001087e+00 1.000866e+00
1.000700e+00 1.000558e+00
1.000967e+00 1.000714e+00
1.000824e+00 1.000658e+00
1.001077e+00 1.000861e+00
1.000659e+00 1.000528e+00
1.000818e+00 1.000657e+00
1.000998e+00 1.000781e+00
1.000770e+00 1.000620e+00
1.000790e+00 1.000634e+00
1.000866e+00 1.000694e+00
1.000937e+00 1.000722e+00
1.000861e+00 1.000693e+00
1.000906e+00 1.000733e+00
1.001205e+00 1.000916e+00
1.000815e+00 1.000634e+00
1.000836e+00 1.000672e+00
1.000959e+00 1.000774e+00
1.000827e+00 1.000651e+00
1.000813e+00 1.000657e+00
1.000820e+00 1.000666e+00
1.001103e+00 1.000833e+00
1.001000e+00 1.000750e+00
1.000980e+00 1.000791e+00
1.001053e+00 1.000853e+00
1.000877e+00 1.000711e+00
1.000825e+00 1.000672e+00
1.000804e+00 1.000654e+00
1.001057e+00 1.000860e+00
1.000846e+00 1.000690e+00
1.000840e+00 1.000682e+00
1.001113e+00 1.000908e+00
1.001503e+00 1.001181e+00
1.000831e+00 1.000676e+00
1.000871e+00 1.000710e+00
1.001170e+00 1.000953e+00
1.002018e+00 1.001536e+00
1.000776e+00 1.000631e+00
1.001129e+00 1.000867e+00
1.001364e+00 1.001056e+00
1.002202e+00 1.001697e+00
1.000918e+00 1.000751e+00
1.001278e+00 1.001050e+00
1.001006e+00 1.000823e+00
1.000912e+00 1.000751e+00
1.000888e+00 1.000733e+00
1.001270e+00 1.001048e+00
1.000863e+00 1.000711e+00
1.000981e+00 1.000806e+00
1.001355e+00 1.001116e+00
1.000926e+00 1.000765e+00
1.001155e+00 1.000893e+00
1.000962e+00 1.000793e+00
1.001100e+00 1.000872e+00
1.000735e+00 1.000606e+00
1.001025e+00 1.000846e+00
1.001356e+00 1.001072e+00
1.001560e+00 1.001251e+00
1.001146e+00 1.000942e+00
1.001045e+00 1.000863e+00
1.001145e+00 1.000914e+00
1.001153e+00 1.000957e+00
1.000991e+00 1.000826e+00
1.001272e+00 1.001008e+00
1.001264e+00 1.001013e+00
1.001096e+00 1.000913e+00
1.001111e+00 1.000924e+00
1.001021e+00 1.000841e+00
1.001260e+00 1.001006e+00
1.000953e+00 1.000797e+00
1.001194e+00 1.000991e+00
1.001116e+00 1.000923e+00
1.001042e+00 1.000868e+00
1.001176e+00 1.000985e+00
1.001533e+00 1.001252e+00
1.001776e+00 1.001453e+00
1.000818e+00 1.000682e+00
1.001257e+00 1.001050e+00
1.001112e+00 1.000936e+00
1.001072e+00 1.000897e+00
1.001072e+00 1.000899e+00
1.001374e+00 1.001120e+00
1.000999e+00 1.000838e+00
1.001070e+00 1.000898e+00
1.001372e+00 1.001151e+00
1.001229e+00 1.001035e+00
1.001406e+00 1.001125e+00
1.001063e+00 1.000893e+00
1.001348e+00 1.001138e+00
1.001085e+00 1.000917e+00
1.001122e+00 1.000948e+00
1.001472e+00 1.001247e+00
1.001930e+00 1.001622e+00
1.001309e+00 1.001103e+00
1.001220e+00 1.001023e+00
1.001469e+00 1.001241e+00
1.001145e+00 1.000963e+00
1.001203e+00 1.001017e+00
1.001552e+00 1.001280e+00
1.001702e+00 1.001411e+00
1.002511e+00 1.002073e+00
1.001763e+00 1.001499e+00
1.001661e+00 1.001404e+00
1.001217e+00 1.001027e+00
1.001473e+00 1.001211e+00
1.002042e+00 1.001740e+00
1.001773e+00 1.001504e+00
1.001396e+00 1.001185e+00
1.001429e+00 1.001204e+00
1.001581e+00 1.001327e+00
1.000918e+00 1.000782e+00
1.001430e+00 1.001220e+00
1.001374e+00 1.001175e+00
1.001697e+00 1.001437e+00
1.001279e+00 1.001093e+00
1.001573e+00 1.001333e+00
1.001790e+00 1.001455e+00
1.001039e+00 1.000887e+00
1.001266e+00 1.001083e+00
1.001463e+00 1.001252e+00
1.001736e+00 1.001451e+00
1.001307e+00 1.001121e+00
1.001846e+00 1.001585e+00
1.002132e+00 1.001795e+00
1.003333e+00 1.002870e+00
1.001693e+00 1.001451e+00
1.001604e+00 1.001370e+00
1.001834e+00 1.001552e+00
1.002312e+00 1.001974e+00
1.001639e+00 1.001411e+00
1.002746e+00 1.002366e+00
1.002289e+00 1.001952e+00
1.001384e+00 1.001195e+00
1.001629e+00 1.001397e+00
1.002112e+00 1.001813e+00
1.002479e+00 1.002125e+00
1.001780e+00 1.001537e+00
1.002717e+00 1.002307e+00
1.003924e+00 1.003403e+00
1.001897e+00 1.001640e+00
1.001671e+00 1.001434e+00
1.002104e+00 1.001788e+00
1.001567e+00 1.001350e+00
1.002420e+00 1.002034e+00
1.001998e+00 1.001707e+00
1.001739e+00 1.001511e+00
1.001904e+00 1.001602e+00
1.001575e+00 1.001362e+00
1.002616e+00 1.002272e+00
1.001801e+00 1.001541e+00
1.001913e+00 1.001656e+00
1.002837e+00 1.002414e+00
1.003427e+00 1.002969e+00
1.002158e+00 1.001860e+00
1.002578e+00 1.002208e+00
1.002085e+00 1.001798e+00
1.003068e+00 1.002633e+00
1.002340e+00 1.002010e+00
1.002915e+00 1.002519e+00
1.002257e+00 1.001918e+00
1.001848e+00 1.001587e+00
1.002475e+00 1.002145e+00
1.002351e+00 1.002034e+00
1.001677e+00 1.001449e+00
1.002208e+00 1.001914e+00
1.002584e+00 1.002229e+00
1.003721e+00 1.003218e+00
1.002303e+00 1.001971e+00
1.003456e+00 1.002986e+00
1.002453e+00 1.002089e+00
1.003025e+00 1.002606e+00
1.003335e+00 1.002853e+00
1.002569e+00 1.002214e+00
1.003580e+00 1.003074e+00
1.004748e+00 1.004088e+00
1.002774e+00 1.002364e+00
1.003278e+00 1.002821e+00
1.003641e+00 1.003119e+00
1.004793e+00 1.004127e+00
1.002866e+00 1.002455e+00
1.003860e+00 1.003306e+00
1.004840e+00 1.004138e+00
1.005418e+00 1.004644e+00
1.003071e+00 1.002624e+00
1.004184e+00 1.003591e+00
1.005124e+00 1.004392e+00
1.006286e+00 1.005386e+00
1.004380e+00 1.003729e+00
1.004541e+00 1.003869e+00
1.005107e+00 1.004374e+00
1.006109e+00 1.005242e+00
1.007259e+00 1.006212e+00
1.004827e+00 1.004101e+00
1.005946e+00 1.005079e+00
1.006450e+00 1.005508e+00
1.004235e+00 1.003575e+00
1.005377e+00 1.004561e+00
1.004808e+00 1.004049e+00
1.001212e+00 1.000260e+00
1.000801e+00 1.000358e+00
1.000736e+00 1.000328e+00
1.000723e+00 1.000336e+00
1.000823e+00 1.000203e+00
1.000783e+00 1.000209e+00
1.000712e+00 1.000233e+00
1.000623e+00 1.000311e+00
1.000622e+00 1.000505e+00
1.000613e+00 1.000402e+00
1.000615e+00 1.000301e+00
1.000593e+00 1.000444e+00
1.000649e+00 1.000459e+00
1.000701e+00 1.000349e+00
1.000746e+00 1.000500e+00
1.000711e+00 1.000356e+00
1.000790e+00 1.000392e+00
1.000852e+00 1.000428e+00
1.000839e+00 1.000421e+00
1.000991e+00 1.000835e+00
1.001147e+00 1.000867e+00
1.001096e+00 1.000581e+00
1.001410e+00 1.000523e+00
1.001132e+00 1.000929e+00
1.001039e+00 1.000520e+00
1.001093e+00 1.000936e+00
1.001027e+00 1.000870e+00
1.001179e+00 1.000975e+00
1.001357e+00 1.000666e+00
1.001097e+00 1.000546e+00
1.000899e+00 1.000450e+00
1.000920e+00 1.000783e+00
1.001112e+00 1.000951e+00
1.001320e+00 1.001084e+00
1.001936e+00 1.000958e+00
1.001990e+00 1.000980e+00
1.001543e+00 1.000759e+00
1.001292e+00 1.001025e+00
1.001444e+00 1.001238e+00
1.001601e+00 1.000807e+00
1.001545e+00 1.000778e+00
1.001254e+00 1.000817e+00
1.001143e+00 1.000927e+00
1.000923e+00 1.000469e+00
1.000888e+00 1.000760e+00
1.001031e+00 1.000868e+00
1.001057e+00 1.000538e+00
1.000970e+00 1.000484e+00
1.001120e+00 1.000933e+00
1.001602e+00 1.001349e+00
1.001857e+00 1.001575e+00
1.001503e+00 1.000762e+00
1.001419e+00 1.000708e+00
1.001234e+00 1.000629e+00
1.001226e+00 1.001044e+00
1.001281e+00 1.001101e+00
1.001467e+00 1.001259e+00
1.001726e+00 1.001477e+00
1.001707e+00 1.000869e+00
1.001548e+00 1.000790e+00
1.001314e+00 1.000676e+00
1.001309e+00 1.001128e+00
1.001454e+00 1.001212e+00
1.001640e+00 1.000979e+00
1.001655e+00 1.000855e+00
1.001472e+00 1.000752e+00
1.001545e+00 1.001113e+00
1.001479e+00 1.000754e+00
1.001701e+00 1.001476e+00
1.001968e+00 1.001070e+00
1.001897e+00 1.000982e+00
1.001969e+00 1.001626e+00
1.001998e+00 1.001036e+00
1.002716e+00 1.002079e+00
1.002394e+00 1.001232e+00
1.001923e+00 1.000928e+00
1.001848e+00 1.001478e+00
1.002342e+00 1.002008e+00
1.003004e+00 1.001622e+00
1.002786e+00 1.001458e+00
1.003052e+00 1.002677e+00
1.003449e+00 1.002692e+00
1.003760e+00 1.001971e+00
1.004443e+00 1.003817e+00
1.005214e+00 1.002766e+00
1.005216e+00 1.002752e+00
1.005045e+00 1.004274e+00
1.005454e+00 1.004815e+00
1.006328e+00 1.003369e+00
1.007200e+00 1.003827e+00
1.008043e+00 1.004263e+00
1.007716e+00 1.004092e+00
1.008197e+00 1.007175e+00
1.008582e+00 1.004572e+00
1.009508e+00 1.005049e+00
1.010368e+00 1.005525e+00
1.011169e+00 1.005957e+00
1.011533e+00 1.006133e+00
1.012000e+00 1.010492e+00
1.012305e+00 1.006578e+00
1.013235e+00 1.007432e+00
1.014219e+00 1.007530e+00
1.015074e+00 1.008032e+00
1.016027e+00 1.008983e+00
1.016398e+00 1.008699e+00
1.015665e+00 1.008360e+00
1.016675e+00 1.014681e+00
1.017571e+00 1.009356e+00
1.018566e+00 1.013571e+00
1.019526e+00 1.010338e+00
1.020009e+00 1.011949e+00
1.020430e+00 1.010837e+00
1.021244e+00 1.011340e+00
1.021565e+00 1.011579e+00
1.022574e+00 1.020010e+00
1.023598e+00 1.012863e+00
1.024007e+00 1.012798e+00
1.024390e+00 1.013054e+00
1.025330e+00 1.013555e+00
1.026321e+00 1.014591e+00
1.027341e+00 1.015138e+00
1.028267e+00 1.015042e+00
1.028669e+00 1.017379e+00
1.029119e+00 1.020055e+00
1.030118e+00 1.019142e+00
1.031067e+00 1.017737e+00
1.031894e+00 1.017053e+00
1.031823e+00 1.017096e+00
1.032238e+00 1.028423e+00
1.032745e+00 1.028825e+00
1.033737e+00 1.018507e+00
1.034697e+00 1.019388e+00
1.035606e+00 1.018990e+00
1.036443e+00 1.019513e+00
1.036814e+00 1.025100e+00
1.037217e+00 1.021285e+00
1.038274e+00 1.033874e+00
1.039296e+00 1.021043e+00
1.040311e+00 1.021484e+00
1.041314e+00 1.021984e+00
1.041802e+00 1.024306e+00
1.042287e+00 1.022492e+00
1.043286e+00 1.022996e+00
1.044223e+00 1.023503e+00
1.045167e+00 1.024323e+00
1.046170e+00 1.025523e+00
1.046686e+00 1.031326e+00
1.047130e+00 1.025010e+00
1.048060e+00 1.025527e+00
1.048981e+00 1.026031e+00
1.048559e+00 1.026062e+00
1.049649e+00 1.043658e+00
1.050163e+00 1.026771e+00
1.050671e+00 1.027020e+00
1.051694e+00 1.027520e+00
1.052692e+00 1.028025e+00
1.053663e+00 1.028540e+00
1.054593e+00 1.029063e+00
1.054960e+00 1.029342e+00
1.055485e+00 1.048699e+00
1.056533e+00 1.030083e+00
1.057565e+00 1.030579e+00
1.058583e+00 1.031082e+00
1.059585e+00 1.031587e+00
1.060066e+00 1.031847e+00
1.060571e+00 1.032096e+00
1.061612e+00 1.032593e+00
1.062625e+00 1.033098e+00
1.063642e+00 1.033601e+00
1.064679e+00 1.036766e+00
1.065156e+00 1.034363e+00
1.065591e+00 1.034633e+00
1.066122e+00 1.035214e+00
1.067132e+00 1.058794e+00
1.068189e+00 1.050303e+00
1.069228e+00 1.036714e+00
1.069737e+00 1.040840e+00
1.070250e+00 1.044836e+00
1.071267e+00 1.037722e+00
1.072226e+00 1.038238e+00
1.073118e+00 1.038777e+00
1.074159e+00 1.063848e+00
1.074656e+00 1.049707e+00
1.075169e+00 1.051482e+00
1.076210e+00 1.046156e+00
1.077231e+00 1.043492e+00
1.078287e+00 1.067667e+00
1.079250e+00 1.041791e+00
1.079675e+00 1.042934e+00
1.079403e+00 1.042418e+00
1.079415e+00 1.042683e+00
1.080319e+00 1.070842e+00
1.081377e+00 1.071652e+00
1.082428e+00 1.044203e+00
1.082951e+00 1.051093e+00
1.083475e+00 1.046320e+00
1.084522e+00 1.045197e+00
1.085565e+00 1.045694e+00
1.086606e+00 1.046195e+00
1.087647e+00 1.046693e+00
1.088166e+00 1.051305e+00
1.088681e+00 1.047192e+00
1.089716e+00 1.047691e+00
1.090749e+00 1.048197e+00
1.091779e+00 1.048700e+00
1.092816e+00 1.049200e+00
1.093338e+00 1.050590e+00
1.093842e+00 1.049700e+00
1.094876e+00 1.050201e+00
1.095898e+00 1.050705e+00
1.096913e+00 1.051218e+00
1.097909e+00 1.051731e+00
1.098363e+00 1.052005e+00
1.098758e+00 1.052291e+00
1.099814e+00 1.086527e+00
1.100837e+00 1.053271e+00
1.101850e+00 1.053787e+00
1.102859e+00 1.054296e+00
1.103382e+00 1.066121e+00
1.103905e+00 1.054800e+00
1.104945e+00 1.055302e+00
1.105965e+00 1.055814e+00
1.106961e+00 1.056331e+00
1.107974e+00 1.056830e+00
1.108493e+00 1.075855e+00
1.109021e+00 1.061320e+00
1.110051e+00 1.057841e+00
1.111039e+00 1.058354e+00
1.111987e+00 1.058893e+00
1.112958e+00 1.067345e+00
1.113289e+00 1.059747e+00
1.113125e+00 1.060122e+00
1.114141e+00 1.099388e+00
1.115208e+00 1.099804e+00
1.116265e+00 1.065746e+00
1.117324e+00 1.072050e+00
1.117851e+00 1.073841e+00
1.118377e+00 1.072426e+00
