8 29
13 83
9 82
15 79
15 83
13 94
11 81
9 74
9 68
10 65
9 54
9 60
9 70
9 78
10 93
12 100
13 139
17 176
17 282
14 401
8 29
13 83
9 82
15 79
15 83
13 94
11 81
9 74
9 68
10 65
9 54
9 60
9 70
9 78
10 93
12 100
13 139
17 176
17 282
14 401
9 332
6 282
9 210
4 191
4 181
4 179
4 179
4 174
4 175
4 170
4 165
4 165
4 164
4 164
4 162
4 160
4 160
4 159
4 160
4 157
13 100
9 89
16 73
13 81
12 90
9 80
9 72
9 65
11 64
9 53
9 64
9 64
9 74
9 88
11 107
11 144
14 171
16 269
15 402
10 431
13 433
14 366
10 325
12 304
15 269
15 212
16 198
15 192
15 178
15 177
15 177
15 173
14 171
14 161
14 167
14 152
13 157
13 150
13 169
13 154
14 79
7 91
15 81
12 91
9 85
10 81
11 74
11 69
10 64
9 56
9 62
9 74
11 77
10 93
12 105
15 140
15 170
14 272
14 402
10 410
13 414
12 438
11 425
10 439
10 432
11 437
12 418
11 433
13 428
11 425
11 422
11 399
10 396
12 412
11 407
11 393
11 394
11 403
12 398
11 403
14 79
7 91
15 81
12 91
9 85
10 81
11 74
11 69
10 64
9 56
9 62
9 74
11 77
10 93
12 105
15 140
15 170
14 272
14 402
10 410
13 414
12 438
11 425
10 439
10 432
11 437
12 418
11 433
13 428
11 425
11 422
11 399
10 396
12 412
11 407
11 393
11 394
11 403
12 398
11 403
11 405
12 400
11 360
11 374
11 357
12 376
12 368
11 371
11 366
11 358
11 362
11 364
12 354
12 364
12 353
12 356
12 367
12 340
12 334
12 331
