1.000127e+00 1.000006e+00
1.000089e+00 1.000048e+00
1.000021e+00 1.000011e+00
1.000016e+00 1.000010e+00
1.000014e+00 1.000009e+00
1.000013e+00 1.000009e+00
1.000012e+00 1.000008e+00
1.000014e+00 1.000010e+00
1.000016e+00 1.000011e+00
1.000015e+00 1.000010e+00
1.000015e+00 1.000010e+00
1.000016e+00 1.000010e+00
1.000015e+00 1.000010e+00
1.000015e+00 1.000009e+00
1.000014e+00 1.000009e+00
1.000017e+00 1.000010e+00
1.000021e+00 1.000013e+00
1.000028e+00 1.000019e+00
1.000077e+00 1.000061e+00
1.000273e+00 1.000255e+00
1.000127e+00 1.000006e+00
1.000089e+00 1.000048e+00
1.000021e+00 1.000011e+00
1.000016e+00 1.000010e+00
1.000014e+00 1.000009e+00
1.000013e+00 1.000009e+00
1.000012e+00 1.000008e+00
1.000014e+00 1.000010e+00
1.000016e+00 1.000011e+00
1.000015e+00 1.000010e+00
1.000015e+00 1.000010e+00
1.000016e+00 1.000010e+00
1.000015e+00 1.000010e+00
1.000015e+00 1.000009e+00
1.000014e+00 1.000009e+00
1.000017e+00 1.000010e+00
1.000021e+00 1.000013e+00
1.000028e+00 1.000019e+00
1.000077e+00 1.000061e+00
1.000273e+00 1.000255e+00
1.000128e+00 1.000044e+00
1.000078e+00 1.000060e+00
1.000034e+00 1.000012e+00
1.000025e+00 1.000020e+00
1.000023e+00 1.000016e+00
1.000022e+00 1.000013e+00
1.000021e+00 1.000009e+00
1.000020e+00 1.000008e+00
1.000020e+00 1.000007e+00
1.000019e+00 1.000007e+00
1.000018e+00 1.000007e+00
1.000018e+00 1.000007e+00
1.000017e+00 1.000006e+00
1.000016e+00 1.000006e+00
1.000015e+00 1.000006e+00
1.000015e+00 1.000006e+00
1.000014e+00 1.000005e+00
1.000014e+00 1.000005e+00
1.000013e+00 1.000005e+00
1.000013e+00 1.000005e+00
1.000865e+00 1.000471e+00
1.000048e+00 1.000026e+00
1.000017e+00 1.000010e+00
1.000015e+00 1.000009e+00
1.000013e+00 1.000009e+00
1.000012e+00 1.000008e+00
1.000014e+00 1.000010e+00
1.000016e+00 1.000011e+00
1.000015e+00 1.000010e+00
1.000016e+00 1.000010e+00
1.000016e+00 1.000010e+00
1.000016e+00 1.000009e+00
1.000017e+00 1.000009e+00
1.000014e+00 1.000009e+00
1.000017e+00 1.000010e+00
1.000021e+00 1.000013e+00
1.000027e+00 1.000019e+00
1.000075e+00 1.000059e+00
1.000275e+00 1.000256e+00
1.000892e+00 1.000834e+00
1.000803e+00 1.000389e+00
1.000394e+00 1.000188e+00
1.000178e+00 1.000116e+00
1.000113e+00 1.000076e+00
1.000070e+00 1.000035e+00
1.000041e+00 1.000027e+00
1.000028e+00 1.000019e+00
1.000025e+00 1.000013e+00
1.000022e+00 1.000011e+00
1.000019e+00 1.000013e+00
1.000017e+00 1.000011e+00
1.000016e+00 1.000008e+00
1.000014e+00 1.000010e+00
1.000013e+00 1.000007e+00
1.000011e+00 1.000006e+00
1.000011e+00 1.000005e+00
1.000012e+00 1.000007e+00
1.000011e+00 1.000005e+00
1.000010e+00 1.000008e+00
1.000010e+00 1.000006e+00
1.001858e+00 1.001165e+00
1.000139e+00 1.000075e+00
1.000035e+00 1.000020e+00
1.000025e+00 1.000016e+00
1.000022e+00 1.000014e+00
1.000021e+00 1.000014e+00
1.000022e+00 1.000015e+00
1.000024e+00 1.000016e+00
1.000024e+00 1.000016e+00
1.000025e+00 1.000016e+00
1.000026e+00 1.000017e+00
1.000026e+00 1.000016e+00
1.000024e+00 1.000015e+00
1.000024e+00 1.000015e+00
1.000027e+00 1.000016e+00
1.000034e+00 1.000021e+00
1.000040e+00 1.000026e+00
1.000094e+00 1.000070e+00
1.000310e+00 1.000278e+00
1.000982e+00 1.000889e+00
1.001283e+00 1.000645e+00
1.001181e+00 1.000748e+00
1.001038e+00 1.000652e+00
1.000951e+00 1.000593e+00
1.000916e+00 1.000451e+00
1.000902e+00 1.000417e+00
1.000855e+00 1.000421e+00
1.000943e+00 1.000429e+00
1.000925e+00 1.000427e+00
1.000901e+00 1.000411e+00
1.000920e+00 1.000543e+00
1.000897e+00 1.000413e+00
1.000896e+00 1.000562e+00
1.000875e+00 1.000407e+00
1.000899e+00 1.000475e+00
1.000991e+00 1.000451e+00
1.000935e+00 1.000439e+00
1.000959e+00 1.000436e+00
1.000919e+00 1.000418e+00
1.000921e+00 1.000425e+00
1.001858e+00 1.001165e+00
1.000139e+00 1.000075e+00
1.000035e+00 1.000020e+00
1.000025e+00 1.000016e+00
1.000022e+00 1.000014e+00
1.000021e+00 1.000014e+00
1.000022e+00 1.000015e+00
1.000024e+00 1.000016e+00
1.000024e+00 1.000016e+00
1.000025e+00 1.000016e+00
1.000026e+00 1.000017e+00
1.000026e+00 1.000016e+00
1.000024e+00 1.000015e+00
1.000024e+00 1.000015e+00
1.000027e+00 1.000016e+00
1.000034e+00 1.000021e+00
1.000040e+00 1.000026e+00
1.000094e+00 1.000070e+00
1.000310e+00 1.000278e+00
1.000982e+00 1.000889e+00
1.001283e+00 1.000645e+00
1.001181e+00 1.000748e+00
1.001038e+00 1.000652e+00
1.000951e+00 1.000593e+00
1.000916e+00 1.000451e+00
1.000902e+00 1.000417e+00
1.000855e+00 1.000421e+00
1.000943e+00 1.000429e+00
1.000925e+00 1.000427e+00
1.000901e+00 1.000411e+00
1.000920e+00 1.000543e+00
1.000897e+00 1.000413e+00
1.000896e+00 1.000562e+00
1.000875e+00 1.000407e+00
1.000899e+00 1.000475e+00
1.000991e+00 1.000451e+00
1.000935e+00 1.000439e+00
1.000959e+00 1.000436e+00
1.000919e+00 1.000418e+00
1.000921e+00 1.000425e+00
1.000930e+00 1.000419e+00
1.000886e+00 1.000389e+00
1.000705e+00 1.000334e+00
1.000552e+00 1.000344e+00
1.000505e+00 1.000323e+00
1.000452e+00 1.000212e+00
1.000460e+00 1.000279e+00
1.000483e+00 1.000233e+00
1.000464e+00 1.000223e+00
1.000466e+00 1.000231e+00
1.000470e+00 1.000255e+00
1.000475e+00 1.000221e+00
1.000453e+00 1.000208e+00
1.000389e+00 1.000191e+00
1.000397e+00 1.000261e+00
1.000362e+00 1.000177e+00
1.000369e+00 1.000207e+00
1.000316e+00 1.000159e+00
1.000267e+00 1.000157e+00
1.000218e+00 1.000112e+00
