9 77
9 89
10 82
11 85
9 87
9 86
11 73
11 89
11 83
11 81
9 83
9 87
11 75
11 90
11 81
11 77
8 85
9 90
11 76
11 81
10 79
11 71
8 80
8 90
11 77
11 77
11 91
11 75
9 73
8 79
11 80
11 65
11 84
11 75
9 67
9 68
11 89
11 65
11 73
11 89
9 73
9 63
11 77
11 73
11 67
11 77
9 81
9 65
11 65
11 81
11 67
11 71
9 77
9 81
11 65
11 71
11 70
11 65
9 63
9 75
11 69
11 67
11 70
11 68
9 69
9 64
11 73
11 68
11 61
11 69
9 70
9 67
11 58
11 73
11 67
11 61
9 65
9 76
11 65
11 61
11 78
11 63
9 61
9 61
11 80
11 64
11 59
11 76
9 67
9 63
11 60
11 79
11 63
11 54
9 63
9 78
11 60
11 54
11 79
11 64
9 56
9 50
11 79
11 61
11 52
20 78
9 72
9 66
11 52
19 82
11 64
11 51
18 64
9 76
11 64
11 52
23 76
11 69
9 61
13 51
26 72
11 67
11 53
23 72
9 81
18 71
9 53
29 74
20 70
19 52
8 53
8 66
21 82
21 54
17 65
16 88
31 69
11 54
34 58
19 83
25 58
9 58
26 75
42 87
31 65
28 57
23 85
21 66
20 57
8 56
9 81
30 74
10 58
9 78
15 87
14 72
28 56
21 79
23 76
17 57
12 56
13 76
24 90
20 64
23 76
29 92
14 74
16 68
25 65
10 98
24 71
19 68
27 86
14 93
10 74
10 66
10 96
23 87
8 74
24 72
9 96
25 104
32 77
22 96
21 101
9 103
10 75
27 100
23 107
24 80
20 79
12 86
24 109
28 86
19 85
31 119
18 120
15 108
13 114
11 162
9 181
9 242
7 263
7 294
9 336
7 349
6 345
6 359
4 364
4 360
8 381
9 389
6 396
20 399
4 395
4 397
11 413
12 407
4 400
4 400
12 404
8 389
4 374
4 374
12 398
4 387
4 386
11 379
9 379
9 387
4 374
4 374
13 377
9 397
4 379
4 378
11 363
10 386
4 375
4 370
12 386
8 393
8 380
4 370
4 370
11 377
7 383
4 377
10 384
10 387
7 388
4 378
9 381
4 380
4 380
13 379
4 375
4 370
9 385
8 380
10 387
8 395
4 390
4 382
4 379
4 375
12 383
11 372
4 371
4 371
9 375
8 371
9 374
4 375
4 376
10 377
9 376
9 378
8 390
4 389
4 378
10 383
9 378
9 380
4 373
9 385
4 394
4 391
11 393
8 398
4 392
9 376
9 394
4 392
9 395
4 385
10 396
9 369
4 371
4 370
9 387
7 392
4 382
4 377
9 375
8 368
9 392
8 389
4 385
9 366
8 379
4 377
9 376
9 395
4 379
10 386
8 379
4 388
4 388
4 387
10 391
8 403
4 394
4 397
10 377
9 386
9 385
9 396
4 392
4 388
4 396
11 378
9 372
9 373
4 371
4 385
9 397
10 377
9 384
9 374
4 374
4 378
9 388
10 385
9 380
8 389
4 388
4 388
9 374
9 396
4 411
11 375
8 383
4 381
9 385
10 375
9 391
9 381
4 369
4 375
9 371
9 371
9 379
9 384
4 380
4 382
10 357
9 366
9 386
9 391
4 391
4 379
10 367
9 369
9 367
10 370
4 373
4 374
9 391
10 365
9 369
9 382
4 386
4 376
10 377
8 386
9 372
9 366
4 364
4 364
9 372
9 381
9 384
10 358
4 363
4 355
9 359
9 379
9 381
10 373
4 370
4 367
9 360
10 356
9 374
9 371
4 377
4 373
10 353
9 360
9 367
9 366
4 360
4 365
9 369
9 361
9 355
9 359
4 357
4 356
8 373
4 373
10 366
9 351
4 357
4 357
9 372
9 362
9 374
8 366
4 357
4 351
9 357
9 359
9 369
10 362
4 349
4 348
9 354
9 356
10 364
7 365
4 364
4 352
9 349
9 340
9 357
9 364
4 365
4 361
