1.000245e+00 1.000121e+00
1.000055e+00 1.000027e+00
1.000032e+00 1.000016e+00
1.000031e+00 1.000017e+00
1.000026e+00 1.000016e+00
1.000026e+00 1.000014e+00
1.000028e+00 1.000015e+00
1.000028e+00 1.000014e+00
1.000027e+00 1.000014e+00
1.000029e+00 1.000015e+00
1.000027e+00 1.000015e+00
1.000025e+00 1.000014e+00
1.000027e+00 1.000014e+00
1.000027e+00 1.000015e+00
1.000025e+00 1.000014e+00
1.000027e+00 1.000015e+00
1.000029e+00 1.000016e+00
1.000023e+00 1.000013e+00
1.000026e+00 1.000014e+00
1.000028e+00 1.000015e+00
1.000025e+00 1.000014e+00
1.000027e+00 1.000015e+00
1.000029e+00 1.000016e+00
1.000024e+00 1.000013e+00
1.000024e+00 1.000013e+00
1.000029e+00 1.000016e+00
1.000025e+00 1.000014e+00
1.000027e+00 1.000015e+00
1.000030e+00 1.000017e+00
1.000031e+00 1.000017e+00
1.000026e+00 1.000014e+00
1.000030e+00 1.000016e+00
1.000030e+00 1.000016e+00
1.000028e+00 1.000015e+00
1.000031e+00 1.000019e+00
1.000030e+00 1.000017e+00
1.000028e+00 1.000015e+00
1.000030e+00 1.000016e+00
1.000031e+00 1.000017e+00
1.000029e+00 1.000016e+00
1.000031e+00 1.000018e+00
1.000032e+00 1.000019e+00
1.000031e+00 1.000017e+00
1.000029e+00 1.000016e+00
1.000032e+00 1.000018e+00
1.000029e+00 1.000016e+00
1.000027e+00 1.000016e+00
1.000031e+00 1.000018e+00
1.000031e+00 1.000017e+00
1.000027e+00 1.000015e+00
1.000030e+00 1.000017e+00
1.000029e+00 1.000017e+00
1.000028e+00 1.000017e+00
1.000027e+00 1.000016e+00
1.000032e+00 1.000018e+00
1.000030e+00 1.000017e+00
1.000030e+00 1.000017e+00
1.000032e+00 1.000019e+00
1.000028e+00 1.000017e+00
1.000031e+00 1.000019e+00
1.000032e+00 1.000018e+00
1.000032e+00 1.000018e+00
1.000032e+00 1.000018e+00
1.000032e+00 1.000018e+00
1.000032e+00 1.000020e+00
1.000030e+00 1.000018e+00
1.000032e+00 1.000018e+00
1.000033e+00 1.000019e+00
1.000031e+00 1.000018e+00
1.000032e+00 1.000019e+00
1.000033e+00 1.000020e+00
1.000034e+00 1.000021e+00
1.000031e+00 1.000017e+00
1.000033e+00 1.000019e+00
1.000033e+00 1.000019e+00
1.000033e+00 1.000020e+00
1.000037e+00 1.000024e+00
1.000032e+00 1.000020e+00
1.000034e+00 1.000019e+00
1.000030e+00 1.000018e+00
1.000033e+00 1.000020e+00
1.000033e+00 1.000019e+00
1.000029e+00 1.000018e+00
1.000033e+00 1.000020e+00
1.000035e+00 1.000020e+00
1.000034e+00 1.000020e+00
1.000032e+00 1.000019e+00
1.000035e+00 1.000021e+00
1.000034e+00 1.000022e+00
1.000031e+00 1.000019e+00
1.000032e+00 1.000019e+00
1.000036e+00 1.000021e+00
1.000033e+00 1.000019e+00
1.000033e+00 1.000020e+00
1.000039e+00 1.000026e+00
1.000033e+00 1.000020e+00
1.000033e+00 1.000019e+00
1.000037e+00 1.000022e+00
1.000037e+00 1.000022e+00
1.000033e+00 1.000020e+00
1.000034e+00 1.000022e+00
1.000038e+00 1.000025e+00
1.000039e+00 1.000023e+00
1.000033e+00 1.000020e+00
1.000038e+00 1.000023e+00
1.000039e+00 1.000026e+00
1.000036e+00 1.000023e+00
1.000035e+00 1.000022e+00
1.000037e+00 1.000021e+00
1.000041e+00 1.000026e+00
1.000034e+00 1.000020e+00
1.000038e+00 1.000023e+00
1.000044e+00 1.000030e+00
1.000041e+00 1.000026e+00
1.000036e+00 1.000021e+00
1.000038e+00 1.000023e+00
1.000044e+00 1.000029e+00
1.000035e+00 1.000020e+00
1.000039e+00 1.000024e+00
1.000044e+00 1.000028e+00
1.000049e+00 1.000031e+00
1.000038e+00 1.000022e+00
1.000040e+00 1.000024e+00
1.000049e+00 1.000031e+00
1.000042e+00 1.000026e+00
1.000034e+00 1.000022e+00
1.000042e+00 1.000024e+00
1.000051e+00 1.000032e+00
1.000042e+00 1.000026e+00
1.000042e+00 1.000026e+00
1.000049e+00 1.000030e+00
1.000053e+00 1.000033e+00
1.000047e+00 1.000029e+00
1.000042e+00 1.000026e+00
1.000053e+00 1.000033e+00
1.000049e+00 1.000030e+00
1.000037e+00 1.000024e+00
1.000050e+00 1.000030e+00
1.000053e+00 1.000033e+00
1.000051e+00 1.000032e+00
1.000041e+00 1.000026e+00
1.000053e+00 1.000031e+00
1.000060e+00 1.000038e+00
1.000048e+00 1.000030e+00
1.000041e+00 1.000026e+00
1.000053e+00 1.000033e+00
1.000060e+00 1.000037e+00
1.000042e+00 1.000027e+00
1.000055e+00 1.000034e+00
1.000058e+00 1.000035e+00
1.000068e+00 1.000041e+00
1.000044e+00 1.000029e+00
1.000056e+00 1.000034e+00
1.000071e+00 1.000043e+00
1.000044e+00 1.000028e+00
1.000044e+00 1.000028e+00
1.000056e+00 1.000035e+00
1.000071e+00 1.000044e+00
1.000048e+00 1.000030e+00
1.000055e+00 1.000035e+00
1.000061e+00 1.000039e+00
1.000068e+00 1.000042e+00
1.000052e+00 1.000032e+00
1.000054e+00 1.000034e+00
1.000064e+00 1.000040e+00
1.000055e+00 1.000035e+00
1.000046e+00 1.000029e+00
1.000063e+00 1.000040e+00
1.000066e+00 1.000041e+00
1.000064e+00 1.000040e+00
1.000049e+00 1.000031e+00
1.000066e+00 1.000042e+00
1.000078e+00 1.000049e+00
1.000079e+00 1.000050e+00
1.000056e+00 1.000035e+00
1.000071e+00 1.000045e+00
1.000096e+00 1.000060e+00
1.000056e+00 1.000036e+00
1.000073e+00 1.000046e+00
1.000075e+00 1.000048e+00
1.000099e+00 1.000062e+00
1.000059e+00 1.000038e+00
1.000073e+00 1.000046e+00
1.000094e+00 1.000059e+00
1.000085e+00 1.000054e+00
1.000047e+00 1.000031e+00
1.000070e+00 1.000045e+00
1.000084e+00 1.000054e+00
1.000059e+00 1.000038e+00
1.000067e+00 1.000043e+00
1.000080e+00 1.000051e+00
1.000083e+00 1.000053e+00
1.000068e+00 1.000044e+00
1.000063e+00 1.000041e+00
1.000084e+00 1.000054e+00
1.000077e+00 1.000050e+00
1.000057e+00 1.000037e+00
1.000085e+00 1.000056e+00
1.000095e+00 1.000062e+00
1.000148e+00 1.000098e+00
1.000097e+00 1.000069e+00
1.000162e+00 1.000116e+00
1.000212e+00 1.000152e+00
1.000302e+00 1.000215e+00
1.000228e+00 1.000199e+00
1.000548e+00 1.000441e+00
1.000934e+00 1.000730e+00
1.001397e+00 1.001076e+00
1.001873e+00 1.001398e+00
1.002242e+00 1.001673e+00
1.002421e+00 1.001916e+00
1.002459e+00 1.001265e+00
1.003729e+00 1.002407e+00
1.003549e+00 1.001538e+00
1.003771e+00 1.002242e+00
1.004432e+00 1.002602e+00
1.003651e+00 1.001533e+00
1.003364e+00 1.002156e+00
1.004410e+00 1.002390e+00
1.005474e+00 1.002328e+00
1.004154e+00 1.001735e+00
1.003661e+00 1.002134e+00
1.004377e+00 1.002698e+00
1.005726e+00 1.003292e+00
1.004007e+00 1.001681e+00
1.004964e+00 1.002904e+00
1.005564e+00 1.003257e+00
1.003750e+00 1.001568e+00
1.003156e+00 1.001983e+00
1.002929e+00 1.001323e+00
1.003811e+00 1.002472e+00
1.005100e+00 1.003053e+00
1.003794e+00 1.001558e+00
1.002965e+00 1.001867e+00
1.003879e+00 1.002414e+00
1.005154e+00 1.003086e+00
1.003558e+00 1.001513e+00
1.003004e+00 1.001918e+00
1.003400e+00 1.002200e+00
1.004016e+00 1.002446e+00
1.002974e+00 1.001278e+00
1.002805e+00 1.001781e+00
1.002779e+00 1.001532e+00
1.003749e+00 1.002351e+00
1.004418e+00 1.002707e+00
1.003193e+00 1.001365e+00
1.003143e+00 1.001977e+00
1.004229e+00 1.002650e+00
1.003486e+00 1.001507e+00
1.002770e+00 1.001380e+00
1.002540e+00 1.001615e+00
1.002928e+00 1.001880e+00
1.003045e+00 1.001347e+00
1.003945e+00 1.002445e+00
1.005182e+00 1.003089e+00
1.003591e+00 1.001516e+00
1.003588e+00 1.002292e+00
1.004088e+00 1.002445e+00
1.003352e+00 1.001441e+00
1.002956e+00 1.001640e+00
1.002533e+00 1.001119e+00
1.002598e+00 1.001652e+00
1.003075e+00 1.001966e+00
1.003407e+00 1.001536e+00
1.004383e+00 1.001942e+00
1.005509e+00 1.002462e+00
1.003777e+00 1.001600e+00
1.002701e+00 1.001649e+00
1.002731e+00 1.001746e+00
1.003284e+00 1.002042e+00
1.002670e+00 1.001180e+00
1.002397e+00 1.001080e+00
1.002120e+00 1.001363e+00
1.002819e+00 1.001797e+00
1.003478e+00 1.002140e+00
1.002276e+00 1.001000e+00
1.001863e+00 1.001191e+00
1.001628e+00 1.001034e+00
1.001790e+00 1.001153e+00
1.002555e+00 1.001329e+00
1.002926e+00 1.001533e+00
1.002126e+00 1.000929e+00
1.001687e+00 1.000785e+00
1.001704e+00 1.001095e+00
1.002533e+00 1.001189e+00
1.002383e+00 1.001048e+00
1.002445e+00 1.001558e+00
1.003091e+00 1.001874e+00
1.001950e+00 1.000861e+00
1.001755e+00 1.001115e+00
1.002577e+00 1.001279e+00
1.002268e+00 1.000992e+00
1.001674e+00 1.001076e+00
1.001830e+00 1.001210e+00
1.001932e+00 1.000889e+00
1.002860e+00 1.001654e+00
1.002306e+00 1.001005e+00
1.001702e+00 1.000784e+00
1.001892e+00 1.001273e+00
1.002274e+00 1.001401e+00
1.001864e+00 1.000848e+00
1.001874e+00 1.001184e+00
1.002511e+00 1.001599e+00
1.003529e+00 1.001975e+00
1.002374e+00 1.001041e+00
1.001644e+00 1.001013e+00
1.001554e+00 1.000753e+00
1.001585e+00 1.001011e+00
1.002262e+00 1.001389e+00
1.002021e+00 1.000904e+00
1.001461e+00 1.000933e+00
1.001553e+00 1.001041e+00
1.001577e+00 1.000730e+00
1.001546e+00 1.000722e+00
1.002136e+00 1.001258e+00
1.001855e+00 1.000842e+00
1.001431e+00 1.000700e+00
1.001518e+00 1.001006e+00
1.002167e+00 1.001036e+00
1.003118e+00 1.001709e+00
1.001919e+00 1.000873e+00
1.001673e+00 1.001065e+00
1.001870e+00 1.001230e+00
1.002272e+00 1.001362e+00
1.001751e+00 1.000804e+00
1.001413e+00 1.000928e+00
1.001465e+00 1.000920e+00
1.001277e+00 1.000618e+00
1.001464e+00 1.000999e+00
1.001778e+00 1.001026e+00
1.002427e+00 1.001129e+00
1.002020e+00 1.000914e+00
1.001514e+00 1.000709e+00
1.001387e+00 1.000884e+00
1.001611e+00 1.001075e+00
1.001873e+00 1.000903e+00
1.001794e+00 1.000849e+00
1.001462e+00 1.000689e+00
1.001265e+00 1.000834e+00
1.001348e+00 1.000878e+00
1.001623e+00 1.001060e+00
1.001913e+00 1.000905e+00
1.001815e+00 1.000848e+00
1.001540e+00 1.000730e+00
1.001390e+00 1.000890e+00
1.001435e+00 1.000937e+00
1.001724e+00 1.001085e+00
1.001983e+00 1.000950e+00
1.001733e+00 1.000806e+00
1.001525e+00 1.000938e+00
1.002007e+00 1.001291e+00
1.001785e+00 1.000820e+00
1.001471e+00 1.000932e+00
1.001564e+00 1.000976e+00
1.001589e+00 1.000743e+00
1.001468e+00 1.000674e+00
1.001313e+00 1.000685e+00
1.001224e+00 1.000630e+00
1.001368e+00 1.000953e+00
1.001569e+00 1.000792e+00
1.001394e+00 1.000669e+00
1.001150e+00 1.000561e+00
1.001165e+00 1.000765e+00
1.001207e+00 1.000619e+00
1.001434e+00 1.000971e+00
1.001609e+00 1.000797e+00
1.001231e+00 1.000596e+00
1.001059e+00 1.000704e+00
1.001048e+00 1.000701e+00
1.001118e+00 1.000611e+00
1.001296e+00 1.000878e+00
1.001598e+00 1.000943e+00
1.001182e+00 1.000571e+00
1.001064e+00 1.000700e+00
1.000998e+00 1.000543e+00
1.001022e+00 1.000662e+00
1.001183e+00 1.000816e+00
1.001332e+00 1.000674e+00
1.001314e+00 1.000641e+00
1.001039e+00 1.000511e+00
1.000944e+00 1.000624e+00
1.000998e+00 1.000671e+00
1.001236e+00 1.000848e+00
1.001427e+00 1.000718e+00
1.001206e+00 1.000590e+00
1.001270e+00 1.000817e+00
1.001065e+00 1.000536e+00
1.001023e+00 1.000655e+00
1.001115e+00 1.000777e+00
1.001299e+00 1.000654e+00
1.001195e+00 1.000589e+00
1.001240e+00 1.000808e+00
1.001265e+00 1.000622e+00
1.001083e+00 1.000537e+00
1.001167e+00 1.000801e+00
1.001319e+00 1.000672e+00
1.001210e+00 1.000603e+00
1.001193e+00 1.000780e+00
1.001271e+00 1.000798e+00
1.001169e+00 1.000564e+00
1.001177e+00 1.000802e+00
1.001310e+00 1.000715e+00
1.001323e+00 1.000644e+00
1.001159e+00 1.000563e+00
1.001148e+00 1.000723e+00
1.001129e+00 1.000539e+00
1.001280e+00 1.000809e+00
1.001495e+00 1.000718e+00
1.001185e+00 1.000570e+00
1.000973e+00 1.000622e+00
1.000989e+00 1.000650e+00
1.000948e+00 1.000474e+00
1.001077e+00 1.000724e+00
1.001247e+00 1.000616e+00
1.001158e+00 1.000571e+00
1.001003e+00 1.000492e+00
1.000923e+00 1.000556e+00
1.000891e+00 1.000507e+00
1.001030e+00 1.000718e+00
1.001200e+00 1.000613e+00
1.001279e+00 1.000644e+00
1.001697e+00 1.000945e+00
1.001391e+00 1.000680e+00
1.000986e+00 1.000501e+00
1.001026e+00 1.000703e+00
1.001216e+00 1.000667e+00
1.001181e+00 1.000598e+00
1.001074e+00 1.000543e+00
1.000904e+00 1.000466e+00
1.000949e+00 1.000628e+00
1.001063e+00 1.000730e+00
1.001245e+00 1.000647e+00
1.001108e+00 1.000567e+00
1.001047e+00 1.000617e+00
1.001054e+00 1.000689e+00
1.000920e+00 1.000471e+00
1.001005e+00 1.000694e+00
1.001169e+00 1.000607e+00
1.001035e+00 1.000530e+00
1.001041e+00 1.000649e+00
1.000939e+00 1.000477e+00
1.001093e+00 1.000612e+00
1.001200e+00 1.000771e+00
1.001380e+00 1.000701e+00
1.001140e+00 1.000573e+00
1.000942e+00 1.000591e+00
1.000837e+00 1.000536e+00
1.000925e+00 1.000612e+00
1.001092e+00 1.000743e+00
1.001293e+00 1.000665e+00
