1.000215e+00 1.000059e+00
1.000105e+00 1.000046e+00
1.000140e+00 1.000084e+00
1.000389e+00 1.000185e+00
1.000498e+00 1.000244e+00
1.000687e+00 1.000348e+00
1.000689e+00 1.000349e+00
1.000574e+00 1.000322e+00
1.000884e+00 1.000507e+00
1.000626e+00 1.000370e+00
1.000935e+00 1.000527e+00
1.000900e+00 1.000505e+00
1.000757e+00 1.000433e+00
1.000623e+00 1.000358e+00
1.000904e+00 1.000508e+00
1.000694e+00 1.000396e+00
1.000746e+00 1.000426e+00
1.000791e+00 1.000451e+00
1.000910e+00 1.000515e+00
1.000661e+00 1.000377e+00
1.000867e+00 1.000499e+00
1.001001e+00 1.000558e+00
1.001146e+00 1.000652e+00
1.001369e+00 1.000749e+00
1.001143e+00 1.000681e+00
1.000789e+00 1.000458e+00
1.000797e+00 1.000472e+00
1.000974e+00 1.000553e+00
1.001012e+00 1.000572e+00
1.001192e+00 1.000660e+00
1.001016e+00 1.000608e+00
1.001092e+00 1.000615e+00
1.000789e+00 1.000470e+00
1.001150e+00 1.000687e+00
1.001458e+00 1.000865e+00
1.000721e+00 1.000430e+00
1.000807e+00 1.000482e+00
1.001322e+00 1.000796e+00
1.000681e+00 1.000414e+00
1.000912e+00 1.000554e+00
1.001281e+00 1.000769e+00
1.001544e+00 1.000934e+00
1.000661e+00 1.000410e+00
1.001035e+00 1.000628e+00
1.001143e+00 1.000647e+00
1.000787e+00 1.000480e+00
1.001093e+00 1.000632e+00
1.001271e+00 1.000776e+00
1.000743e+00 1.000456e+00
1.000862e+00 1.000530e+00
1.001389e+00 1.000859e+00
1.000740e+00 1.000462e+00
1.001085e+00 1.000620e+00
1.000944e+00 1.000590e+00
1.001543e+00 1.000949e+00
1.000723e+00 1.000446e+00
1.001020e+00 1.000641e+00
1.001757e+00 1.001081e+00
1.000663e+00 1.000420e+00
1.001144e+00 1.000668e+00
1.001196e+00 1.000752e+00
1.000698e+00 1.000440e+00
1.000894e+00 1.000561e+00
1.001321e+00 1.000828e+00
1.001784e+00 1.001128e+00
1.000748e+00 1.000479e+00
1.000920e+00 1.000575e+00
1.001491e+00 1.000942e+00
1.000855e+00 1.000546e+00
1.000998e+00 1.000635e+00
1.001346e+00 1.000842e+00
1.001699e+00 1.001079e+00
1.000889e+00 1.000552e+00
1.001129e+00 1.000731e+00
1.001883e+00 1.001158e+00
1.000795e+00 1.000506e+00
1.001222e+00 1.000749e+00
1.001378e+00 1.000855e+00
1.000835e+00 1.000525e+00
1.000926e+00 1.000600e+00
1.001381e+00 1.000883e+00
1.000863e+00 1.000549e+00
1.001215e+00 1.000760e+00
1.001154e+00 1.000696e+00
1.001519e+00 1.000971e+00
1.000914e+00 1.000595e+00
1.001080e+00 1.000706e+00
1.001572e+00 1.000998e+00
1.000788e+00 1.000520e+00
1.001258e+00 1.000782e+00
1.001198e+00 1.000782e+00
1.000667e+00 1.000435e+00
1.000919e+00 1.000593e+00
1.001296e+00 1.000835e+00
1.001687e+00 1.001091e+00
1.001909e+00 1.001233e+00
1.000864e+00 1.000574e+00
1.001416e+00 1.000916e+00
1.000922e+00 1.000607e+00
1.001052e+00 1.000695e+00
1.001391e+00 1.000893e+00
1.001627e+00 1.001057e+00
1.000984e+00 1.000652e+00
1.001173e+00 1.000775e+00
1.001554e+00 1.001018e+00
1.000860e+00 1.000572e+00
1.001283e+00 1.000822e+00
1.001431e+00 1.000898e+00
1.001383e+00 1.000798e+00
1.000847e+00 1.000571e+00
1.001377e+00 1.000907e+00
1.000880e+00 1.000592e+00
1.001251e+00 1.000809e+00
1.001011e+00 1.000679e+00
1.001533e+00 1.001007e+00
1.000984e+00 1.000666e+00
1.001139e+00 1.000773e+00
1.001672e+00 1.001108e+00
1.001854e+00 1.001193e+00
1.000820e+00 1.000556e+00
1.001261e+00 1.000845e+00
1.001619e+00 1.001064e+00
1.000715e+00 1.000490e+00
1.001393e+00 1.000939e+00
1.001803e+00 1.001213e+00
1.002127e+00 1.001435e+00
1.000861e+00 1.000589e+00
1.001577e+00 1.001063e+00
1.000998e+00 1.000681e+00
1.001103e+00 1.000755e+00
1.001472e+00 1.000979e+00
1.001811e+00 1.001222e+00
1.001028e+00 1.000699e+00
1.001246e+00 1.000860e+00
1.001974e+00 1.001333e+00
1.000989e+00 1.000680e+00
1.001418e+00 1.000939e+00
1.001520e+00 1.000980e+00
1.002189e+00 1.001490e+00
1.000882e+00 1.000616e+00
1.001594e+00 1.001104e+00
1.002399e+00 1.001581e+00
1.000820e+00 1.000573e+00
1.001470e+00 1.001011e+00
1.001806e+00 1.001258e+00
1.001099e+00 1.000765e+00
1.001268e+00 1.000887e+00
1.002017e+00 1.001406e+00
1.002459e+00 1.001663e+00
1.000922e+00 1.000644e+00
1.001401e+00 1.000984e+00
1.002268e+00 1.001551e+00
1.001083e+00 1.000738e+00
1.001578e+00 1.001083e+00
1.002049e+00 1.001368e+00
1.002504e+00 1.001666e+00
1.001061e+00 1.000675e+00
1.001741e+00 1.001154e+00
1.002498e+00 1.001478e+00
1.001093e+00 1.000697e+00
1.001714e+00 1.001082e+00
1.002079e+00 1.001298e+00
1.003261e+00 1.001952e+00
1.001470e+00 1.000913e+00
1.002164e+00 1.001388e+00
1.001304e+00 1.000804e+00
1.001728e+00 1.001028e+00
1.001592e+00 1.000994e+00
1.002386e+00 1.001462e+00
1.001229e+00 1.000751e+00
1.001741e+00 1.001073e+00
1.002730e+00 1.001644e+00
1.002969e+00 1.001785e+00
1.001360e+00 1.000826e+00
1.001951e+00 1.001187e+00
1.003000e+00 1.001808e+00
1.001516e+00 1.000919e+00
1.002145e+00 1.001304e+00
1.002680e+00 1.001630e+00
1.003124e+00 1.001899e+00
1.001539e+00 1.000940e+00
1.002666e+00 1.001631e+00
1.003730e+00 1.002279e+00
1.001996e+00 1.001237e+00
1.002537e+00 1.001565e+00
1.003085e+00 1.001898e+00
1.004286e+00 1.002616e+00
1.005272e+00 1.003263e+00
1.003133e+00 1.001999e+00
1.004646e+00 1.002915e+00
1.005097e+00 1.003241e+00
1.003753e+00 1.002538e+00
1.001216e+00 1.000500e+00
1.001132e+00 1.000685e+00
1.001123e+00 1.000728e+00
1.001131e+00 1.000503e+00
1.001109e+00 1.000794e+00
1.001125e+00 1.000532e+00
1.001125e+00 1.000524e+00
1.001076e+00 1.000490e+00
1.001089e+00 1.000593e+00
1.001061e+00 1.000496e+00
1.001099e+00 1.000779e+00
1.001253e+00 1.000612e+00
1.001156e+00 1.000555e+00
1.001252e+00 1.000754e+00
1.001232e+00 1.000587e+00
1.001192e+00 1.000568e+00
1.001320e+00 1.000894e+00
1.001416e+00 1.000698e+00
1.001340e+00 1.000623e+00
1.001321e+00 1.000849e+00
1.001246e+00 1.000572e+00
1.001265e+00 1.000817e+00
1.001315e+00 1.000935e+00
1.001476e+00 1.000732e+00
1.001484e+00 1.000692e+00
1.001418e+00 1.000716e+00
1.001795e+00 1.001212e+00
1.001648e+00 1.000756e+00
1.001679e+00 1.001143e+00
1.001888e+00 1.001215e+00
1.001930e+00 1.000829e+00
1.001745e+00 1.001092e+00
1.002087e+00 1.001363e+00
1.002027e+00 1.000970e+00
1.001983e+00 1.001163e+00
1.001926e+00 1.001290e+00
1.001873e+00 1.000863e+00
1.001856e+00 1.000829e+00
1.001768e+00 1.000772e+00
1.001873e+00 1.001279e+00
1.002198e+00 1.001482e+00
1.002324e+00 1.001128e+00
1.003137e+00 1.001493e+00
1.003966e+00 1.001822e+00
1.003354e+00 1.001531e+00
1.002727e+00 1.001196e+00
1.002740e+00 1.001812e+00
1.003037e+00 1.001795e+00
1.003021e+00 1.001306e+00
1.003483e+00 1.002067e+00
1.004406e+00 1.002048e+00
1.003360e+00 1.001537e+00
1.003414e+00 1.002263e+00
1.003841e+00 1.002497e+00
1.003463e+00 1.001600e+00
1.003112e+00 1.001386e+00
1.003021e+00 1.001934e+00
1.003488e+00 1.002322e+00
1.003915e+00 1.002599e+00
1.004212e+00 1.002042e+00
1.005063e+00 1.002440e+00
1.006136e+00 1.003924e+00
1.004908e+00 1.002285e+00
1.004490e+00 1.002874e+00
1.004484e+00 1.003038e+00
1.004723e+00 1.003059e+00
1.004173e+00 1.001954e+00
1.004750e+00 1.003232e+00
1.005857e+00 1.003829e+00
1.005180e+00 1.002472e+00
1.005401e+00 1.003624e+00
1.004757e+00 1.002231e+00
1.003938e+00 1.001822e+00
1.004544e+00 1.003040e+00
1.005555e+00 1.003234e+00
1.004641e+00 1.002181e+00
1.004115e+00 1.002699e+00
1.004246e+00 1.002885e+00
1.004959e+00 1.002452e+00
1.005800e+00 1.002801e+00
1.004925e+00 1.002346e+00
1.004376e+00 1.002797e+00
1.004419e+00 1.002960e+00
1.004823e+00 1.002963e+00
1.005589e+00 1.002691e+00
1.006520e+00 1.003570e+00
1.005651e+00 1.002681e+00
1.004931e+00 1.002281e+00
1.004931e+00 1.003358e+00
1.005264e+00 1.003546e+00
1.006172e+00 1.003001e+00
1.005436e+00 1.002605e+00
1.005053e+00 1.003318e+00
1.004838e+00 1.002306e+00
1.004887e+00 1.003396e+00
1.005295e+00 1.003675e+00
1.006079e+00 1.003050e+00
1.006879e+00 1.003669e+00
1.007981e+00 1.005174e+00
1.006669e+00 1.003176e+00
1.006083e+00 1.003974e+00
1.005258e+00 1.002688e+00
1.004667e+00 1.002258e+00
1.005284e+00 1.003590e+00
1.006368e+00 1.004173e+00
1.005502e+00 1.002643e+00
1.005636e+00 1.003897e+00
1.006236e+00 1.004143e+00
1.006922e+00 1.003466e+00
1.007703e+00 1.003886e+00
1.008630e+00 1.004404e+00
1.007109e+00 1.003414e+00
1.007194e+00 1.004793e+00
1.006906e+00 1.003243e+00
1.007644e+00 1.004800e+00
1.006468e+00 1.003160e+00
1.007019e+00 1.004806e+00
1.007851e+00 1.003963e+00
1.008305e+00 1.005402e+00
1.007299e+00 1.003528e+00
1.005908e+00 1.002902e+00
1.005692e+00 1.003789e+00
1.006326e+00 1.004296e+00
1.007210e+00 1.004278e+00
1.007710e+00 1.004510e+00
1.006252e+00 1.003067e+00
1.005543e+00 1.002671e+00
1.005992e+00 1.004158e+00
1.006820e+00 1.003910e+00
1.006744e+00 1.003378e+00
1.006948e+00 1.004818e+00
1.007359e+00 1.003898e+00
1.008478e+00 1.004179e+00
1.006935e+00 1.003466e+00
1.006080e+00 1.003990e+00
1.006638e+00 1.004370e+00
1.007210e+00 1.004868e+00
1.007578e+00 1.003802e+00
1.008562e+00 1.004248e+00
1.009716e+00 1.004849e+00
1.007545e+00 1.003804e+00
1.007152e+00 1.004788e+00
1.006460e+00 1.004306e+00
1.005785e+00 1.002877e+00
1.006456e+00 1.004444e+00
1.007112e+00 1.003667e+00
1.008205e+00 1.005365e+00
1.006734e+00 1.003381e+00
1.006241e+00 1.004004e+00
1.005437e+00 1.003556e+00
1.006048e+00 1.004056e+00
1.006829e+00 1.003663e+00
1.007657e+00 1.004073e+00
1.008477e+00 1.004465e+00
1.007083e+00 1.003596e+00
1.005879e+00 1.002940e+00
1.006494e+00 1.004330e+00
1.006258e+00 1.003193e+00
1.005897e+00 1.003836e+00
1.006564e+00 1.004598e+00
1.007038e+00 1.004145e+00
1.007329e+00 1.003760e+00
1.006393e+00 1.003230e+00
1.006016e+00 1.004070e+00
1.006649e+00 1.004597e+00
1.007623e+00 1.004839e+00
1.006403e+00 1.003246e+00
1.005811e+00 1.003986e+00
1.005583e+00 1.002832e+00
1.006300e+00 1.004308e+00
1.005442e+00 1.002801e+00
1.006149e+00 1.004258e+00
1.006489e+00 1.004278e+00
1.006665e+00 1.003410e+00
1.005665e+00 1.002920e+00
1.004882e+00 1.002473e+00
1.004577e+00 1.003119e+00
1.005215e+00 1.003450e+00
1.004559e+00 1.002366e+00
1.004726e+00 1.003327e+00
1.005418e+00 1.002929e+00
1.006399e+00 1.004363e+00
1.005347e+00 1.002751e+00
1.005980e+00 1.003983e+00
1.006565e+00 1.004420e+00
1.005837e+00 1.003015e+00
1.006562e+00 1.004321e+00
1.007467e+00 1.003956e+00
1.005975e+00 1.003071e+00
1.005164e+00 1.003500e+00
1.004495e+00 1.003076e+00
1.004717e+00 1.003285e+00
1.005509e+00 1.002913e+00
1.005356e+00 1.002831e+00
1.004624e+00 1.002361e+00
1.005168e+00 1.003622e+00
1.005695e+00 1.003902e+00
1.005991e+00 1.003172e+00
1.006687e+00 1.003586e+00
1.006256e+00 1.003306e+00
1.005903e+00 1.003080e+00
1.005144e+00 1.002614e+00
1.004314e+00 1.002911e+00
1.004395e+00 1.003108e+00
1.005205e+00 1.002796e+00
1.006062e+00 1.003198e+00
1.005351e+00 1.002786e+00
1.005874e+00 1.004089e+00
1.006225e+00 1.003907e+00
1.005468e+00 1.002753e+00
1.005824e+00 1.004105e+00
1.006581e+00 1.004445e+00
1.007613e+00 1.005237e+00
1.006082e+00 1.003205e+00
1.005374e+00 1.003667e+00
1.004537e+00 1.002378e+00
1.004927e+00 1.003535e+00
1.005773e+00 1.004055e+00
1.006635e+00 1.003731e+00
1.005826e+00 1.003093e+00
1.005937e+00 1.004024e+00
1.006132e+00 1.003348e+00
1.005729e+00 1.003021e+00
1.004976e+00 1.002598e+00
1.005635e+00 1.003883e+00
1.006658e+00 1.004325e+00
1.006760e+00 1.003649e+00
1.007182e+00 1.004939e+00
1.006706e+00 1.003574e+00
1.007277e+00 1.004956e+00
1.008072e+00 1.004354e+00
1.009097e+00 1.005624e+00
1.006892e+00 1.003625e+00
1.005793e+00 1.003953e+00
