1.000030e+00 1.000008e+00
1.000049e+00 1.000013e+00
1.000040e+00 1.000009e+00
1.000039e+00 1.000009e+00
1.000034e+00 1.000009e+00
1.000036e+00 1.000010e+00
1.000036e+00 1.000010e+00
1.000043e+00 1.000012e+00
1.000044e+00 1.000012e+00
1.000044e+00 1.000012e+00
1.000047e+00 1.000012e+00
1.000048e+00 1.000015e+00
1.000055e+00 1.000017e+00
1.000054e+00 1.000015e+00
1.000050e+00 1.000014e+00
1.000050e+00 1.000012e+00
1.000049e+00 1.000011e+00
1.000045e+00 1.000011e+00
1.000054e+00 1.000013e+00
1.000054e+00 1.000013e+00
1.000052e+00 1.000013e+00
1.000056e+00 1.000014e+00
1.000061e+00 1.000015e+00
1.000066e+00 1.000019e+00
1.000070e+00 1.000019e+00
1.000075e+00 1.000021e+00
1.000076e+00 1.000021e+00
1.000072e+00 1.000020e+00
1.000073e+00 1.000021e+00
1.000069e+00 1.000020e+00
1.000067e+00 1.000020e+00
1.000067e+00 1.000019e+00
1.000067e+00 1.000017e+00
1.000065e+00 1.000016e+00
1.000071e+00 1.000018e+00
1.000070e+00 1.000018e+00
1.000074e+00 1.000020e+00
1.000072e+00 1.000019e+00
1.000074e+00 1.000020e+00
1.000081e+00 1.000022e+00
1.000076e+00 1.000019e+00
1.000086e+00 1.000025e+00
1.000082e+00 1.000026e+00
1.000076e+00 1.000023e+00
1.000078e+00 1.000025e+00
1.000081e+00 1.000027e+00
1.000086e+00 1.000029e+00
1.000086e+00 1.000029e+00
1.000085e+00 1.000030e+00
1.000088e+00 1.000030e+00
1.000094e+00 1.000033e+00
1.000086e+00 1.000030e+00
1.000101e+00 1.000035e+00
1.000094e+00 1.000033e+00
1.000092e+00 1.000031e+00
1.000097e+00 1.000035e+00
1.000096e+00 1.000034e+00
1.000094e+00 1.000032e+00
1.000091e+00 1.000029e+00
1.000102e+00 1.000036e+00
1.000106e+00 1.000038e+00
1.000098e+00 1.000033e+00
1.000114e+00 1.000040e+00
1.000103e+00 1.000033e+00
1.000089e+00 1.000027e+00
1.000099e+00 1.000035e+00
1.000103e+00 1.000034e+00
1.000114e+00 1.000039e+00
1.000114e+00 1.000038e+00
1.000121e+00 1.000039e+00
1.000105e+00 1.000035e+00
1.000151e+00 1.000054e+00
1.000132e+00 1.000042e+00
1.000121e+00 1.000039e+00
1.000129e+00 1.000041e+00
1.000123e+00 1.000043e+00
1.000126e+00 1.000042e+00
1.000152e+00 1.000051e+00
1.000163e+00 1.000053e+00
1.000162e+00 1.000053e+00
1.000133e+00 1.000044e+00
1.000138e+00 1.000046e+00
1.000154e+00 1.000052e+00
1.000137e+00 1.000048e+00
1.000146e+00 1.000049e+00
1.000173e+00 1.000059e+00
1.000200e+00 1.000071e+00
1.000176e+00 1.000064e+00
1.000171e+00 1.000061e+00
1.000165e+00 1.000057e+00
1.000186e+00 1.000064e+00
1.000207e+00 1.000072e+00
1.000219e+00 1.000082e+00
1.000187e+00 1.000066e+00
1.000202e+00 1.000070e+00
1.000228e+00 1.000084e+00
1.000202e+00 1.000071e+00
1.000235e+00 1.000088e+00
1.000173e+00 1.000062e+00
1.000249e+00 1.000093e+00
1.000270e+00 1.000097e+00
1.000254e+00 1.000095e+00
1.000186e+00 1.000071e+00
1.000318e+00 1.000116e+00
1.000322e+00 1.000125e+00
1.000240e+00 1.000087e+00
1.000367e+00 1.000132e+00
1.000284e+00 1.000104e+00
1.000295e+00 1.000119e+00
1.000279e+00 1.000103e+00
1.000382e+00 1.000146e+00
1.000333e+00 1.000123e+00
1.000264e+00 1.000102e+00
1.000344e+00 1.000136e+00
1.000279e+00 1.000107e+00
1.000332e+00 1.000127e+00
1.000379e+00 1.000142e+00
1.000447e+00 1.000168e+00
1.000439e+00 1.000165e+00
1.000470e+00 1.000195e+00
1.000331e+00 1.000124e+00
1.000394e+00 1.000148e+00
1.000433e+00 1.000171e+00
1.000418e+00 1.000164e+00
1.000445e+00 1.000171e+00
1.000495e+00 1.000200e+00
1.000454e+00 1.000173e+00
1.000452e+00 1.000174e+00
1.000477e+00 1.000192e+00
1.000504e+00 1.000208e+00
1.000421e+00 1.000168e+00
1.000585e+00 1.000237e+00
1.000566e+00 1.000227e+00
1.000486e+00 1.000195e+00
1.000658e+00 1.000266e+00
1.000641e+00 1.000268e+00
1.000566e+00 1.000235e+00
1.000690e+00 1.000283e+00
1.000656e+00 1.000276e+00
1.000499e+00 1.000212e+00
1.000609e+00 1.000252e+00
1.000585e+00 1.000250e+00
1.000520e+00 1.000212e+00
1.000788e+00 1.000325e+00
1.000721e+00 1.000313e+00
1.000629e+00 1.000266e+00
1.000808e+00 1.000338e+00
1.000667e+00 1.000288e+00
1.000671e+00 1.000289e+00
1.000731e+00 1.000319e+00
1.000834e+00 1.000362e+00
1.000993e+00 1.000423e+00
1.001036e+00 1.000451e+00
1.000946e+00 1.000403e+00
1.001205e+00 1.000533e+00
1.000997e+00 1.000443e+00
1.000899e+00 1.000382e+00
1.001529e+00 1.000674e+00
1.001327e+00 1.000591e+00
1.000925e+00 1.000416e+00
1.001114e+00 1.000502e+00
1.001126e+00 1.000507e+00
1.001406e+00 1.000624e+00
1.001601e+00 1.000685e+00
1.001307e+00 1.000584e+00
1.001887e+00 1.000802e+00
1.001306e+00 1.000590e+00
1.001617e+00 1.000715e+00
1.001801e+00 1.000835e+00
1.002425e+00 1.001067e+00
1.005797e+00 1.002513e+00
1.002728e+00 1.001262e+00
1.002030e+00 1.000961e+00
1.003419e+00 1.001487e+00
1.002999e+00 1.001313e+00
1.002337e+00 1.001077e+00
1.004082e+00 1.001847e+00
1.003232e+00 1.001588e+00
1.006681e+00 1.002969e+00
1.004337e+00 1.002057e+00
1.003675e+00 1.001711e+00
1.006186e+00 1.002777e+00
1.004897e+00 1.002180e+00
1.003681e+00 1.001816e+00
1.007049e+00 1.003189e+00
1.004767e+00 1.002363e+00
1.004439e+00 1.002070e+00
1.007791e+00 1.003614e+00
1.006222e+00 1.003098e+00
1.009542e+00 1.004373e+00
1.011994e+00 1.005883e+00
1.015349e+00 1.007155e+00
1.008531e+00 1.003870e+00
1.006852e+00 1.003593e+00
1.009989e+00 1.004748e+00
1.008575e+00 1.004353e+00
1.011862e+00 1.005551e+00
1.015143e+00 1.007232e+00
1.010573e+00 1.005216e+00
1.013768e+00 1.006557e+00
1.001905e+00 1.000027e+00
1.001137e+00 1.000021e+00
1.001284e+00 1.000021e+00
1.001364e+00 1.000022e+00
1.001420e+00 1.000016e+00
1.001460e+00 1.000014e+00
1.001489e+00 1.000015e+00
1.001502e+00 1.000017e+00
1.001481e+00 1.000018e+00
1.001463e+00 1.000018e+00
1.001442e+00 1.000015e+00
1.001417e+00 1.000014e+00
1.001385e+00 1.000010e+00
1.001346e+00 1.000011e+00
1.001301e+00 1.000011e+00
1.001253e+00 1.000010e+00
1.001203e+00 1.000010e+00
1.001154e+00 1.000010e+00
