12 89
9 64
9 119
9 75
8 87
7 125
11 145
9 96
9 163
10 146
8 102
8 115
9 163
10 124
10 126
9 163
10 147
8 113
9 125
9 162
10 112
10 126
8 161
7 158
10 107
9 125
9 151
10 116
8 122
8 121
10 146
10 117
9 129
11 150
8 138
8 119
9 157
11 150
10 118
9 157
7 153
10 140
9 120
9 158
10 141
10 120
8 131
7 157
11 140
9 127
9 159
10 135
8 122
8 127
9 161
10 134
9 128
9 154
9 144
8 134
9 132
9 151
10 131
9 134
8 164
8 147
10 125
9 140
10 145
10 126
8 130
8 151
10 146
10 130
9 152
10 153
8 134
8 132
9 153
10 149
9 143
9 153
9 145
8 140
9 140
9 149
10 141
9 139
8 154
8 149
9 137
9 138
10 144
9 133
8 139
8 146
10 145
9 138
9 151
10 149
8 151
8 138
9 151
10 152
9 148
9 147
9 154
8 153
9 146
10 147
10 143
9 157
8 151
8 154
10 147
9 155
10 164
9 150
8 158
8 157
9 149
9 163
10 163
9 146
8 154
8 164
10 160
9 155
10 160
9 148
9 160
7 166
10 163
9 152
11 168
10 150
8 167
7 164
13 161
9 147
24 155
10 154
7 164
19 167
27 162
9 158
10 161
24 156
7 162
7 158
23 155
20 162
21 163
22 158
7 160
8 164
30 159
31 167
28 161
25 168
38 157
30 158
29 170
31 164
33 160
29 163
40 169
20 160
41 169
33 166
9 167
62 173
24 162
21 171
37 176
19 173
30 174
29 172
33 180
35 166
19 177
24 176
27 183
34 184
8 176
8 177
29 179
20 179
9 172
34 182
28 179
23 167
22 183
33 177
24 178
21 193
17 198
23 177
27 182
36 181
26 190
36 202
8 212
8 192
9 212
11 192
9 218
9 192
7 215
7 199
9 203
7 202
25 207
8 203
9 204
6 196
43 208
70 201
44 194
8 202
15 194
4 184
28 180
8 192
7 196
7 203
4 214
4 218
7 232
8 253
6 292
7 349
4 361
4 371
7 376
4 383
4 379
9 452
4 458
4 469
7 470
13 469
8 439
8 437
4 435
4 433
8 430
9 445
4 444
4 439
9 434
9 422
8 411
4 407
8 439
8 441
4 437
4 434
10 409
9 416
4 416
8 425
4 426
4 430
10 435
9 425
9 418
4 418
4 420
8 417
4 419
4 417
12 433
10 425
8 426
4 424
4 434
4 433
8 437
4 428
4 429
11 427
4 421
4 434
11 444
4 443
4 441
13 440
11 440
8 457
4 459
4 446
8 429
11 444
9 444
4 440
4 435
10 436
4 436
4 431
11 442
11 428
4 428
4 422
8 436
7 443
8 434
4 432
11 438
10 429
4 432
4 433
8 451
4 442
11 444
9 434
4 426
4 440
9 441
8 435
10 435
10 433
4 431
4 429
9 435
4 444
4 437
11 445
8 430
4 426
4 429
11 419
9 428
7 429
4 425
4 424
10 412
9 423
4 420
4 428
8 433
8 417
12 419
9 413
4 427
7 433
4 431
4 435
10 430
10 421
11 424
4 430
4 435
4 431
9 434
11 420
9 406
4 413
4 410
4 416
10 427
7 429
10 410
10 409
4 415
4 420
8 418
8 432
8 412
10 405
4 403
4 405
9 406
4 413
8 431
10 403
4 411
4 417
10 390
10 408
4 417
8 425
4 422
4 421
12 405
9 411
10 422
4 425
7 424
4 430
4 434
11 419
10 427
9 439
4 441
4 452
8 428
11 413
10 422
7 429
4 431
4 437
4 440
8 450
11 423
9 426
4 423
4 427
10 444
4 454
9 445
13 416
4 417
4 420
9 428
4 434
4 441
9 429
4 433
4 434
10 412
10 421
9 438
4 452
4 457
4 457
13 427
10 412
4 422
8 438
4 447
4 450
4 462
11 417
9 413
4 418
4 416
4 412
11 437
8 434
10 410
9 425
4 421
4 423
4 434
10 426
12 423
10 397
4 390
4 391
9 431
4 437
7 446
4 459
4 460
4 461
12 415
9 426
8 431
4 443
4 442
4 439
12 420
9 408
4 416
9 420
4 418
4 430
8 428
10 402
9 431
4 434
4 436
4 430
4 443
9 429
10 402
10 413
4 416
4 425
