1.000352e+00 1.000251e+00
1.000324e+00 1.000183e+00
1.000413e+00 1.000172e+00
1.000159e+00 1.000070e+00
1.000155e+00 1.000071e+00
1.000164e+00 1.000075e+00
1.000085e+00 1.000039e+00
1.000107e+00 1.000051e+00
1.000147e+00 1.000075e+00
1.000082e+00 1.000041e+00
1.000098e+00 1.000056e+00
1.000106e+00 1.000061e+00
1.000137e+00 1.000078e+00
1.000080e+00 1.000045e+00
1.000093e+00 1.000053e+00
1.000124e+00 1.000070e+00
1.000052e+00 1.000028e+00
1.000082e+00 1.000046e+00
1.000092e+00 1.000048e+00
1.000128e+00 1.000071e+00
1.000080e+00 1.000041e+00
1.000097e+00 1.000051e+00
1.000102e+00 1.000056e+00
1.000135e+00 1.000074e+00
1.000085e+00 1.000043e+00
1.000105e+00 1.000053e+00
1.000136e+00 1.000071e+00
1.000087e+00 1.000045e+00
1.000105e+00 1.000059e+00
1.000100e+00 1.000056e+00
1.000108e+00 1.000055e+00
1.000082e+00 1.000044e+00
1.000099e+00 1.000053e+00
1.000076e+00 1.000039e+00
1.000083e+00 1.000048e+00
1.000095e+00 1.000054e+00
1.000102e+00 1.000055e+00
1.000072e+00 1.000038e+00
1.000083e+00 1.000046e+00
1.000109e+00 1.000061e+00
1.000139e+00 1.000080e+00
1.000062e+00 1.000034e+00
1.000090e+00 1.000048e+00
1.000119e+00 1.000066e+00
1.000078e+00 1.000041e+00
1.000091e+00 1.000050e+00
1.000105e+00 1.000061e+00
1.000132e+00 1.000076e+00
1.000080e+00 1.000043e+00
1.000099e+00 1.000054e+00
1.000139e+00 1.000080e+00
1.000082e+00 1.000044e+00
1.000101e+00 1.000059e+00
1.000109e+00 1.000063e+00
1.000144e+00 1.000082e+00
1.000087e+00 1.000047e+00
1.000109e+00 1.000060e+00
1.000137e+00 1.000079e+00
1.000069e+00 1.000038e+00
1.000095e+00 1.000055e+00
1.000112e+00 1.000062e+00
1.000130e+00 1.000072e+00
1.000090e+00 1.000050e+00
1.000114e+00 1.000064e+00
1.000124e+00 1.000073e+00
1.000108e+00 1.000059e+00
1.000092e+00 1.000051e+00
1.000116e+00 1.000066e+00
1.000099e+00 1.000053e+00
1.000094e+00 1.000053e+00
1.000112e+00 1.000066e+00
1.000117e+00 1.000069e+00
1.000091e+00 1.000048e+00
1.000100e+00 1.000058e+00
1.000120e+00 1.000068e+00
1.000087e+00 1.000048e+00
1.000100e+00 1.000059e+00
1.000112e+00 1.000067e+00
1.000124e+00 1.000070e+00
1.000092e+00 1.000051e+00
1.000112e+00 1.000064e+00
1.000127e+00 1.000073e+00
1.000094e+00 1.000053e+00
1.000096e+00 1.000057e+00
1.000117e+00 1.000067e+00
1.000132e+00 1.000076e+00
1.000102e+00 1.000058e+00
1.000122e+00 1.000069e+00
1.000121e+00 1.000072e+00
1.000125e+00 1.000074e+00
1.000110e+00 1.000061e+00
1.000125e+00 1.000071e+00
1.000116e+00 1.000067e+00
1.000110e+00 1.000062e+00
1.000120e+00 1.000072e+00
1.000122e+00 1.000073e+00
1.000103e+00 1.000058e+00
1.000110e+00 1.000062e+00
1.000128e+00 1.000075e+00
1.000099e+00 1.000056e+00
1.000113e+00 1.000068e+00
1.000118e+00 1.000071e+00
1.000135e+00 1.000078e+00
1.000102e+00 1.000059e+00
1.000117e+00 1.000066e+00
1.000129e+00 1.000075e+00
1.000091e+00 1.000054e+00
1.000112e+00 1.000068e+00
1.000121e+00 1.000069e+00
1.000112e+00 1.000066e+00
1.000110e+00 1.000065e+00
1.000126e+00 1.000073e+00
1.000119e+00 1.000071e+00
1.000106e+00 1.000063e+00
1.000114e+00 1.000067e+00
1.000132e+00 1.000077e+00
1.000109e+00 1.000066e+00
1.000120e+00 1.000070e+00
1.000141e+00 1.000086e+00
1.000115e+00 1.000067e+00
1.000125e+00 1.000073e+00
1.000127e+00 1.000074e+00
1.000109e+00 1.000064e+00
1.000126e+00 1.000075e+00
1.000131e+00 1.000079e+00
1.000127e+00 1.000077e+00
1.000117e+00 1.000070e+00
1.000138e+00 1.000084e+00
1.000119e+00 1.000071e+00
1.000133e+00 1.000079e+00
1.000120e+00 1.000073e+00
1.000146e+00 1.000089e+00
1.000116e+00 1.000068e+00
1.000140e+00 1.000084e+00
1.000129e+00 1.000078e+00
1.000125e+00 1.000074e+00
1.000134e+00 1.000081e+00
1.000155e+00 1.000093e+00
1.000112e+00 1.000068e+00
1.000133e+00 1.000078e+00
1.000115e+00 1.000071e+00
1.000123e+00 1.000074e+00
1.000155e+00 1.000093e+00
1.000138e+00 1.000084e+00
1.000121e+00 1.000074e+00
1.000144e+00 1.000086e+00
1.000138e+00 1.000082e+00
1.000141e+00 1.000086e+00
1.000159e+00 1.000095e+00
1.000161e+00 1.000096e+00
1.000136e+00 1.000083e+00
1.000154e+00 1.000093e+00
1.000123e+00 1.000075e+00
1.000147e+00 1.000089e+00
1.000171e+00 1.000103e+00
1.000141e+00 1.000085e+00
1.000150e+00 1.000091e+00
1.000163e+00 1.000099e+00
1.000155e+00 1.000095e+00
1.000181e+00 1.000110e+00
1.000134e+00 1.000082e+00
1.000137e+00 1.000084e+00
1.000164e+00 1.000099e+00
1.000135e+00 1.000082e+00
1.000166e+00 1.000101e+00
1.000149e+00 1.000091e+00
1.000149e+00 1.000091e+00
1.000174e+00 1.000105e+00
1.000141e+00 1.000086e+00
1.000149e+00 1.000091e+00
1.000166e+00 1.000100e+00
1.000160e+00 1.000098e+00
1.000175e+00 1.000107e+00
1.000147e+00 1.000090e+00
1.000166e+00 1.000101e+00
1.000167e+00 1.000102e+00
1.000177e+00 1.000108e+00
1.000179e+00 1.000109e+00
1.000152e+00 1.000093e+00
1.000171e+00 1.000105e+00
1.000164e+00 1.000100e+00
1.000174e+00 1.000107e+00
1.000166e+00 1.000102e+00
1.000188e+00 1.000115e+00
1.000189e+00 1.000114e+00
1.000162e+00 1.000098e+00
1.000201e+00 1.000122e+00
1.000162e+00 1.000100e+00
1.000198e+00 1.000120e+00
1.000188e+00 1.000115e+00
1.000201e+00 1.000124e+00
1.000176e+00 1.000108e+00
1.000198e+00 1.000122e+00
1.000172e+00 1.000106e+00
1.000191e+00 1.000118e+00
1.000192e+00 1.000119e+00
1.000204e+00 1.000127e+00
1.000189e+00 1.000117e+00
1.000200e+00 1.000124e+00
1.000177e+00 1.000110e+00
1.000206e+00 1.000128e+00
1.000210e+00 1.000130e+00
1.000232e+00 1.000143e+00
1.000217e+00 1.000133e+00
1.000221e+00 1.000136e+00
1.000206e+00 1.000127e+00
1.000277e+00 1.000170e+00
1.000229e+00 1.000140e+00
1.000328e+00 1.000201e+00
1.000403e+00 1.000245e+00
1.000214e+00 1.000131e+00
1.000591e+00 1.000358e+00
1.000290e+00 1.000179e+00
1.000518e+00 1.000313e+00
1.000206e+00 1.000127e+00
1.000371e+00 1.000225e+00
1.000235e+00 1.000147e+00
1.000322e+00 1.000189e+00
1.000402e+00 1.000247e+00
1.000487e+00 1.000298e+00
1.000404e+00 1.000245e+00
1.000705e+00 1.000420e+00
1.000586e+00 1.000362e+00
1.000654e+00 1.000403e+00
1.000841e+00 1.000518e+00
1.000870e+00 1.000540e+00
1.001114e+00 1.000683e+00
1.001332e+00 1.000817e+00
1.001201e+00 1.000748e+00
1.001002e+00 1.000627e+00
1.001279e+00 1.000804e+00
1.001221e+00 1.000766e+00
1.001655e+00 1.001035e+00
1.001797e+00 1.001119e+00
1.001662e+00 1.001056e+00
1.002564e+00 1.001621e+00
1.003712e+00 1.002352e+00
1.002499e+00 1.001657e+00
1.002896e+00 1.001901e+00
1.003393e+00 1.002229e+00
1.003440e+00 1.002363e+00
1.001750e+00 1.000797e+00
1.001691e+00 1.001036e+00
1.001713e+00 1.001009e+00
1.001889e+00 1.001213e+00
1.002158e+00 1.001205e+00
1.002056e+00 1.000868e+00
1.002020e+00 1.001208e+00
1.002605e+00 1.001519e+00
1.003592e+00 1.001902e+00
1.002875e+00 1.001122e+00
1.002104e+00 1.001122e+00
1.002350e+00 1.000895e+00
1.002558e+00 1.001261e+00
1.002567e+00 1.001048e+00
1.002505e+00 1.001047e+00
1.002653e+00 1.001670e+00
1.002824e+00 1.001286e+00
1.002283e+00 1.000929e+00
1.002013e+00 1.001115e+00
1.002484e+00 1.001401e+00
1.002623e+00 1.001203e+00
1.002812e+00 1.001893e+00
1.003333e+00 1.002118e+00
1.002670e+00 1.001132e+00
1.002355e+00 1.001362e+00
1.002092e+00 1.001233e+00
1.002467e+00 1.001541e+00
1.002987e+00 1.001889e+00
1.002573e+00 1.001118e+00
1.003161e+00 1.001697e+00
1.004296e+00 1.002637e+00
1.003105e+00 1.001313e+00
1.002525e+00 1.001516e+00
1.002213e+00 1.001369e+00
1.002394e+00 1.001550e+00
1.002987e+00 1.001400e+00
1.003814e+00 1.001759e+00
1.003482e+00 1.001574e+00
1.004238e+00 1.002642e+00
1.004711e+00 1.002810e+00
1.003304e+00 1.001457e+00
1.004126e+00 1.002287e+00
1.005581e+00 1.003235e+00
1.003547e+00 1.001604e+00
1.004353e+00 1.002743e+00
1.004860e+00 1.003039e+00
1.003148e+00 1.001403e+00
1.002551e+00 1.001624e+00
1.002501e+00 1.001630e+00
1.003273e+00 1.002078e+00
1.004156e+00 1.001893e+00
1.003595e+00 1.001585e+00
1.002543e+00 1.001138e+00
1.002301e+00 1.001498e+00
1.002913e+00 1.001923e+00
1.003749e+00 1.001976e+00
1.003022e+00 1.001383e+00
1.003116e+00 1.002013e+00
1.003615e+00 1.002303e+00
1.002715e+00 1.001249e+00
1.002237e+00 1.001464e+00
1.002792e+00 1.001885e+00
1.003662e+00 1.002283e+00
1.003095e+00 1.001430e+00
1.002724e+00 1.001750e+00
1.002761e+00 1.001271e+00
1.003404e+00 1.002128e+00
1.002774e+00 1.001274e+00
1.002334e+00 1.001440e+00
1.002518e+00 1.001642e+00
1.002746e+00 1.001308e+00
1.002763e+00 1.001292e+00
1.003302e+00 1.002117e+00
1.002691e+00 1.001226e+00
1.002181e+00 1.001411e+00
1.002345e+00 1.001598e+00
1.002691e+00 1.001394e+00
1.002568e+00 1.001206e+00
1.002401e+00 1.001507e+00
1.002015e+00 1.000954e+00
1.001778e+00 1.000885e+00
1.001930e+00 1.001332e+00
1.002232e+00 1.001398e+00
1.002221e+00 1.001068e+00
1.002658e+00 1.001671e+00
1.003424e+00 1.001692e+00
1.002673e+00 1.001212e+00
1.002066e+00 1.001335e+00
1.002161e+00 1.001437e+00
1.002809e+00 1.001392e+00
1.002323e+00 1.001094e+00
1.002155e+00 1.001374e+00
1.002214e+00 1.001377e+00
1.002415e+00 1.001578e+00
1.002646e+00 1.001251e+00
1.001965e+00 1.000931e+00
1.001804e+00 1.001201e+00
1.002479e+00 1.001332e+00
1.003392e+00 1.001635e+00
1.002749e+00 1.001287e+00
1.002225e+00 1.001033e+00
1.001626e+00 1.000781e+00
1.001566e+00 1.001062e+00
1.002260e+00 1.001270e+00
1.002407e+00 1.001173e+00
1.002551e+00 1.001708e+00
1.002856e+00 1.001859e+00
1.002396e+00 1.001120e+00
1.001870e+00 1.000911e+00
1.001588e+00 1.001055e+00
1.002173e+00 1.001473e+00
1.002422e+00 1.001545e+00
1.002474e+00 1.001216e+00
1.002520e+00 1.001191e+00
1.001988e+00 1.000931e+00
1.001719e+00 1.001106e+00
1.002231e+00 1.001421e+00
1.002432e+00 1.001529e+00
1.002576e+00 1.001280e+00
1.002212e+00 1.001060e+00
1.002231e+00 1.001410e+00
1.001880e+00 1.000889e+00
1.001447e+00 1.000699e+00
1.001499e+00 1.001040e+00
1.001693e+00 1.000879e+00
1.001814e+00 1.000913e+00
1.001889e+00 1.001076e+00
1.001806e+00 1.000875e+00
1.001409e+00 1.000695e+00
1.001441e+00 1.001004e+00
1.001623e+00 1.000842e+00
1.001582e+00 1.000808e+00
1.002137e+00 1.001412e+00
1.002209e+00 1.001076e+00
1.001690e+00 1.000822e+00
1.001690e+00 1.001122e+00
1.001748e+00 1.000926e+00
1.001583e+00 1.000806e+00
1.001377e+00 1.000776e+00
1.001869e+00 1.001185e+00
1.001954e+00 1.000955e+00
1.002056e+00 1.001308e+00
1.002350e+00 1.001193e+00
1.001579e+00 1.000788e+00
1.001401e+00 1.000935e+00
1.001398e+00 1.000943e+00
1.001890e+00 1.001266e+00
1.001755e+00 1.000871e+00
1.001803e+00 1.001183e+00
1.002438e+00 1.001213e+00
1.001894e+00 1.000941e+00
1.001386e+00 1.000702e+00
1.001445e+00 1.000979e+00
1.001678e+00 1.001138e+00
1.001826e+00 1.000940e+00
1.001890e+00 1.000936e+00
1.001357e+00 1.000704e+00
1.001146e+00 1.000791e+00
1.001331e+00 1.000902e+00
1.001641e+00 1.001108e+00
1.001840e+00 1.000944e+00
1.002277e+00 1.001190e+00
1.002347e+00 1.001165e+00
1.001594e+00 1.000816e+00
1.001415e+00 1.000968e+00
1.001569e+00 1.001090e+00
1.001800e+00 1.000978e+00
1.001638e+00 1.000835e+00
1.001998e+00 1.001337e+00
1.002167e+00 1.001075e+00
1.001474e+00 1.000761e+00
1.001511e+00 1.001052e+00
1.001662e+00 1.000926e+00
1.001537e+00 1.000806e+00
1.001957e+00 1.001289e+00
1.002634e+00 1.001411e+00
1.002231e+00 1.001119e+00
1.002304e+00 1.001522e+00
1.002557e+00 1.001606e+00
1.001830e+00 1.000942e+00
1.001461e+00 1.000999e+00
1.001528e+00 1.001034e+00
1.002006e+00 1.001290e+00
1.002466e+00 1.001558e+00
1.002469e+00 1.001268e+00
1.001737e+00 1.000896e+00
1.001326e+00 1.000910e+00
1.001697e+00 1.001166e+00
1.001839e+00 1.000960e+00
1.001983e+00 1.001321e+00
1.002205e+00 1.001159e+00
1.002789e+00 1.001455e+00
1.002146e+00 1.001104e+00
1.001624e+00 1.001107e+00
1.001988e+00 1.001329e+00
1.002388e+00 1.001575e+00
1.002425e+00 1.001294e+00
1.001973e+00 1.001020e+00
1.001872e+00 1.001248e+00
1.001504e+00 1.000783e+00
1.001352e+00 1.000928e+00
1.001490e+00 1.001032e+00
1.001683e+00 1.000930e+00
1.002128e+00 1.001133e+00
1.002010e+00 1.001040e+00
1.001538e+00 1.000818e+00
1.001280e+00 1.000889e+00
1.001371e+00 1.000971e+00
1.001542e+00 1.000878e+00
1.001517e+00 1.000808e+00
1.001998e+00 1.001310e+00
1.002228e+00 1.001158e+00
1.002765e+00 1.001668e+00
1.003174e+00 1.001998e+00
1.003232e+00 1.001671e+00
1.002179e+00 1.001138e+00
1.001747e+00 1.001166e+00
1.001770e+00 1.001188e+00
1.002254e+00 1.001450e+00
1.002664e+00 1.001683e+00
1.002699e+00 1.001418e+00
1.001847e+00 1.000960e+00
1.001544e+00 1.001054e+00
1.002053e+00 1.001374e+00
1.001950e+00 1.001028e+00
1.002028e+00 1.001384e+00
1.002294e+00 1.001434e+00
1.002033e+00 1.001083e+00
1.001498e+00 1.000801e+00
1.001418e+00 1.000963e+00
1.001804e+00 1.001208e+00
1.002060e+00 1.001349e+00
1.002090e+00 1.001134e+00
1.002555e+00 1.001389e+00
1.002285e+00 1.001224e+00
1.001644e+00 1.000889e+00
1.001421e+00 1.000960e+00
1.001516e+00 1.001057e+00
1.001727e+00 1.001055e+00
