19 2
6 0
8 0
10 0
10 0
9 0
8 0
10 0
10 0
12 0
14 0
16 0
16 0
17 0
19 0
20 0
21 0
19 0
19 0
19 0
17 0
17 0
17 0
17 0
16 0
14 0
14 0
14 0
15 0
15 0
15 11
15 18
15 35
17 43
19 55
17 56
17 64
17 68
17 61
17 69
16 80
14 72
14 79
15 77
15 76
15 72
15 71
15 75
15 73
14 72
14 74
14 72
14 78
14 69
14 71
14 66
15 66
15 72
15 68
15 69
15 70
14 68
14 67
12 71
13 73
12 75
13 74
12 67
12 70
13 67
13 66
13 63
12 66
12 56
12 58
12 57
12 55
12 54
12 60
14 55
14 60
14 60
14 66
15 63
14 63
14 62
12 58
15 57
14 65
16 64
34 60
40 71
43 78
26 85
16 90
17 104
12 99
12 120
15 123
17 119
16 121
13 121
11 122
11 117
18 114
15 113
17 113
18 119
17 126
70 128
45 128
111 118
100 124
91 126
97 128
120 133
66 130
74 128
72 139
80 134
55 143
36 168
25 214
18 266
23 250
42 251
39 235
35 230
166 230
318 232
670 236
170 237
211 241
795 239
