1.000003e+00 1.000001e+00
1.000009e+00 1.000001e+00
1.000002e+00 1.000000e+00
1.000001e+00 1.000000e+00
1.000001e+00 1.000000e+00
1.000001e+00 1.000000e+00
1.000001e+00 1.000000e+00
1.000001e+00 1.000000e+00
1.000001e+00 1.000000e+00
1.000002e+00 1.000000e+00
1.000001e+00 1.000000e+00
1.000001e+00 1.000000e+00
1.000002e+00 1.000000e+00
1.000002e+00 1.000000e+00
1.000002e+00 1.000000e+00
1.000002e+00 1.000000e+00
1.000001e+00 1.000000e+00
1.000002e+00 1.000000e+00
1.000001e+00 1.000000e+00
1.000001e+00 1.000000e+00
1.000001e+00 1.000000e+00
1.000002e+00 1.000000e+00
1.000002e+00 1.000000e+00
1.000002e+00 1.000000e+00
1.000002e+00 1.000000e+00
1.000002e+00 1.000000e+00
1.000001e+00 1.000000e+00
1.000001e+00 1.000000e+00
1.000001e+00 1.000000e+00
1.000001e+00 1.000000e+00
1.000001e+00 1.000000e+00
1.000001e+00 1.000000e+00
1.000006e+00 1.000000e+00
1.000002e+00 1.000000e+00
1.000002e+00 1.000000e+00
1.000003e+00 1.000000e+00
1.000005e+00 1.000001e+00
1.000002e+00 1.000000e+00
1.000001e+00 1.000000e+00
1.000001e+00 1.000000e+00
1.000001e+00 1.000000e+00
1.000001e+00 1.000000e+00
1.000001e+00 1.000001e+00
1.000001e+00 1.000001e+00
1.000002e+00 1.000001e+00
1.000002e+00 1.000001e+00
1.000002e+00 1.000001e+00
1.000001e+00 1.000001e+00
1.000001e+00 1.000001e+00
1.000001e+00 1.000001e+00
1.000001e+00 1.000001e+00
1.000002e+00 1.000001e+00
1.000002e+00 1.000001e+00
1.000003e+00 1.000001e+00
1.000002e+00 1.000001e+00
1.000003e+00 1.000001e+00
1.000002e+00 1.000001e+00
1.000003e+00 1.000001e+00
1.000002e+00 1.000001e+00
1.000002e+00 1.000001e+00
1.000002e+00 1.000001e+00
1.000002e+00 1.000001e+00
1.000002e+00 1.000001e+00
1.000003e+00 1.000001e+00
1.000004e+00 1.000001e+00
1.000003e+00 1.000001e+00
1.000002e+00 1.000001e+00
1.000002e+00 1.000001e+00
1.000002e+00 1.000001e+00
1.000002e+00 1.000001e+00
1.000002e+00 1.000001e+00
1.000002e+00 1.000001e+00
1.000002e+00 1.000001e+00
1.000002e+00 1.000001e+00
1.000002e+00 1.000001e+00
1.000002e+00 1.000001e+00
1.000002e+00 1.000001e+00
1.000002e+00 1.000001e+00
1.000002e+00 1.000001e+00
1.000002e+00 1.000001e+00
1.000002e+00 1.000001e+00
1.000002e+00 1.000001e+00
1.000002e+00 1.000001e+00
1.000002e+00 1.000001e+00
1.000002e+00 1.000001e+00
1.000002e+00 1.000001e+00
1.000004e+00 1.000001e+00
1.000005e+00 1.000001e+00
1.000002e+00 1.000001e+00
1.000009e+00 1.000002e+00
1.000017e+00 1.000002e+00
1.000025e+00 1.000002e+00
1.000029e+00 1.000002e+00
1.000030e+00 1.000003e+00
1.000061e+00 1.000004e+00
1.000007e+00 1.000003e+00
1.000007e+00 1.000003e+00
1.000011e+00 1.000004e+00
1.000024e+00 1.000006e+00
1.000019e+00 1.000006e+00
1.000012e+00 1.000006e+00
1.000009e+00 1.000006e+00
1.000009e+00 1.000006e+00
1.000009e+00 1.000005e+00
1.000031e+00 1.000006e+00
1.000045e+00 1.000005e+00
1.000023e+00 1.000007e+00
1.000024e+00 1.000014e+00
1.000054e+00 1.000033e+00
1.000039e+00 1.000009e+00
1.000117e+00 1.000067e+00
1.000019e+00 1.000009e+00
1.000058e+00 1.000008e+00
1.000033e+00 1.000008e+00
1.000018e+00 1.000006e+00
1.000072e+00 1.000008e+00
1.000027e+00 1.000008e+00
1.000013e+00 1.000006e+00
1.000027e+00 1.000007e+00
1.000122e+00 1.000007e+00
1.000038e+00 1.000006e+00
1.000013e+00 1.000006e+00
1.000017e+00 1.000008e+00
1.000066e+00 1.000048e+00
1.000464e+00 1.000400e+00
1.002906e+00 1.002775e+00
1.008967e+00 1.008820e+00
1.016483e+00 1.015647e+00
1.023308e+00 1.022006e+00
1.030607e+00 1.028609e+00
1.037031e+00 1.035571e+00
1.045453e+00 1.041752e+00
1.054165e+00 1.047969e+00
1.058785e+00 1.056205e+00
