13 140
14 116
14 121
13 135
12 139
12 150
12 161
15 163
16 164
15 162
13 158
14 159
13 167
12 166
13 166
13 150
12 153
13 158
12 165
12 166
13 161
13 164
13 168
13 173
13 177
13 175
13 179
14 170
13 179
13 200
13 206
13 207
12 203
13 205
12 197
12 196
11 180
12 182
13 174
13 165
13 169
13 181
13 174
14 180
13 180
13 179
12 177
12 178
11 175
11 182
11 175
11 172
11 169
11 174
12 158
12 172
13 181
12 180
12 176
13 169
12 158
12 169
12 173
12 175
13 177
13 168
12 172
12 164
12 166
12 158
14 173
12 172
12 164
13 162
13 160
12 160
12 169
11 165
11 160
12 155
12 176
12 152
12 157
12 157
12 168
12 172
12 164
12 152
13 162
12 169
12 165
12 158
12 153
12 166
12 157
13 150
12 164
12 166
12 158
12 149
12 145
8 148
8 150
8 151
8 151
8 155
8 151
8 153
7 152
7 154
7 150
7 148
7 155
7 151
7 151
7 152
7 151
7 150
