1 3.156385e-02 3.937607e-02 1.748139e-08 3.216379e-02
2 3.339590e-03 4.863777e-03 1.678443e-08 3.517829e-03
3 9.769923e-03 1.281302e-02 1.670394e-08 1.004223e-02
4 3.654104e-03 6.360341e-03 1.665014e-08 4.030602e-03
5 3.361618e-03 5.706739e-03 1.662224e-08 3.686215e-03
6 2.335452e-03 3.953508e-03 1.660351e-08 2.512663e-03
7 1.971250e-03 3.290104e-03 1.659019e-08 2.104819e-03
8 1.648990e-03 2.705584e-03 1.658057e-08 1.757406e-03
9 1.349623e-03 2.138536e-03 1.657379e-08 1.432433e-03
10 1.097774e-03 1.673235e-03 1.656909e-08 1.166215e-03
11 8.925111e-04 1.309804e-03 1.656582e-08 9.537592e-04
12 7.328764e-04 1.103401e-03 1.656354e-08 7.867332e-04
13 6.048432e-04 9.218639e-04 1.656191e-08 6.508547e-04
1 4.337334e-02 5.279942e-02 1.909148e-08 4.523290e-02
2 3.839254e-03 5.422308e-03 1.675576e-08 4.266583e-03
3 9.449634e-03 1.113968e-02 1.667938e-08 9.868387e-03
4 3.752564e-03 5.797104e-03 1.662821e-08 3.931893e-03
5 3.587180e-03 4.792801e-03 1.659885e-08 3.732886e-03
6 2.656135e-03 3.767810e-03 1.657927e-08 2.815495e-03
7 2.202234e-03 3.081958e-03 1.656597e-08 2.337997e-03
8 1.794150e-03 2.597906e-03 1.655686e-08 1.918223e-03
9 1.475458e-03 2.160624e-03 1.655060e-08 1.580940e-03
10 1.214330e-03 1.795664e-03 1.654628e-08 1.303915e-03
11 1.001739e-03 1.481781e-03 1.654329e-08 1.076248e-03
12 8.281896e-04 1.219650e-03 1.654121e-08 8.898156e-04
13 6.856650e-04 1.006942e-03 1.653975e-08 7.371803e-04
14 5.685943e-04 8.328109e-04 1.653873e-08 6.120089e-04
1 5.606287e-02 7.199015e-02 2.239917e-08 5.926015e-02
2 5.855800e-03 9.683107e-03 1.637688e-08 6.527766e-03
3 9.217841e-03 1.089941e-02 1.630545e-08 9.879944e-03
4 4.317804e-03 6.028902e-03 1.625907e-08 4.582949e-03
5 3.659813e-03 4.902018e-03 1.623166e-08 3.774966e-03
6 2.793243e-03 3.815025e-03 1.621342e-08 2.901550e-03
7 2.257224e-03 3.394376e-03 1.620107e-08 2.381862e-03
8 1.833307e-03 2.954486e-03 1.619269e-08 1.963121e-03
9 1.497228e-03 2.504801e-03 1.618699e-08 1.617750e-03
10 1.224616e-03 2.101166e-03 1.618311e-08 1.331128e-03
11 1.002901e-03 1.752159e-03 1.618046e-08 1.094465e-03
12 8.224805e-04 1.457852e-03 1.617864e-08 9.001414e-04
13 6.755830e-04 1.213012e-03 1.617739e-08 7.411308e-04
14 5.560077e-04 1.009894e-03 1.617652e-08 6.111944e-04
1 6.732395e-02 9.310012e-02 2.699250e-08 7.130113e-02
2 7.526300e-03 1.178202e-02 1.610644e-08 8.146523e-03
3 1.032826e-02 1.195746e-02 1.601312e-08 1.092325e-02
4 3.919414e-03 6.011665e-03 1.597440e-08 4.290711e-03
5 3.043858e-03 3.769233e-03 1.595405e-08 3.135740e-03
6 2.303237e-03 3.293398e-03 1.594090e-08 2.394326e-03
7 1.876792e-03 2.835108e-03 1.593195e-08 1.966815e-03
8 1.552042e-03 2.378929e-03 1.592570e-08 1.630616e-03
9 1.296375e-03 1.984106e-03 1.592127e-08 1.362204e-03
10 1.070942e-03 1.692982e-03 1.591813e-08 1.131988e-03
11 8.802217e-04 1.452812e-03 1.591592e-08 9.388749e-04
12 7.255462e-04 1.237600e-03 1.591435e-08 7.798748e-04
13 6.074692e-04 1.027451e-03 1.591321e-08 6.512601e-04
1 8.169498e-02 1.106450e-01 3.302550e-08 8.542525e-02
2 1.061677e-02 1.806009e-02 1.709874e-08 1.124807e-02
3 1.190375e-02 1.448061e-02 1.648272e-08 1.240075e-02
4 1.274798e-02 1.948565e-02 1.637114e-08 1.320503e-02
5 3.626432e-03 7.438370e-03 1.632307e-08 4.111327e-03
6 2.767030e-03 6.225456e-03 1.629996e-08 3.084028e-03
7 1.791419e-03 3.374975e-03 1.628692e-08 1.893386e-03
8 1.363930e-03 2.197267e-03 1.627932e-08 1.480559e-03
9 1.082693e-03 1.850867e-03 1.627459e-08 1.195306e-03
10 8.660063e-04 1.522829e-03 1.627153e-08 9.646906e-04
11 7.000779e-04 1.243736e-03 1.626951e-08 7.817730e-04
12 5.680348e-04 1.012987e-03 1.626813e-08 6.343417e-04
1 1.029638e-01 1.276831e-01 4.453974e-08 1.061577e-01
2 7.458585e-03 1.003481e-02 1.745928e-08 7.860527e-03
3 1.369706e-02 1.711870e-02 1.652778e-08 1.423373e-02
4 1.405819e-02 1.984487e-02 1.631907e-08 1.465384e-02
5 3.640383e-03 6.978616e-03 1.622573e-08 4.125421e-03
6 3.911669e-03 7.686744e-03 1.618976e-08 4.478526e-03
7 1.867891e-03 3.693924e-03 1.616952e-08 1.982512e-03
8 1.633514e-03 3.227146e-03 1.615504e-08 1.722569e-03
9 1.131704e-03 2.244559e-03 1.614636e-08 1.224929e-03
10 8.587530e-04 1.561374e-03 1.614136e-08 9.373621e-04
11 6.839572e-04 1.121098e-03 1.613843e-08 7.442346e-04
12 5.546989e-04 8.535418e-04 1.613661e-08 6.002693e-04
1 1.021361e-01 1.242427e-01 4.064892e-07 1.057327e-01
2 1.034412e-02 1.958798e-02 1.859351e-08 1.140468e-02
3 9.794874e-03 3.552826e-02 1.702422e-08 1.437950e-02
4 7.172321e-03 1.140427e-02 1.674273e-08 7.823329e-03
5 5.636150e-03 1.275291e-02 1.664694e-08 6.926817e-03
6 3.473234e-03 5.719813e-03 1.658967e-08 3.919538e-03
7 2.624199e-03 5.047944e-03 1.656644e-08 2.967114e-03
8 1.607728e-03 2.567816e-03 1.655404e-08 1.787305e-03
9 1.088492e-03 1.971655e-03 1.654774e-08 1.180509e-03
10 6.869650e-04 9.764760e-04 1.654378e-08 7.275194e-04
11 5.232280e-04 8.367487e-04 1.654140e-08 5.577613e-04
12 4.006982e-04 5.786994e-04 1.653949e-08 4.260401e-04
1 5.081307e-02 9.370377e-02 8.558564e-08 5.605095e-02
2 1.006355e-02 1.472021e-02 1.901488e-08 1.111866e-02
3 1.331386e-02 2.263762e-02 1.811060e-08 1.410032e-02
4 1.112004e-02 1.866453e-02 1.759486e-08 1.195477e-02
5 9.151843e-03 1.590127e-02 1.733813e-08 9.967510e-03
6 5.917787e-03 1.142935e-02 1.715369e-08 6.682210e-03
7 5.590762e-03 1.096658e-02 1.705405e-08 6.533948e-03
8 3.862204e-03 6.553883e-03 1.700155e-08 4.195693e-03
9 3.269800e-03 6.346985e-03 1.695495e-08 3.767809e-03
10 2.080670e-03 3.379259e-03 1.694280e-08 2.227411e-03
11 1.637474e-03 2.839723e-03 1.693603e-08 1.800341e-03
12 9.939887e-04 1.610882e-03 1.693310e-08 1.061785e-03
13 6.839031e-04 1.015184e-03 1.693181e-08 7.278541e-04
14 4.662634e-04 6.694887e-04 1.693110e-08 4.940747e-04
15 3.284478e-04 4.718589e-04 1.693068e-08 3.493166e-04
1 5.260947e-02 7.580743e-02 5.006302e-08 5.566692e-02
2 8.250646e-03 1.032600e-02 1.826863e-08 8.660409e-03
3 1.641216e-02 2.132526e-02 1.776340e-08 1.709436e-02
4 6.425711e-03 1.218270e-02 1.736031e-08 7.342203e-03
5 1.035648e-02 1.632593e-02 1.723878e-08 1.128492e-02
6 5.227492e-03 6.924674e-03 1.710489e-08 5.553430e-03
7 5.468518e-03 9.819259e-03 1.703372e-08 6.208837e-03
8 2.782178e-03 4.329926e-03 1.698268e-08 2.931123e-03
9 2.886616e-03 4.640339e-03 1.697008e-08 3.197967e-03
10 2.705102e-03 3.576785e-03 1.696651e-08 2.915573e-03
11 1.676515e-03 3.035201e-03 1.696167e-08 1.801027e-03
12 1.547230e-03 1.988243e-03 1.695658e-08 1.624142e-03
13 1.122976e-03 1.504829e-03 1.695337e-08 1.184680e-03
14 7.668648e-04 1.057899e-03 1.695169e-08 8.039010e-04
15 5.567758e-04 7.471164e-04 1.695092e-08 5.814363e-04
16 3.832720e-04 4.985376e-04 1.695052e-08 4.006967e-04
1 4.740241e-02 6.302900e-02 3.801517e-08 5.053651e-02
2 5.688853e-03 8.674949e-03 1.775768e-08 6.209500e-03
3 1.892423e-02 2.136557e-02 1.761772e-08 1.944184e-02
4 5.814459e-03 1.083274e-02 1.720468e-08 6.625318e-03
5 7.339136e-03 1.214811e-02 1.704700e-08 7.880337e-03
6 3.653065e-03 6.057381e-03 1.698836e-08 4.112078e-03
7 6.054463e-03 8.086653e-03 1.698092e-08 6.458289e-03
8 2.230601e-03 3.911365e-03 1.693915e-08 2.404600e-03
9 1.937339e-03 3.323908e-03 1.691182e-08 2.191313e-03
10 1.631846e-03 2.332237e-03 1.689880e-08 1.773094e-03
11 1.472543e-03 2.216007e-03 1.689323e-08 1.609754e-03
12 9.710925e-04 1.271191e-03 1.689091e-08 1.027884e-03
13 7.034517e-04 9.085605e-04 1.688972e-08 7.429756e-04
14 5.056716e-04 6.891177e-04 1.688909e-08 5.358078e-04
15 3.387731e-04 4.987310e-04 1.688875e-08 3.757674e-04
1 4.677872e-02 6.391958e-02 3.703501e-08 4.997962e-02
2 5.633872e-03 9.142268e-03 1.785406e-08 5.990720e-03
3 1.472367e-02 1.716228e-02 1.749068e-08 1.518520e-02
4 4.048435e-03 8.338756e-03 1.724945e-08 4.777987e-03
5 7.069715e-03 1.265450e-02 1.717329e-08 7.666036e-03
6 2.552921e-03 4.158308e-03 1.711522e-08 2.758097e-03
7 3.108105e-03 5.804478e-03 1.709328e-08 3.571904e-03
8 1.860236e-03 3.032634e-03 1.708135e-08 2.013780e-03
9 1.567632e-03 2.776176e-03 1.707475e-08 1.748357e-03
10 1.129451e-03 1.876384e-03 1.707107e-08 1.231289e-03
11 8.179931e-04 1.259814e-03 1.706904e-08 8.849211e-04
12 6.067133e-04 8.889826e-04 1.706789e-08 6.478398e-04
13 4.610759e-04 6.273466e-04 1.706720e-08 4.852365e-04
1 6.742193e-02 7.247542e-02 4.581210e-08 6.891941e-02
2 7.797000e-03 9.192533e-03 1.832614e-08 8.016455e-03
3 2.437526e-02 2.575833e-02 1.800107e-08 2.503729e-02
4 5.038215e-03 7.731080e-03 1.759242e-08 5.399229e-03
5 1.192824e-02 1.544498e-02 1.754130e-08 1.240607e-02
6 1.872282e-03 3.064140e-03 1.742458e-08 2.085485e-03
7 3.511910e-03 6.398974e-03 1.740739e-08 3.872565e-03
8 1.208998e-03 2.099990e-03 1.740336e-08 1.341066e-03
9 1.337010e-03 2.692176e-03 1.739663e-08 1.567543e-03
10 8.657424e-04 1.698885e-03 1.739501e-08 1.027253e-03
11 9.583833e-04 1.979924e-03 1.739409e-08 1.118468e-03
12 5.493580e-04 9.255693e-04 1.739120e-08 5.942881e-04
13 6.680444e-04 1.316668e-03 1.739055e-08 7.509650e-04
14 3.898971e-04 7.066676e-04 1.738967e-08 4.171891e-04
1 6.341815e-02 8.986623e-02 5.576669e-08 6.598896e-02
2 7.640861e-03 1.210884e-02 1.850874e-08 8.115796e-03
3 1.937410e-02 2.877023e-02 1.808351e-08 2.016432e-02
4 5.199094e-03 9.237971e-03 1.765197e-08 5.636061e-03
5 1.044203e-02 1.973719e-02 1.757582e-08 1.157294e-02
6 2.150555e-03 4.633440e-03 1.742945e-08 2.469246e-03
7 4.691712e-03 9.737736e-03 1.740329e-08 5.316112e-03
8 1.429260e-03 2.621904e-03 1.738369e-08 1.600543e-03
9 1.408149e-03 3.288016e-03 1.738137e-08 1.759171e-03
10 9.317029e-04 1.807418e-03 1.737808e-08 1.059816e-03
11 6.306242e-04 1.578474e-03 1.737410e-08 7.459474e-04
12 5.121183e-04 9.617330e-04 1.737393e-08 5.812039e-04
13 3.958395e-04 5.549137e-04 1.737388e-08 4.291196e-04
1 5.936667e-02 1.067003e-01 6.334513e-08 6.493629e-02
2 8.905730e-03 1.298964e-02 1.866727e-08 9.610958e-03
3 1.848066e-02 3.165561e-02 1.819807e-08 2.106648e-02
4 6.703159e-03 1.288798e-02 1.773770e-08 7.942838e-03
5 1.201488e-02 2.325513e-02 1.765381e-08 1.416326e-02
6 3.015450e-03 5.704119e-03 1.743736e-08 3.300606e-03
7 6.352944e-03 1.307182e-02 1.739403e-08 7.576907e-03
8 1.540918e-03 2.961794e-03 1.735902e-08 1.710153e-03
9 2.145684e-03 4.179729e-03 1.734874e-08 2.521042e-03
10 8.440279e-04 2.080578e-03 1.734763e-08 9.962878e-04
11 7.454684e-04 1.464632e-03 1.734709e-08 8.785049e-04
12 6.159517e-04 1.413843e-03 1.734254e-08 7.243661e-04
1 6.828244e-02 1.036939e-01 6.809831e-08 7.575515e-02
2 1.109585e-02 1.381241e-02 1.878363e-08 1.184796e-02
3 2.333188e-02 2.567991e-02 1.801049e-08 2.427029e-02
4 1.712193e-02 1.942270e-02 1.755371e-08 1.812628e-02
5 1.293497e-02 1.837210e-02 1.738606e-08 1.443977e-02
6 4.891076e-03 9.819536e-03 1.721308e-08 5.837971e-03
7 7.115894e-03 1.216492e-02 1.716367e-08 8.153831e-03
8 1.950638e-03 3.802070e-03 1.711082e-08 2.271439e-03
9 2.748828e-03 5.109780e-03 1.709898e-08 3.117373e-03
10 9.990072e-04 1.889343e-03 1.709179e-08 1.163286e-03
11 7.051019e-04 1.398720e-03 1.709072e-08 7.916296e-04
12 4.789182e-04 7.998397e-04 1.708813e-08 5.406599e-04
13 3.145511e-04 7.594378e-04 1.708776e-08 4.042181e-04
1 7.461922e-02 9.222292e-02 6.167081e-08 8.142698e-02
2 1.143626e-02 1.263729e-02 1.889619e-08 1.197071e-02
3 2.430996e-02 2.718172e-02 1.790860e-08 2.503431e-02
4 2.300436e-02 2.567607e-02 1.745750e-08 2.388550e-02
5 1.212717e-02 1.496404e-02 1.723956e-08 1.313537e-02
6 6.880633e-03 1.155925e-02 1.710902e-08 8.133977e-03
7 5.993868e-03 9.729146e-03 1.705090e-08 6.747034e-03
8 2.332158e-03 4.717043e-03 1.701617e-08 2.926690e-03
9 2.562164e-03 4.615311e-03 1.700222e-08 2.926936e-03
10 9.820248e-04 1.801542e-03 1.699614e-08 1.143158e-03
11 6.764562e-04 1.082491e-03 1.699297e-08 7.584519e-04
12 4.413965e-04 8.897914e-04 1.699078e-08 5.135483e-04
13 3.618348e-04 8.314761e-04 1.698907e-08 4.336311e-04
1 7.420524e-02 9.181878e-02 5.198173e-08 8.048590e-02
2 9.773734e-03 1.105333e-02 1.846099e-08 1.009914e-02
3 2.802122e-02 3.280089e-02 1.760201e-08 2.886761e-02
4 1.855252e-02 2.071757e-02 1.717048e-08 1.932338e-02
5 1.421186e-02 1.843303e-02 1.700676e-08 1.571430e-02
6 4.809417e-03 8.081711e-03 1.685991e-08 5.627032e-03
7 6.524960e-03 1.064463e-02 1.681589e-08 7.504411e-03
8 1.556407e-03 3.013103e-03 1.678656e-08 1.906889e-03
9 1.841353e-03 3.366683e-03 1.677809e-08 2.127457e-03
10 7.386567e-04 1.232487e-03 1.677385e-08 8.564439e-04
11 5.439802e-04 9.592504e-04 1.677102e-08 6.204033e-04
12 4.231244e-04 9.067841e-04 1.676888e-08 4.949755e-04
1 7.362116e-02 9.850804e-02 4.445770e-08 7.968937e-02
2 1.033081e-02 1.142467e-02 1.875905e-08 1.071931e-02
3 2.596344e-02 3.305914e-02 1.766948e-08 2.676979e-02
4 1.949176e-02 2.215675e-02 1.726322e-08 2.030681e-02
5 1.243298e-02 1.577130e-02 1.709491e-08 1.361331e-02
6 5.248056e-03 8.857999e-03 1.699763e-08 6.152795e-03
7 5.322392e-03 8.566606e-03 1.695957e-08 6.047570e-03
8 1.887099e-03 3.542801e-03 1.693813e-08 2.292427e-03
9 1.802285e-03 3.179275e-03 1.692845e-08 2.093240e-03
10 8.923947e-04 1.502121e-03 1.692302e-08 1.032312e-03
11 6.569158e-04 1.057597e-03 1.691938e-08 7.420675e-04
12 5.088896e-04 9.804797e-04 1.691672e-08 5.773340e-04
13 4.226239e-04 9.100844e-04 1.691468e-08 4.902253e-04
1 7.068244e-02 1.026385e-01 4.049823e-08 7.649550e-02
2 9.801713e-03 1.129632e-02 1.877818e-08 1.024576e-02
3 2.670516e-02 3.647366e-02 1.800414e-08 2.770270e-02
4 1.593846e-02 1.881665e-02 1.763957e-08 1.667769e-02
5 1.320654e-02 1.674617e-02 1.751190e-08 1.461341e-02
6 3.654270e-03 6.251474e-03 1.741536e-08 4.274533e-03
7 4.611359e-03 7.564376e-03 1.738815e-08 5.285775e-03
8 1.128604e-03 2.093442e-03 1.737461e-08 1.281511e-03
9 1.043892e-03 1.764788e-03 1.736914e-08 1.173494e-03
10 6.290206e-04 1.116810e-03 1.736558e-08 7.142758e-04
11 5.032200e-04 1.067342e-03 1.736293e-08 5.846441e-04
12 4.215084e-04 1.005941e-03 1.736085e-08 5.074147e-04
1 7.261977e-02 1.071865e-01 4.098001e-08 7.811323e-02
2 9.865564e-03 1.140109e-02 1.897530e-08 1.033389e-02
3 2.540701e-02 3.821155e-02 1.819667e-08 2.651540e-02
4 1.678338e-02 1.982323e-02 1.785424e-08 1.761771e-02
5 1.192139e-02 1.469768e-02 1.771579e-08 1.310427e-02
6 4.332953e-03 6.758836e-03 1.763154e-08 5.087323e-03
7 4.450085e-03 6.956463e-03 1.760451e-08 5.051532e-03
8 1.862376e-03 3.253161e-03 1.760220e-08 2.262923e-03
9 1.664584e-03 2.333058e-03 1.757875e-08 1.771166e-03
10 7.188370e-04 1.181969e-03 1.757441e-08 8.131442e-04
11 5.180926e-04 1.153104e-03 1.757183e-08 6.018916e-04
12 4.300332e-04 1.012772e-03 1.756999e-08 5.088708e-04
1 7.574319e-02 1.092731e-01 4.656387e-08 8.086646e-02
2 1.066478e-02 1.256038e-02 2.063585e-08 1.111242e-02
3 2.100678e-02 3.791914e-02 1.841248e-08 2.219970e-02
4 2.079436e-02 2.512751e-02 1.791626e-08 2.197746e-02
5 9.407496e-03 1.239339e-02 1.769404e-08 1.041544e-02
6 5.979979e-03 9.853125e-03 1.758895e-08 6.974229e-03
7 3.568742e-03 6.364344e-03 1.754055e-08 4.077246e-03
8 2.219225e-03 4.319943e-03 1.751658e-08 2.616254e-03
9 1.510244e-03 2.752906e-03 1.750404e-08 1.697593e-03
10 1.009655e-03 1.675882e-03 1.749643e-08 1.100361e-03
11 7.524047e-04 1.142245e-03 1.749117e-08 8.046025e-04
12 6.114187e-04 1.090750e-03 1.748701e-08 6.615450e-04
13 5.319843e-04 1.041403e-03 1.748336e-08 5.857088e-04
1 7.346167e-02 1.057995e-01 5.542974e-08 7.832416e-02
2 1.024388e-02 1.323262e-02 1.984226e-08 1.079248e-02
3 1.531503e-02 2.029467e-02 1.840297e-08 1.586289e-02
4 2.448813e-02 3.290695e-02 1.803209e-08 2.634917e-02
5 5.929598e-03 8.030374e-03 1.768081e-08 6.467947e-03
6 9.522966e-03 1.396844e-02 1.762017e-08 1.088503e-02
7 1.651932e-03 2.905091e-03 1.752636e-08 1.837793e-03
8 2.789689e-03 4.540528e-03 1.752105e-08 3.103604e-03
9 2.295488e-03 3.415311e-03 1.751562e-08 2.526619e-03
10 1.323686e-03 2.139213e-03 1.749524e-08 1.488111e-03
11 8.589389e-04 1.701970e-03 1.748686e-08 9.797908e-04
12 6.523574e-04 1.185690e-03 1.748362e-08 7.200385e-04
13 5.062846e-04 1.019400e-03 1.748150e-08 5.650396e-04
1 6.972818e-02 1.015560e-01 7.130751e-08 7.501967e-02
2 1.096435e-02 1.303256e-02 2.003873e-08 1.138683e-02
3 1.743521e-02 3.649288e-02 1.873018e-08 1.938528e-02
4 1.774567e-02 2.130965e-02 1.829629e-08 1.917624e-02
5 7.455587e-03 1.297897e-02 1.807695e-08 8.644426e-03
6 4.589647e-03 8.259483e-03 1.795449e-08 5.408995e-03
7 4.015132e-03 7.218602e-03 1.789054e-08 4.584160e-03
8 2.106460e-03 4.067349e-03 1.785687e-08 2.419787e-03
9 1.796836e-03 3.139154e-03 1.783991e-08 2.023670e-03
10 1.094331e-03 1.821547e-03 1.783044e-08 1.204649e-03
11 8.347895e-04 1.281810e-03 1.782434e-08 9.066921e-04
12 6.076033e-04 1.145975e-03 1.782033e-08 6.679898e-04
13 4.816296e-04 1.071535e-03 1.781738e-08 5.497779e-04
1 5.856340e-02 8.984875e-02 8.738077e-08 6.476411e-02
2 9.803176e-03 1.232036e-02 2.059068e-08 1.036925e-02
3 1.093610e-02 2.819353e-02 1.901784e-08 1.338518e-02
4 1.553680e-02 2.439867e-02 1.854251e-08 1.767437e-02
5 5.729419e-03 1.145561e-02 1.828523e-08 6.771075e-03
6 5.025472e-03 1.024620e-02 1.814344e-08 5.946002e-03
7 3.217910e-03 6.342378e-03 1.805674e-08 3.655144e-03
8 2.817198e-03 6.118677e-03 1.801159e-08 3.292551e-03
9 1.621710e-03 3.135481e-03 1.798844e-08 1.828399e-03
10 1.181311e-03 2.946619e-03 1.797754e-08 1.354931e-03
11 7.657045e-04 1.441862e-03 1.797176e-08 8.477303e-04
12 5.572710e-04 9.634748e-04 1.796823e-08 6.205238e-04
13 4.305886e-04 9.121430e-04 1.796577e-08 5.016213e-04
1 4.404787e-02 8.084127e-02 9.872123e-08 5.262570e-02
2 7.389768e-03 1.337887e-02 2.073130e-08 7.955865e-03
3 1.119903e-02 2.201759e-02 1.929595e-08 1.268370e-02
4 1.191989e-02 2.298732e-02 1.885795e-08 1.383148e-02
5 5.806117e-03 1.059624e-02 1.860369e-08 6.456635e-03
6 4.586979e-03 9.836666e-03 1.844651e-08 5.534844e-03
7 3.031492e-03 6.152957e-03 1.834550e-08 3.503415e-03
8 2.652268e-03 6.209086e-03 1.828992e-08 3.231263e-03
9 1.658135e-03 3.981732e-03 1.826060e-08 1.935798e-03
10 1.242429e-03 3.397932e-03 1.824677e-08 1.458709e-03
11 8.578381e-04 1.775190e-03 1.823945e-08 9.595775e-04
12 7.080544e-04 1.284581e-03 1.823477e-08 7.707368e-04
13 6.284983e-04 9.796211e-04 1.823159e-08 6.877792e-04
1 3.618030e-02 7.126338e-02 9.461187e-08 4.261103e-02
2 7.968385e-03 1.400203e-02 2.000721e-08 8.412130e-03
3 9.105444e-03 1.516523e-02 1.913260e-08 1.038670e-02
4 7.964881e-03 1.235001e-02 1.873679e-08 8.411158e-03
5 6.360922e-03 1.042521e-02 1.850517e-08 6.856718e-03
6 3.540329e-03 8.136727e-03 1.834379e-08 3.817981e-03
7 3.764853e-03 7.312014e-03 1.824985e-08 4.303792e-03
8 1.926991e-03 5.390888e-03 1.819456e-08 2.224325e-03
9 1.908766e-03 4.714441e-03 1.816817e-08 2.266848e-03
10 1.046811e-03 2.394206e-03 1.815616e-08 1.189658e-03
11 8.003725e-04 1.641652e-03 1.815049e-08 9.087564e-04
12 5.603319e-04 1.041466e-03 1.814727e-08 6.201192e-04
13 4.375990e-04 8.049211e-04 1.814503e-08 4.936502e-04
1 3.354817e-02 8.013921e-02 8.539639e-08 3.892230e-02
2 6.198066e-03 1.210602e-02 2.041019e-08 6.662974e-03
3 8.292338e-03 1.263054e-02 1.906876e-08 9.179247e-03
4 8.545807e-03 1.396354e-02 1.865545e-08 9.007567e-03
5 4.486076e-03 7.992549e-03 1.840393e-08 4.899684e-03
6 4.112861e-03 8.812373e-03 1.825161e-08 4.582647e-03
7 2.735343e-03 4.987623e-03 1.814825e-08 2.967990e-03
8 2.707252e-03 6.780020e-03 1.809255e-08 3.106162e-03
9 1.604699e-03 2.932329e-03 1.806112e-08 1.774343e-03
10 1.280104e-03 3.180867e-03 1.804735e-08 1.459977e-03
11 8.196070e-04 1.435387e-03 1.804142e-08 9.012300e-04
12 5.998125e-04 8.950932e-04 1.803835e-08 6.482994e-04
13 4.597098e-04 7.413726e-04 1.803641e-08 5.019429e-04
1 3.136801e-02 8.048943e-02 7.895961e-08 3.654586e-02
2 5.517682e-03 1.162061e-02 2.035144e-08 6.188971e-03
3 6.476987e-03 1.074124e-02 1.895789e-08 7.120822e-03
4 8.897153e-03 1.449150e-02 1.854019e-08 9.571076e-03
5 3.432134e-03 7.150128e-03 1.825737e-08 3.769683e-03
6 4.776233e-03 9.082704e-03 1.811466e-08 5.402305e-03
7 2.170182e-03 4.889390e-03 1.799436e-08 2.343168e-03
8 2.928863e-03 7.550487e-03 1.794529e-08 3.407594e-03
9 1.460449e-03 2.149070e-03 1.791381e-08 1.542263e-03
10 1.396294e-03 2.769560e-03 1.790144e-08 1.524885e-03
11 9.671195e-04 1.418163e-03 1.789522e-08 1.034706e-03
12 7.357155e-04 9.722395e-04 1.789162e-08 7.824711e-04
13 5.639612e-04 7.130836e-04 1.788917e-08 6.024168e-04
14 4.485873e-04 6.717313e-04 1.788728e-08 4.836460e-04
1 3.017451e-02 8.154587e-02 7.333045e-08 3.553171e-02
2 6.365616e-03 1.196501e-02 1.949505e-08 6.934969e-03
3 8.346597e-03 1.676859e-02 1.879123e-08 9.467451e-03
4 5.904478e-03 9.348163e-03 1.845180e-08 6.240026e-03
5 4.726438e-03 8.721688e-03 1.825173e-08 5.240437e-03
6 2.545289e-03 6.766955e-03 1.811164e-08 2.930131e-03
7 3.046668e-03 6.819932e-03 1.803059e-08 3.490354e-03
8 1.780004e-03 3.643545e-03 1.798135e-08 1.971806e-03
9 1.666761e-03 3.782720e-03 1.795838e-08 1.897303e-03
10 1.094877e-03 1.593711e-03 1.794833e-08 1.180020e-03
11 8.307092e-04 1.073420e-03 1.794364e-08 8.845028e-04
12 6.267088e-04 7.942244e-04 1.794093e-08 6.692232e-04
13 4.931550e-04 7.281982e-04 1.793916e-08 5.278773e-04
1 3.023026e-02 7.966148e-02 7.294522e-08 3.573200e-02
2 3.890918e-03 9.262212e-03 1.916479e-08 4.768826e-03
3 9.569291e-03 1.638387e-02 1.854711e-08 1.047242e-02
4 4.887162e-03 1.045389e-02 1.829010e-08 5.724341e-03
5 3.766363e-03 6.919193e-03 1.815335e-08 4.319685e-03
6 2.712180e-03 5.756838e-03 1.807637e-08 2.960094e-03
7 2.400973e-03 3.960504e-03 1.803586e-08 2.619820e-03
8 1.699593e-03 2.621931e-03 1.801420e-08 1.815170e-03
9 1.322680e-03 1.964372e-03 1.800187e-08 1.415516e-03
10 9.810863e-04 1.327131e-03 1.799445e-08 1.050319e-03
11 7.461885e-04 9.402996e-04 1.798997e-08 7.969872e-04
12 5.884584e-04 7.601813e-04 1.798698e-08 6.278812e-04
13 4.787972e-04 6.562329e-04 1.798480e-08 5.085377e-04
1 1.830650e-02 6.567166e-02 6.651236e-08 2.325112e-02
2 4.957134e-03 1.176111e-02 1.986519e-08 5.796421e-03
3 6.810740e-03 1.196730e-02 1.908604e-08 7.477569e-03
4 6.080214e-03 1.359213e-02 1.876062e-08 6.943165e-03
5 3.598185e-03 9.734421e-03 1.856406e-08 4.091851e-03
6 2.973708e-03 1.001211e-02 1.844073e-08 3.477363e-03
7 2.397912e-03 6.737411e-03 1.836664e-08 2.747770e-03
8 1.886645e-03 5.375401e-03 1.832413e-08 2.159957e-03
9 1.406180e-03 3.263669e-03 1.830434e-08 1.551011e-03
10 1.075272e-03 1.859728e-03 1.829459e-08 1.155593e-03
11 8.248813e-04 1.271594e-03 1.828912e-08 8.818341e-04
12 6.180446e-04 8.941249e-04 1.828579e-08 6.646142e-04
13 4.855645e-04 6.896430e-04 1.828351e-08 5.250145e-04
1 2.517776e-02 7.154557e-02 6.210088e-08 3.034567e-02
2 5.076872e-03 1.312951e-02 2.047233e-08 5.994195e-03
3 7.112835e-03 1.247296e-02 1.929819e-08 7.818155e-03
4 8.747435e-03 1.803727e-02 1.893264e-08 1.052091e-02
5 3.557740e-03 8.531494e-03 1.871252e-08 3.957445e-03
6 4.186852e-03 1.258848e-02 1.859393e-08 4.912367e-03
7 2.092532e-03 5.120747e-03 1.851679e-08 2.312645e-03
8 2.244526e-03 6.544473e-03 1.847847e-08 2.595681e-03
9 1.268731e-03 2.142299e-03 1.846010e-08 1.355153e-03
10 1.092026e-03 1.944634e-03 1.845090e-08 1.181466e-03
11 8.077727e-04 1.421958e-03 1.844538e-08 8.753363e-04
12 6.452631e-04 1.112772e-03 1.844159e-08 7.050741e-04
13 5.238341e-04 8.711807e-04 1.843883e-08 5.756976e-04
1 3.131679e-02 7.091291e-02 6.856379e-08 3.682310e-02
2 5.667462e-03 1.329168e-02 2.019872e-08 6.344158e-03
3 7.503188e-03 1.269559e-02 1.927433e-08 8.034852e-03
4 8.182822e-03 1.813837e-02 1.899815e-08 1.002921e-02
5 4.145277e-03 8.300246e-03 1.885842e-08 4.619430e-03
6 3.932651e-03 8.474092e-03 1.879003e-08 4.339980e-03
7 2.054838e-03 3.721763e-03 1.875482e-08 2.201889e-03
8 1.758037e-03 3.140342e-03 1.873750e-08 1.884542e-03
9 1.167420e-03 1.906512e-03 1.872865e-08 1.239881e-03
10 8.740461e-04 1.321461e-03 1.872350e-08 9.340180e-04
11 6.632243e-04 9.412596e-04 1.872007e-08 7.131632e-04
12 5.363602e-04 8.267662e-04 1.871753e-08 5.773347e-04
1 3.638783e-02 7.321271e-02 4.185888e-07 4.272368e-02
2 1.477163e-02 2.331673e-02 2.003144e-08 1.545617e-02
3 8.030186e-03 1.369425e-02 1.891251e-08 8.521913e-03
4 1.089696e-02 1.837312e-02 1.889412e-08 1.185394e-02
5 3.240515e-03 6.067601e-03 1.869220e-08 3.482644e-03
6 2.435807e-03 4.794637e-03 1.863978e-08 2.693498e-03
7 1.562256e-03 2.356243e-03 1.862141e-08 1.696357e-03
8 1.383079e-03 1.987907e-03 1.861230e-08 1.501185e-03
9 1.170983e-03 1.762369e-03 1.860696e-08 1.285305e-03
10 9.891397e-04 1.506810e-03 1.860349e-08 1.093997e-03
11 7.210901e-04 1.008053e-03 1.860119e-08 7.833122e-04
12 5.408836e-04 7.345753e-04 1.859956e-08 5.817764e-04
13 4.297444e-04 6.764436e-04 1.859834e-08 4.634187e-04
1 3.280431e-02 6.572257e-02 1.964592e-07 3.871811e-02
2 9.505651e-03 1.378314e-02 1.956524e-08 9.840099e-03
3 7.683453e-03 1.277030e-02 1.890128e-08 8.189143e-03
4 7.452101e-03 1.504856e-02 1.876746e-08 8.632711e-03
5 2.733360e-03 5.584905e-03 1.870342e-08 3.044552e-03
6 2.464209e-03 4.572748e-03 1.867372e-08 2.672310e-03
7 1.518379e-03 2.344218e-03 1.865912e-08 1.609799e-03
8 1.278253e-03 1.675513e-03 1.865040e-08 1.370125e-03
9 1.008200e-03 1.260946e-03 1.864443e-08 1.092942e-03
10 7.350860e-04 1.060475e-03 1.864051e-08 7.907855e-04
11 5.677710e-04 9.778251e-04 1.863779e-08 6.126805e-04
12 4.547252e-04 8.975111e-04 1.863588e-08 4.985081e-04
1 3.143386e-02 6.415367e-02 2.168891e-07 3.696873e-02
2 1.021214e-02 1.751546e-02 1.984740e-08 1.068938e-02
3 7.037091e-03 1.101776e-02 1.884713e-08 7.456507e-03
4 7.811457e-03 1.531422e-02 1.869702e-08 8.644064e-03
5 2.342506e-03 4.542970e-03 1.860942e-08 2.525333e-03
6 2.076229e-03 4.221003e-03 1.857656e-08 2.286500e-03
7 1.356225e-03 2.282938e-03 1.856041e-08 1.442758e-03
8 1.165415e-03 1.580638e-03 1.855111e-08 1.237711e-03
9 9.854351e-04 1.275261e-03 1.854478e-08 1.058597e-03
10 8.469437e-04 1.170111e-03 1.854009e-08 9.132786e-04
11 7.127226e-04 1.126362e-03 1.853634e-08 7.678111e-04
12 5.621676e-04 1.018775e-03 1.853356e-08 6.064593e-04
1 2.797019e-02 5.929577e-02 8.573427e-08 3.264586e-02
2 7.599905e-03 1.250147e-02 2.012660e-08 8.209873e-03
3 6.441435e-03 9.804100e-03 1.923503e-08 6.816663e-03
4 6.832022e-03 1.392186e-02 1.904006e-08 7.865296e-03
5 2.421264e-03 4.702026e-03 1.892284e-08 2.641765e-03
6 3.068000e-03 7.167612e-03 1.886967e-08 3.549388e-03
7 1.484877e-03 2.577543e-03 1.883951e-08 1.585946e-03
8 1.286333e-03 2.493884e-03 1.882664e-08 1.412330e-03
9 8.641646e-04 1.229323e-03 1.882020e-08 9.204567e-04
10 6.863424e-04 9.476417e-04 1.881630e-08 7.343737e-04
11 5.585681e-04 8.797419e-04 1.881359e-08 6.038148e-04
1 2.562410e-02 5.889147e-02 1.120698e-07 2.963149e-02
2 1.480535e-02 2.145973e-02 2.127264e-08 1.525760e-02
3 7.185588e-03 9.661767e-03 1.913146e-08 7.693109e-03
4 1.018937e-02 1.655357e-02 1.889034e-08 1.092097e-02
5 2.243458e-03 4.504449e-03 1.874161e-08 2.432290e-03
6 3.002475e-03 6.445895e-03 1.868583e-08 3.458996e-03
7 1.486339e-03 2.332656e-03 1.865402e-08 1.584255e-03
8 1.380803e-03 2.139037e-03 1.863918e-08 1.486004e-03
9 1.018743e-03 1.402665e-03 1.863062e-08 1.092050e-03
10 8.056631e-04 1.103655e-03 1.862517e-08 8.611983e-04
11 6.395108e-04 8.982435e-04 1.862147e-08 6.864280e-04
12 5.183087e-04 8.305727e-04 1.861883e-08 5.595958e-04
1 2.156173e-02 5.808708e-02 6.518075e-08 2.541232e-02
2 1.623236e-02 2.223618e-02 2.325830e-08 1.669969e-02
3 8.151202e-03 1.202580e-02 1.960951e-08 8.910185e-03
4 1.049854e-02 1.622187e-02 1.910883e-08 1.119812e-02
5 2.649930e-03 7.215151e-03 1.885597e-08 3.044617e-03
6 4.058647e-03 9.155234e-03 1.873479e-08 4.675531e-03
7 1.891631e-03 3.805467e-03 1.864831e-08 2.097160e-03
8 2.332578e-03 5.972071e-03 1.860706e-08 2.776811e-03
9 1.326792e-03 2.163034e-03 1.858187e-08 1.460634e-03
10 1.159517e-03 2.200177e-03 1.856844e-08 1.308189e-03
11 8.632276e-04 1.415013e-03 1.856065e-08 9.460127e-04
12 6.925998e-04 1.137037e-03 1.855573e-08 7.562664e-04
13 5.607849e-04 9.137696e-04 1.855237e-08 6.144193e-04
1 1.922310e-02 5.824457e-02 7.396287e-08 2.353255e-02
2 1.419637e-02 2.031562e-02 2.390964e-08 1.469662e-02
3 7.311143e-03 1.232236e-02 1.997024e-08 8.118603e-03
4 9.816941e-03 1.244975e-02 1.951720e-08 1.039791e-02
5 2.575065e-03 7.164490e-03 1.925752e-08 3.135167e-03
6 3.833982e-03 9.876579e-03 1.912116e-08 4.535905e-03
7 1.856480e-03 4.545520e-03 1.902400e-08 2.172748e-03
8 2.319645e-03 7.053013e-03 1.897681e-08 2.915479e-03
9 1.301633e-03 2.125718e-03 1.894896e-08 1.433952e-03
10 1.209486e-03 2.812871e-03 1.893698e-08 1.383175e-03
11 8.968088e-04 1.504684e-03 1.893055e-08 9.748741e-04
12 7.208779e-04 1.227099e-03 1.892648e-08 7.761081e-04
13 5.679499e-04 9.776673e-04 1.892366e-08 6.119445e-04
1 1.761541e-02 5.507692e-02 7.278947e-08 2.241399e-02
2 1.259545e-02 2.003033e-02 2.351959e-08 1.323337e-02
3 6.650082e-03 1.220069e-02 2.001821e-08 7.338384e-03
4 8.643848e-03 1.223938e-02 1.955850e-08 9.085884e-03
5 2.533235e-03 7.459917e-03 1.930065e-08 3.142156e-03
6 3.856608e-03 8.879574e-03 1.915818e-08 4.458226e-03
7 1.904416e-03 5.115920e-03 1.906011e-08 2.240880e-03
8 2.311357e-03 6.856919e-03 1.901101e-08 2.855333e-03
9 1.285254e-03 2.379242e-03 1.898120e-08 1.460991e-03
10 1.210681e-03 3.080742e-03 1.896577e-08 1.445523e-03
11 8.617132e-04 1.598986e-03 1.895679e-08 9.700538e-04
12 7.022457e-04 1.348348e-03 1.895116e-08 7.775141e-04
13 5.711173e-04 1.122195e-03 1.894736e-08 6.285414e-04
1 1.737432e-02 5.729908e-02 7.451882e-08 2.256882e-02
2 1.029458e-02 1.662575e-02 2.275734e-08 1.101350e-02
3 6.134905e-03 1.100118e-02 1.993121e-08 6.702442e-03
4 7.603627e-03 1.128984e-02 1.948161e-08 7.973495e-03
5 2.599944e-03 8.182800e-03 1.923142e-08 3.327162e-03
6 3.440311e-03 8.843976e-03 1.908703e-08 4.096386e-03
7 1.901042e-03 5.914576e-03 1.899670e-08 2.373776e-03
8 2.183630e-03 6.480779e-03 1.894868e-08 2.674753e-03
9 1.314288e-03 2.773730e-03 1.892047e-08 1.531563e-03
10 1.142279e-03 2.800752e-03 1.890534e-08 1.381751e-03
11 8.207624e-04 1.538962e-03 1.889673e-08 9.314912e-04
12 6.481868e-04 1.247614e-03 1.889138e-08 7.169457e-04
13 5.207174e-04 1.020018e-03 1.888778e-08 5.744734e-04
1 1.917620e-02 5.745402e-02 7.806250e-08 2.370482e-02
2 1.322351e-02 2.225926e-02 2.378266e-08 1.405637e-02
3 7.777649e-03 1.050133e-02 2.032104e-08 8.433053e-03
4 9.864484e-03 1.380409e-02 1.987479e-08 1.031371e-02
5 2.760287e-03 6.875554e-03 1.960713e-08 3.314716e-03
6 4.250415e-03 9.887410e-03 1.946698e-08 4.878755e-03
7 1.864400e-03 4.878915e-03 1.936249e-08 2.198671e-03
8 2.495926e-03 7.483345e-03 1.931333e-08 3.087820e-03
9 1.333236e-03 2.399114e-03 1.928218e-08 1.498936e-03
10 1.272768e-03 3.097108e-03 1.926753e-08 1.510802e-03
11 8.971108e-04 1.583972e-03 1.926014e-08 9.940296e-04
12 7.751199e-04 1.130761e-03 1.925601e-08 8.380311e-04
13 5.637115e-04 9.012540e-04 1.925346e-08 6.179731e-04
1 1.960757e-02 5.672130e-02 7.744177e-08 2.399818e-02
2 1.461745e-02 2.274965e-02 2.579311e-08 1.525713e-02
3 6.768400e-03 7.722117e-03 2.036693e-08 7.169805e-03
4 1.043786e-02 1.454426e-02 1.984887e-08 1.110106e-02
5 3.863654e-03 6.927274e-03 1.956136e-08 4.213650e-03
6 4.311421e-03 7.972328e-03 1.941006e-08 4.806761e-03
7 1.978051e-03 5.270739e-03 1.931353e-08 2.345322e-03
8 2.338574e-03 5.964581e-03 1.926476e-08 2.805520e-03
9 1.375630e-03 2.589854e-03 1.923722e-08 1.565377e-03
10 1.256309e-03 2.829740e-03 1.922257e-08 1.475644e-03
11 9.176546e-04 1.677461e-03 1.921361e-08 1.044832e-03
12 7.584052e-04 1.431523e-03 1.920722e-08 8.588100e-04
13 6.378383e-04 1.173758e-03 1.920250e-08 7.146633e-04
14 6.019155e-04 9.023116e-04 1.919911e-08 6.588974e-04
1 1.897707e-02 5.635567e-02 6.464461e-08 2.348897e-02
2 1.380886e-02 1.982377e-02 2.369408e-08 1.439798e-02
3 7.753751e-03 9.981820e-03 2.057526e-08 8.353331e-03
4 9.703672e-03 1.267766e-02 2.012933e-08 1.035057e-02
5 2.890357e-03 6.241129e-03 1.990653e-08 3.300124e-03
6 4.059108e-03 8.328360e-03 1.979019e-08 4.549080e-03
7 1.795158e-03 4.445121e-03 1.971994e-08 2.077793e-03
8 2.079057e-03 5.308664e-03 1.968571e-08 2.454889e-03
9 1.285929e-03 2.431767e-03 1.966647e-08 1.447155e-03
10 1.094234e-03 2.046957e-03 1.965572e-08 1.244596e-03
11 8.213023e-04 1.581558e-03 1.964967e-08 9.209691e-04
12 7.337513e-04 1.101528e-03 1.964569e-08 7.935056e-04
13 5.316790e-04 8.275993e-04 1.964318e-08 5.805667e-04
1 1.985224e-02 5.832232e-02 6.792189e-08 2.407643e-02
2 1.639842e-02 2.702353e-02 2.392087e-08 1.732406e-02
3 8.677381e-03 1.100390e-02 2.066715e-08 9.373369e-03
4 1.213072e-02 1.546576e-02 2.028095e-08 1.286441e-02
5 3.046303e-03 4.930159e-03 2.006419e-08 3.406409e-03
6 4.407447e-03 9.134942e-03 1.996709e-08 4.962890e-03
7 1.747867e-03 3.179232e-03 1.989659e-08 1.915400e-03
8 2.048361e-03 5.287594e-03 1.986572e-08 2.392085e-03
9 1.191577e-03 2.342305e-03 1.984959e-08 1.318750e-03
10 1.099854e-03 1.597828e-03 1.984191e-08 1.174580e-03
11 7.721682e-04 1.261010e-03 1.983766e-08 8.419484e-04
12 5.878382e-04 9.578501e-04 1.983504e-08 6.450524e-04
13 4.591824e-04 7.203463e-04 1.983331e-08 5.037806e-04
1 2.293562e-02 5.419121e-02 1.201764e-07 2.586490e-02
2 1.655094e-02 2.296540e-02 2.325662e-08 1.724610e-02
3 7.978879e-03 9.933600e-03 2.011656e-08 8.542748e-03
4 1.287611e-02 1.671821e-02 1.978192e-08 1.381633e-02
5 3.368668e-03 5.712612e-03 1.962977e-08 3.798682e-03
6 2.968685e-03 5.838053e-03 1.957011e-08 3.393096e-03
7 1.555012e-03 2.426617e-03 1.953889e-08 1.707968e-03
8 1.426778e-03 2.204109e-03 1.952390e-08 1.563488e-03
9 1.020273e-03 1.741546e-03 1.951516e-08 1.118305e-03
10 7.900668e-04 1.377445e-03 1.950945e-08 8.714130e-04
11 6.060100e-04 1.062623e-03 1.950555e-08 6.736499e-04
12 4.638090e-04 8.036259e-04 1.950284e-08 5.173880e-04
1 2.481024e-02 5.243282e-02 1.737917e-07 2.717904e-02
2 1.778679e-02 2.308667e-02 2.320730e-08 1.847151e-02
3 8.114867e-03 9.782383e-03 2.032958e-08 8.662760e-03
4 1.320862e-02 1.710110e-02 2.000818e-08 1.410561e-02
5 3.497360e-03 5.827098e-03 1.988277e-08 3.879041e-03
6 2.722452e-03 5.245782e-03 1.982926e-08 3.080543e-03
7 1.527383e-03 2.560077e-03 1.980237e-08 1.709136e-03
8 1.258551e-03 2.057581e-03 1.978819e-08 1.390585e-03
9 9.144709e-04 1.609316e-03 1.978011e-08 1.016663e-03
10 6.978541e-04 1.224708e-03 1.977513e-08 7.749264e-04
11 5.420917e-04 9.094965e-04 1.977186e-08 5.993400e-04
12 4.323370e-04 6.776258e-04 1.976960e-08 4.765264e-04
1 2.416278e-02 5.592532e-02 1.504750e-07 2.678687e-02
2 1.422639e-02 1.857179e-02 2.231075e-08 1.483510e-02
3 7.808835e-03 9.733066e-03 2.048118e-08 8.311942e-03
4 1.139480e-02 1.538678e-02 2.026277e-08 1.215608e-02
5 2.463435e-03 4.597289e-03 2.014627e-08 2.819019e-03
6 2.690589e-03 5.811261e-03 2.009791e-08 3.096586e-03
7 1.333707e-03 2.185723e-03 2.007200e-08 1.467035e-03
8 1.172831e-03 1.794994e-03 2.005947e-08 1.284151e-03
9 8.294264e-04 1.386977e-03 2.005225e-08 9.153527e-04
10 6.391832e-04 1.051677e-03 2.004754e-08 7.061600e-04
11 5.020560e-04 7.819925e-04 2.004422e-08 5.546115e-04
1 2.326740e-02 5.724798e-02 1.571642e-07 2.624780e-02
2 1.410099e-02 1.991090e-02 2.233193e-08 1.490781e-02
3 6.680111e-03 8.966542e-03 2.039499e-08 7.112524e-03
4 9.996906e-03 1.345053e-02 2.008037e-08 1.073044e-02
5 3.363880e-03 5.753546e-03 1.996225e-08 3.744248e-03
6 2.450648e-03 5.508642e-03 1.990866e-08 2.798520e-03
7 1.354437e-03 2.322552e-03 1.988231e-08 1.515644e-03
8 1.119934e-03 1.942804e-03 1.987016e-08 1.248962e-03
9 7.881056e-04 1.489245e-03 1.986382e-08 8.917451e-04
10 6.025840e-04 1.124043e-03 1.986004e-08 6.813609e-04
11 4.736122e-04 8.392124e-04 1.985757e-08 5.307328e-04
1 2.082874e-02 5.952778e-02 1.543548e-07 2.486894e-02
2 1.581477e-02 2.187174e-02 2.277744e-08 1.652503e-02
3 6.484456e-03 7.587068e-03 2.039185e-08 6.902906e-03
4 9.902912e-03 1.453425e-02 2.014475e-08 1.072949e-02
5 2.495443e-03 5.093454e-03 2.003485e-08 2.897884e-03
6 2.386884e-03 4.515130e-03 1.998640e-08 2.747247e-03
7 1.413303e-03 2.345551e-03 1.996297e-08 1.571684e-03
8 1.139171e-03 1.922228e-03 1.995126e-08 1.260100e-03
9 8.163016e-04 1.453107e-03 1.994472e-08 9.076590e-04
10 6.226459e-04 1.080735e-03 1.994074e-08 6.878811e-04
11 4.826307e-04 7.818004e-04 1.993814e-08 5.285047e-04
1 2.301684e-02 5.766027e-02 1.773866e-07 2.617237e-02
2 1.622778e-02 2.120471e-02 2.269189e-08 1.687262e-02
3 7.179427e-03 8.317635e-03 2.040388e-08 7.658650e-03
4 1.037689e-02 1.500164e-02 2.016095e-08 1.120384e-02
5 2.554697e-03 4.686925e-03 2.004801e-08 2.885478e-03
6 2.459032e-03 4.627527e-03 1.999931e-08 2.813358e-03
7 1.336330e-03 2.265873e-03 1.997496e-08 1.480370e-03
8 1.127569e-03 1.894589e-03 1.996304e-08 1.245125e-03
9 8.000719e-04 1.451059e-03 1.995652e-08 8.956191e-04
10 6.046199e-04 1.084317e-03 1.995256e-08 6.775646e-04
11 4.719763e-04 8.017275e-04 1.994995e-08 5.249921e-04
1 2.191663e-02 5.888184e-02 1.268423e-07 2.539659e-02
2 1.552904e-02 2.243878e-02 2.319167e-08 1.633003e-02
3 6.351963e-03 8.255318e-03 2.030336e-08 6.751376e-03
4 9.736338e-03 1.413346e-02 2.001019e-08 1.047668e-02
5 2.815677e-03 4.915987e-03 1.987415e-08 3.117979e-03
6 2.659373e-03 5.645369e-03 1.981435e-08 3.072881e-03
7 1.348359e-03 2.248088e-03 1.978450e-08 1.499467e-03
8 1.163498e-03 1.928497e-03 1.977075e-08 1.309335e-03
9 8.060808e-04 1.471784e-03 1.976360e-08 9.087399e-04
10 6.163244e-04 1.101906e-03 1.975936e-08 6.908324e-04
11 4.872787e-04 8.135280e-04 1.975657e-08 5.398125e-04
1 2.178550e-02 5.893955e-02 1.214913e-07 2.538781e-02
2 1.160705e-02 1.863657e-02 2.238839e-08 1.239667e-02
3 5.684189e-03 7.319331e-03 2.048793e-08 6.038011e-03
4 8.122090e-03 1.150148e-02 2.024532e-08 8.691261e-03
5 2.057851e-03 4.383216e-03 2.011430e-08 2.387545e-03
6 2.673570e-03 6.725114e-03 2.005525e-08 3.186941e-03
7 1.341155e-03 2.069440e-03 2.002404e-08 1.481071e-03
8 1.239446e-03 1.895497e-03 2.001063e-08 1.394618e-03
9 8.293199e-04 1.451059e-03 2.000413e-08 9.297796e-04
10 6.113514e-04 1.086256e-03 2.000048e-08 6.888755e-04
11 4.647550e-04 8.046016e-04 1.999816e-08 5.184577e-04
1 2.075245e-02 5.877448e-02 1.272259e-07 2.477706e-02
2 1.454260e-02 2.146134e-02 2.341897e-08 1.529758e-02
3 6.263818e-03 8.008564e-03 2.055148e-08 6.681738e-03
4 8.311175e-03 1.243036e-02 2.025940e-08 9.010082e-03
5 2.572981e-03 4.916116e-03 2.012339e-08 2.916316e-03
6 2.713679e-03 5.374321e-03 2.005689e-08 3.123117e-03
7 1.499830e-03 2.461817e-03 2.002228e-08 1.657254e-03
8 1.307475e-03 2.089008e-03 2.000520e-08 1.454317e-03
9 8.944110e-04 1.611094e-03 1.999602e-08 1.000765e-03
10 6.761881e-04 1.218964e-03 1.999054e-08 7.617211e-04
11 5.258503e-04 9.006463e-04 1.998690e-08 5.896175e-04
12 4.230311e-04 6.739855e-04 1.998428e-08 4.681733e-04
1 1.826554e-02 6.232178e-02 6.396860e-08 2.372500e-02
2 1.457500e-02 2.205417e-02 2.421115e-08 1.519601e-02
3 6.174422e-03 7.896526e-03 2.082217e-08 6.528424e-03
4 8.330328e-03 1.238526e-02 2.043802e-08 8.919558e-03
5 2.645132e-03 6.735351e-03 2.023693e-08 3.158926e-03
6 3.269139e-03 7.795321e-03 2.013171e-08 3.878294e-03
7 1.810029e-03 3.508137e-03 2.006963e-08 2.059725e-03
8 1.811818e-03 4.070603e-03 2.004015e-08 2.127830e-03
9 1.111317e-03 1.830815e-03 2.002651e-08 1.233667e-03
10 8.486712e-04 1.476311e-03 2.002004e-08 9.463145e-04
11 6.091567e-04 1.111551e-03 2.001645e-08 6.867975e-04
12 4.682640e-04 8.261693e-04 2.001417e-08 5.247112e-04
1 1.893957e-02 6.387539e-02 6.632350e-08 2.431633e-02
2 9.743984e-03 1.796142e-02 2.339034e-08 1.078404e-02
3 4.995096e-03 6.383769e-03 2.099148e-08 5.280482e-03
4 6.422324e-03 9.631362e-03 2.063905e-08 6.876493e-03
5 2.493931e-03 7.642184e-03 2.042926e-08 3.096468e-03
6 3.171157e-03 9.480324e-03 2.031662e-08 3.989581e-03
7 1.703103e-03 4.276596e-03 2.024674e-08 2.000240e-03
8 1.945875e-03 5.246290e-03 2.021431e-08 2.351788e-03
9 1.155104e-03 1.870988e-03 2.019749e-08 1.300876e-03
10 9.498976e-04 1.655939e-03 2.018830e-08 1.087417e-03
11 7.030451e-04 1.341194e-03 2.018238e-08 8.038946e-04
12 5.686391e-04 1.086860e-03 2.017804e-08 6.516279e-04
13 4.714072e-04 8.694788e-04 2.017458e-08 5.389899e-04
1 1.900662e-02 6.051481e-02 7.607987e-08 2.424317e-02
2 1.182378e-02 1.931439e-02 2.422135e-08 1.255401e-02
3 5.733064e-03 7.588095e-03 2.150013e-08 6.094990e-03
4 7.219070e-03 1.118286e-02 2.118107e-08 7.710770e-03
5 2.085266e-03 5.332760e-03 2.099602e-08 2.499098e-03
6 3.163099e-03 7.933606e-03 2.090823e-08 3.822115e-03
7 1.560699e-03 2.503376e-03 2.085373e-08 1.754358e-03
8 1.664031e-03 3.085122e-03 2.082781e-08 1.924005e-03
9 1.059653e-03 1.876403e-03 2.081483e-08 1.177590e-03
10 8.274429e-04 1.503908e-03 2.080771e-08 9.255034e-04
11 6.242252e-04 1.151005e-03 2.080338e-08 7.056158e-04
12 4.892801e-04 8.724886e-04 2.080065e-08 5.471016e-04
1 1.827477e-02 6.142029e-02 8.077821e-08 2.422483e-02
2 1.044010e-02 1.745393e-02 2.322872e-08 1.114840e-02
3 5.235935e-03 6.979233e-03 2.148995e-08 5.570857e-03
4 6.200330e-03 9.488019e-03 2.121924e-08 6.652404e-03
5 2.355229e-03 5.982761e-03 2.106395e-08 2.794962e-03
6 3.035362e-03 8.011537e-03 2.098535e-08 3.633614e-03
7 1.618303e-03 2.656170e-03 2.093887e-08 1.772059e-03
8 1.665066e-03 3.363632e-03 2.091734e-08 1.881241e-03
9 1.033659e-03 1.740854e-03 2.090681e-08 1.125414e-03
10 7.745982e-04 1.365152e-03 2.090136e-08 8.488680e-04
11 5.543208e-04 1.020906e-03 2.089822e-08 6.167187e-04
12 4.198916e-04 7.683582e-04 2.089621e-08 4.698975e-04
1 1.752627e-02 6.337160e-02 7.264823e-08 2.404231e-02
2 1.016794e-02 1.770992e-02 2.434211e-08 1.097002e-02
3 5.374375e-03 7.595318e-03 2.188303e-08 5.741577e-03
4 7.108107e-03 1.039825e-02 2.150969e-08 7.548545e-03
5 2.433976e-03 7.970645e-03 2.127191e-08 3.143795e-03
6 3.511804e-03 1.063844e-02 2.114759e-08 4.389753e-03
7 1.742580e-03 4.485775e-03 2.105885e-08 2.095820e-03
8 2.249217e-03 6.618279e-03 2.102004e-08 2.768967e-03
9 1.111510e-03 1.619724e-03 2.100018e-08 1.213727e-03
10 9.555919e-04 1.661936e-03 2.099176e-08 1.076231e-03
11 6.282232e-04 1.109878e-03 2.098734e-08 7.035154e-04
12 4.737309e-04 8.197732e-04 2.098461e-08 5.229817e-04
13 3.740776e-04 5.962952e-04 2.098273e-08 4.037863e-04
1 1.775759e-02 6.577887e-02 6.619074e-08 2.436156e-02
2 1.685767e-02 2.445269e-02 2.532020e-08 1.749777e-02
3 6.229272e-03 8.277559e-03 2.123838e-08 6.595257e-03
4 9.307756e-03 1.377122e-02 2.082726e-08 1.006658e-02
5 3.161772e-03 7.492952e-03 2.061764e-08 3.628267e-03
6 3.435798e-03 7.886285e-03 2.051009e-08 3.994193e-03
7 1.888441e-03 3.555493e-03 2.044842e-08 2.107567e-03
8 1.830512e-03 3.803292e-03 2.041960e-08 2.107736e-03
9 1.136622e-03 1.789913e-03 2.040524e-08 1.246535e-03
10 8.707948e-04 1.465227e-03 2.039758e-08 9.676441e-04
11 6.391645e-04 1.129223e-03 2.039322e-08 7.191955e-04
12 4.940826e-04 8.604397e-04 2.039050e-08 5.535160e-04
1 1.877059e-02 6.438573e-02 1.084590e-07 2.470781e-02
2 1.586002e-02 2.330032e-02 2.399652e-08 1.651207e-02
3 6.351195e-03 7.862940e-03 2.095737e-08 6.809751e-03
4 8.492877e-03 1.345882e-02 2.067547e-08 9.232990e-03
5 2.235347e-03 4.273839e-03 2.052867e-08 2.522877e-03
6 2.886726e-03 6.100453e-03 2.046074e-08 3.357810e-03
7 1.551892e-03 2.597807e-03 2.042137e-08 1.729937e-03
8 1.412364e-03 2.307377e-03 2.040029e-08 1.595254e-03
9 9.962884e-04 1.807312e-03 2.038866e-08 1.122508e-03
10 7.798534e-04 1.453111e-03 2.038193e-08 8.795024e-04
11 6.076234e-04 1.132806e-03 2.037790e-08 6.833612e-04
12 4.788567e-04 8.733827e-04 2.037533e-08 5.335814e-04
1 1.788580e-02 6.697722e-02 6.863724e-08 2.480530e-02
2 1.109703e-02 1.931902e-02 2.393819e-08 1.185463e-02
3 5.123599e-03 7.083255e-03 2.175413e-08 5.467918e-03
4 6.324210e-03 1.001454e-02 2.144026e-08 6.840058e-03
5 2.374730e-03 6.956546e-03 2.125065e-08 2.880899e-03
6 3.186550e-03 9.460811e-03 2.115841e-08 3.955594e-03
7 1.631343e-03 3.134468e-03 2.110249e-08 1.814137e-03
8 1.813729e-03 3.946512e-03 2.107882e-08 2.061344e-03
9 1.090466e-03 1.684904e-03 2.106735e-08 1.186471e-03
10 8.303605e-04 1.334655e-03 2.106051e-08 9.113915e-04
11 6.249046e-04 1.028711e-03 2.105481e-08 6.910136e-04
12 4.735207e-04 8.207863e-04 2.105057e-08 5.243366e-04
1 1.820656e-02 6.209947e-02 1.039382e-07 2.446881e-02
2 1.369683e-02 2.223016e-02 2.451881e-08 1.443388e-02
3 5.520222e-03 7.277987e-03 2.168634e-08 5.886615e-03
4 7.098979e-03 1.242258e-02 2.136550e-08 7.762375e-03
5 2.346415e-03 6.073872e-03 2.121822e-08 2.833950e-03
6 2.559483e-03 5.201182e-03 2.114397e-08 2.999914e-03
7 1.568422e-03 2.623781e-03 2.110417e-08 1.790934e-03
8 1.319467e-03 2.293692e-03 2.108285e-08 1.503098e-03
9 9.718279e-04 1.849441e-03 2.107082e-08 1.099301e-03
10 7.540828e-04 1.464546e-03 2.106417e-08 8.477575e-04
11 5.875072e-04 1.123273e-03 2.106024e-08 6.589410e-04
12 4.617004e-04 8.663182e-04 2.105772e-08 5.149022e-04
1 1.802374e-02 6.393960e-02 7.207710e-08 2.481636e-02
2 1.096045e-02 1.863286e-02 2.411254e-08 1.172527e-02
3 5.257861e-03 6.387012e-03 2.213293e-08 5.516871e-03
4 5.611164e-03 9.113902e-03 2.182135e-08 6.038218e-03
5 2.550893e-03 7.984976e-03 2.165364e-08 3.222589e-03
6 2.865277e-03 7.313188e-03 2.156383e-08 3.442820e-03
7 1.777264e-03 3.781798e-03 2.151321e-08 2.046820e-03
8 1.693621e-03 3.390093e-03 2.148573e-08 1.942341e-03
9 1.204242e-03 1.974236e-03 2.147019e-08 1.342450e-03
10 9.386764e-04 1.571150e-03 2.146104e-08 1.039738e-03
11 6.854124e-04 1.218396e-03 2.145540e-08 7.639140e-04
12 5.129593e-04 9.194766e-04 2.145157e-08 5.828820e-04
13 3.959756e-04 7.333338e-04 2.144871e-08 4.562640e-04
1 1.718691e-02 6.724795e-02 7.153553e-08 2.506488e-02
2 1.103448e-02 1.954746e-02 2.571682e-08 1.196088e-02
3 4.804746e-03 6.072649e-03 2.302632e-08 5.021202e-03
4 5.797472e-03 9.571648e-03 2.263864e-08 6.232571e-03
5 2.698865e-03 9.633246e-03 2.241724e-08 3.615481e-03
6 3.045415e-03 9.230436e-03 2.229169e-08 3.894418e-03
7 1.966986e-03 5.561464e-03 2.221830e-08 2.409779e-03
8 1.947884e-03 5.139220e-03 2.218187e-08 2.336761e-03
9 1.308078e-03 2.114332e-03 2.216399e-08 1.451243e-03
10 1.045444e-03 1.588912e-03 2.215523e-08 1.155272e-03
11 7.244557e-04 1.251472e-03 2.215061e-08 8.002876e-04
12 5.206548e-04 9.497788e-04 2.214794e-08 5.843674e-04
13 3.815661e-04 7.144669e-04 2.214625e-08 4.346374e-04
1 1.765428e-02 7.114576e-02 7.112741e-08 2.557480e-02
2 1.354344e-02 2.250140e-02 2.503376e-08 1.440683e-02
3 5.407557e-03 7.832633e-03 2.199618e-08 5.738503e-03
4 6.830715e-03 1.076290e-02 2.164510e-08 7.346888e-03
5 2.728087e-03 8.204074e-03 2.146317e-08 3.360300e-03
6 2.937052e-03 8.032312e-03 2.136532e-08 3.581864e-03
7 1.817144e-03 4.181777e-03 2.131011e-08 2.095586e-03
8 1.709998e-03 3.893739e-03 2.128377e-08 1.981823e-03
9 1.068851e-03 1.774750e-03 2.127194e-08 1.179323e-03
10 7.807226e-04 1.377786e-03 2.126644e-08 8.641437e-04
11 5.502488e-04 1.014612e-03 2.126352e-08 6.136245e-04
12 4.130732e-04 7.355867e-04 2.126177e-08 4.581064e-04
1 1.790997e-02 6.955461e-02 6.876673e-08 2.536002e-02
2 1.773718e-02 2.559193e-02 2.620434e-08 1.841220e-02
3 6.424480e-03 7.962875e-03 2.207367e-08 6.782974e-03
4 8.394722e-03 1.295353e-02 2.164996e-08 9.070005e-03
5 3.241987e-03 8.736009e-03 2.144761e-08 3.846324e-03
6 3.021077e-03 7.152031e-03 2.133981e-08 3.561051e-03
7 1.895550e-03 4.110528e-03 2.128695e-08 2.180883e-03
8 1.608710e-03 2.910116e-03 2.126338e-08 1.826282e-03
9 1.086124e-03 1.852102e-03 2.125223e-08 1.204903e-03
10 8.118343e-04 1.503306e-03 2.124603e-08 9.049244e-04
11 6.095769e-04 1.184530e-03 2.124216e-08 6.866674e-04
12 4.731729e-04 9.151591e-04 2.123962e-08 5.357358e-04
1 1.827459e-02 6.858040e-02 8.559509e-08 2.535226e-02
2 1.252741e-02 2.147530e-02 2.490391e-08 1.355151e-02
3 5.324093e-03 6.968908e-03 2.238297e-08 5.672305e-03
4 6.210928e-03 1.115283e-02 2.207218e-08 6.798617e-03
5 2.243312e-03 6.685930e-03 2.190333e-08 2.755395e-03
6 2.813496e-03 7.668375e-03 2.182664e-08 3.425062e-03
7 1.524917e-03 2.404641e-03 2.178646e-08 1.692509e-03
8 1.469762e-03 2.513215e-03 2.176832e-08 1.635996e-03
9 9.893239e-04 1.773042e-03 2.175968e-08 1.082441e-03
10 7.579405e-04 1.398230e-03 2.175509e-08 8.352521e-04
11 5.663578e-04 1.039680e-03 2.175240e-08 6.293181e-04
12 4.266407e-04 7.595267e-04 2.175069e-08 4.716167e-04
1 1.771562e-02 6.886952e-02 7.257712e-08 2.546379e-02
2 1.121132e-02 2.028020e-02 2.498371e-08 1.225565e-02
3 4.834547e-03 6.266050e-03 2.254430e-08 5.067498e-03
4 4.868321e-03 9.371752e-03 2.214795e-08 5.431708e-03
5 2.651711e-03 9.136690e-03 2.192386e-08 3.504228e-03
6 3.168417e-03 9.630474e-03 2.179628e-08 4.018666e-03
7 1.884214e-03 5.409897e-03 2.172401e-08 2.319895e-03
8 1.932611e-03 4.805727e-03 2.169119e-08 2.272797e-03
9 1.077725e-03 1.758170e-03 2.167669e-08 1.199130e-03
10 8.321606e-04 1.497458e-03 2.166977e-08 9.365720e-04
11 5.961951e-04 1.199317e-03 2.166587e-08 6.772370e-04
12 4.503960e-04 9.421526e-04 2.166346e-08 5.170226e-04
1 1.833993e-02 6.529724e-02 7.549655e-08 2.567862e-02
2 1.215252e-02 1.996623e-02 2.589749e-08 1.297030e-02
3 5.538215e-03 6.554376e-03 2.305687e-08 5.740319e-03
4 5.286307e-03 9.558392e-03 2.256583e-08 5.741762e-03
5 2.955839e-03 1.081345e-02 2.229296e-08 4.057172e-03
6 2.913823e-03 7.845367e-03 2.214290e-08 3.628598e-03
7 2.192262e-03 5.303506e-03 2.206280e-08 2.652191e-03
8 1.884071e-03 3.598109e-03 2.201972e-08 2.217550e-03
9 1.381225e-03 2.138844e-03 2.199531e-08 1.591928e-03
10 1.131318e-03 1.870988e-03 2.197949e-08 1.285056e-03
11 9.275324e-04 1.533877e-03 2.196593e-08 1.036426e-03
12 7.608024e-04 1.302104e-03 2.195149e-08 8.517838e-04
13 6.431381e-04 1.404940e-03 2.193446e-08 7.384820e-04
14 4.319166e-04 9.468330e-04 2.192525e-08 4.730957e-04
1 1.748478e-02 6.557889e-02 6.879395e-08 2.563042e-02
2 1.176016e-02 2.109098e-02 2.649850e-08 1.283966e-02
3 5.047568e-03 6.156206e-03 2.355668e-08 5.248800e-03
4 4.552239e-03 8.375874e-03 2.308559e-08 5.099011e-03
5 3.122107e-03 9.841701e-03 2.285383e-08 4.031935e-03
6 2.740174e-03 7.283339e-03 2.273260e-08 3.401072e-03
7 2.111006e-03 5.292440e-03 2.267342e-08 2.550435e-03
8 1.578083e-03 2.733998e-03 2.264799e-08 1.814000e-03
9 1.071522e-03 1.862829e-03 2.263779e-08 1.203693e-03
10 7.441590e-04 1.311093e-03 2.263301e-08 8.327233e-04
11 5.535601e-04 9.917522e-04 2.263027e-08 6.198277e-04
12 4.341663e-04 7.590866e-04 2.262845e-08 4.831008e-04
1 1.813094e-02 5.722235e-02 6.981076e-08 2.457966e-02
2 9.693373e-03 1.621158e-02 2.566339e-08 1.041512e-02
3 5.121188e-03 6.881262e-03 2.383880e-08 5.401245e-03
4 4.681294e-03 9.966808e-03 2.347747e-08 5.246427e-03
5 2.767136e-03 7.659341e-03 2.327335e-08 3.399859e-03
6 2.847416e-03 6.635039e-03 2.316751e-08 3.424980e-03
7 1.828244e-03 3.250773e-03 2.311283e-08 2.132595e-03
8 1.515366e-03 2.360323e-03 2.308612e-08 1.748389e-03
9 1.006953e-03 1.620331e-03 2.306946e-08 1.137598e-03
10 7.582826e-04 1.398943e-03 2.305818e-08 8.574687e-04
11 5.849029e-04 1.087755e-03 2.305176e-08 6.575567e-04
12 4.608812e-04 8.372581e-04 2.304821e-08 5.138247e-04
1 1.670174e-02 6.011446e-02 7.219346e-08 2.463127e-02
2 1.210627e-02 1.939516e-02 2.618995e-08 1.286600e-02
3 4.963409e-03 6.181110e-03 2.330663e-08 5.188985e-03
4 5.260263e-03 1.046668e-02 2.285615e-08 5.773852e-03
5 2.662527e-03 8.430516e-03 2.260402e-08 3.488715e-03
6 3.321701e-03 8.998101e-03 2.246173e-08 4.171564e-03
7 1.951038e-03 4.411116e-03 2.237748e-08 2.371531e-03
8 2.103907e-03 4.225446e-03 2.233730e-08 2.474301e-03
9 1.194094e-03 1.993925e-03 2.231935e-08 1.349588e-03
10 9.240461e-04 1.627419e-03 2.231121e-08 1.039187e-03
11 6.542514e-04 1.237535e-03 2.230693e-08 7.409125e-04
12 5.023623e-04 9.466901e-04 2.230432e-08 5.631973e-04
13 3.961016e-04 7.298252e-04 2.230256e-08 4.397282e-04
1 1.672246e-02 6.621130e-02 7.444784e-08 2.594680e-02
2 1.126894e-02 1.936422e-02 2.820123e-08 1.208572e-02
3 3.277064e-03 5.074317e-03 2.354436e-08 3.490606e-03
4 6.858118e-03 1.067774e-02 2.306244e-08 7.257675e-03
5 2.763230e-03 1.052093e-02 2.274102e-08 4.115349e-03
6 4.061059e-03 1.121523e-02 2.258379e-08 4.920289e-03
7 1.795308e-03 5.797566e-03 2.246773e-08 2.407428e-03
8 2.474760e-03 6.265779e-03 2.241954e-08 2.935233e-03
9 1.059517e-03 1.731601e-03 2.239688e-08 1.189126e-03
10 8.831929e-04 1.456229e-03 2.238769e-08 1.007080e-03
11 5.515665e-04 1.057967e-03 2.238300e-08 6.348001e-04
12 4.102470e-04 7.835448e-04 2.238008e-08 4.763232e-04
13 3.343246e-04 5.837161e-04 2.237803e-08 3.768103e-04
1 1.783007e-02 6.751007e-02 6.757446e-08 2.631286e-02
2 1.189694e-02 2.275344e-02 2.606465e-08 1.316529e-02
3 4.767311e-03 6.868417e-03 2.289131e-08 5.001781e-03
4 5.475693e-03 1.082683e-02 2.248708e-08 5.986508e-03
5 2.830077e-03 9.307924e-03 2.227121e-08 3.716169e-03
6 2.993730e-03 8.216058e-03 2.215207e-08 3.739356e-03
7 1.969176e-03 4.695912e-03 2.208612e-08 2.357420e-03
8 1.797467e-03 3.653207e-03 2.205500e-08 2.075251e-03
9 1.078517e-03 1.709127e-03 2.204168e-08 1.203648e-03
10 7.569211e-04 1.345598e-03 2.203579e-08 8.514723e-04
11 5.189786e-04 1.007800e-03 2.203280e-08 5.930960e-04
12 3.862476e-04 7.443702e-04 2.203108e-08 4.420679e-04
1 1.804164e-02 7.408768e-02 6.874085e-08 2.687383e-02
2 1.480772e-02 2.441893e-02 2.626528e-08 1.563818e-02
3 5.994614e-03 7.607024e-03 2.279816e-08 6.316972e-03
4 6.540599e-03 1.075994e-02 2.238511e-08 6.953846e-03
5 2.896210e-03 9.487962e-03 2.216396e-08 3.754074e-03
6 2.970830e-03 7.923755e-03 2.204890e-08 3.624141e-03
7 1.701602e-03 4.108154e-03 2.199338e-08 2.058235e-03
8 1.519636e-03 3.083915e-03 2.196643e-08 1.816850e-03
9 1.001893e-03 1.775315e-03 2.195146e-08 1.165407e-03
10 7.694277e-04 1.476128e-03 2.194219e-08 8.938593e-04
11 5.868050e-04 1.213204e-03 2.193633e-08 6.843428e-04
12 4.553462e-04 9.813692e-04 2.193278e-08 5.321740e-04
1 1.842443e-02 7.203120e-02 9.068644e-08 2.676445e-02
2 1.153608e-02 2.018257e-02 2.617410e-08 1.239742e-02
3 5.364467e-03 6.630894e-03 2.397726e-08 5.677545e-03
4 4.593853e-03 9.702328e-03 2.366571e-08 5.217807e-03
5 2.613759e-03 7.977668e-03 2.351660e-08 3.226696e-03
6 2.494202e-03 6.192633e-03 2.344851e-08 2.965193e-03
7 1.485045e-03 2.699462e-03 2.341924e-08 1.681416e-03
8 1.118067e-03 1.836063e-03 2.340724e-08 1.252376e-03
9 7.248470e-04 1.407365e-03 2.340159e-08 8.075604e-04
10 5.203153e-04 1.077449e-03 2.339837e-08 5.834069e-04
11 3.905027e-04 8.140950e-04 2.339633e-08 4.375378e-04
1 1.796700e-02 6.796709e-02 6.910192e-08 2.581524e-02
2 1.171119e-02 1.965449e-02 2.651819e-08 1.246098e-02
3 5.584712e-03 6.618023e-03 2.431460e-08 5.846909e-03
4 4.574545e-03 1.104850e-02 2.393526e-08 5.284764e-03
5 2.754086e-03 9.265969e-03 2.373287e-08 3.592127e-03
6 2.974232e-03 7.856638e-03 2.362966e-08 3.573491e-03
7 1.781483e-03 4.022201e-03 2.357943e-08 2.071831e-03
8 1.412082e-03 2.748488e-03 2.355895e-08 1.625123e-03
9 8.539779e-04 1.488972e-03 2.355055e-08 9.561364e-04
10 6.089578e-04 1.178778e-03 2.354645e-08 6.875412e-04
11 4.572039e-04 8.971728e-04 2.354407e-08 5.162424e-04
1 1.727586e-02 6.548585e-02 7.377229e-08 2.497410e-02
2 1.335983e-02 2.240469e-02 2.959692e-08 1.442268e-02
3 4.346015e-03 5.446427e-03 2.512968e-08 4.528912e-03
4 6.607385e-03 1.110089e-02 2.457102e-08 7.044402e-03
5 2.998565e-03 1.054505e-02 2.422790e-08 4.035803e-03
6 3.679383e-03 9.729585e-03 2.406023e-08 4.449293e-03
7 1.838245e-03 4.201969e-03 2.396356e-08 2.224253e-03
8 1.964111e-03 4.441892e-03 2.392078e-08 2.386911e-03
9 1.081657e-03 1.964403e-03 2.389909e-08 1.264696e-03
10 8.270915e-04 1.630669e-03 2.388618e-08 9.706976e-04
11 6.196724e-04 1.248465e-03 2.387604e-08 7.283413e-04
12 5.169600e-04 1.042998e-03 2.386749e-08 5.916851e-04
1 1.759854e-02 6.307970e-02 7.127691e-08 2.482697e-02
2 1.238645e-02 2.198724e-02 2.828165e-08 1.321170e-02
3 4.727781e-03 6.263572e-03 2.529431e-08 5.036787e-03
4 5.860440e-03 1.003281e-02 2.492237e-08 6.264391e-03
5 2.868363e-03 8.696799e-03 2.471963e-08 3.562116e-03
6 2.841625e-03 7.241120e-03 2.461681e-08 3.377957e-03
7 1.767502e-03 3.442754e-03 2.456431e-08 2.001844e-03
8 1.558660e-03 2.574299e-03 2.453936e-08 1.727461e-03
9 1.044482e-03 1.693778e-03 2.452680e-08 1.137906e-03
10 7.576356e-04 1.327815e-03 2.451946e-08 8.385223e-04
11 5.407487e-04 9.972545e-04 2.451467e-08 6.143497e-04
12 3.966613e-04 7.364340e-04 2.451138e-08 4.553123e-04
1 1.746908e-02 7.000781e-02 7.663628e-08 2.701481e-02
2 1.088615e-02 2.223075e-02 2.843407e-08 1.235046e-02
3 4.360839e-03 6.357303e-03 2.516020e-08 4.560549e-03
4 3.541852e-03 1.034709e-02 2.469043e-08 4.535372e-03
5 3.044295e-03 1.149679e-02 2.443353e-08 4.378908e-03
6 2.899262e-03 8.132460e-03 2.428610e-08 3.677636e-03
7 2.412271e-03 6.261212e-03 2.420703e-08 2.909425e-03
8 1.835125e-03 3.623880e-03 2.416912e-08 2.126975e-03
9 1.189784e-03 2.077282e-03 2.415255e-08 1.370669e-03
10 8.255879e-04 1.519000e-03 2.414504e-08 9.438247e-04
11 5.846250e-04 1.160676e-03 2.414123e-08 6.652450e-04
12 4.374237e-04 8.737791e-04 2.413908e-08 4.983194e-04
1 1.767275e-02 7.557921e-02 7.703027e-08 2.778885e-02
2 1.351611e-02 2.194276e-02 3.037918e-08 1.427893e-02
3 3.406860e-03 5.553666e-03 2.514777e-08 3.666387e-03
4 7.075266e-03 1.363289e-02 2.464323e-08 7.574703e-03
5 3.111440e-03 1.159551e-02 2.428779e-08 4.522842e-03
6 4.415801e-03 1.292876e-02 2.414452e-08 5.277627e-03
7 1.874834e-03 4.811962e-03 2.402991e-08 2.262619e-03
8 2.420526e-03 6.179294e-03 2.399029e-08 2.827704e-03
9 1.026526e-03 1.728120e-03 2.397226e-08 1.101620e-03
10 8.166891e-04 1.488550e-03 2.396517e-08 9.141329e-04
11 5.326778e-04 1.115828e-03 2.396165e-08 6.059371e-04
12 3.924812e-04 8.345789e-04 2.395965e-08 4.478063e-04
1 1.785453e-02 7.330941e-02 7.682790e-08 2.685562e-02
2 1.028741e-02 2.181602e-02 2.835610e-08 1.203583e-02
3 4.372546e-03 6.467916e-03 2.513287e-08 4.692920e-03
4 4.225481e-03 1.372306e-02 2.465675e-08 5.407362e-03
5 2.880486e-03 1.028383e-02 2.439001e-08 3.901081e-03
6 3.490126e-03 1.026351e-02 2.424879e-08 4.271476e-03
7 1.942854e-03 5.121613e-03 2.416885e-08 2.303521e-03
8 2.007267e-03 4.904907e-03 2.413268e-08 2.335955e-03
9 1.109910e-03 1.721648e-03 2.411607e-08 1.238640e-03
10 8.394441e-04 1.439823e-03 2.410851e-08 9.343836e-04
11 5.744794e-04 1.113386e-03 2.410457e-08 6.455370e-04
12 4.214549e-04 8.473839e-04 2.410225e-08 4.808681e-04
1 1.806561e-02 7.679904e-02 7.849643e-08 2.768316e-02
2 1.163615e-02 2.146946e-02 2.791113e-08 1.271196e-02
3 5.284786e-03 8.600460e-03 2.535637e-08 5.535403e-03
4 3.619959e-03 1.025426e-02 2.487049e-08 4.492427e-03
5 3.664601e-03 1.302067e-02 2.462010e-08 4.846435e-03
6 2.670451e-03 8.169036e-03 2.447191e-08 3.486391e-03
7 2.683473e-03 8.119553e-03 2.439634e-08 3.270280e-03
8 1.607235e-03 3.143448e-03 2.436040e-08 1.807350e-03
9 1.272364e-03 2.515065e-03 2.434624e-08 1.436692e-03
10 8.100158e-04 1.514223e-03 2.434027e-08 8.952568e-04
11 5.873751e-04 1.153016e-03 2.433722e-08 6.558024e-04
12 4.289190e-04 8.449915e-04 2.433542e-08 4.812839e-04
1 1.800943e-02 7.467548e-02 7.982095e-08 2.810173e-02
2 1.575588e-02 2.723690e-02 3.110343e-08 1.690643e-02
3 6.246558e-03 7.894170e-03 2.668639e-08 6.459876e-03
4 4.984539e-03 9.551707e-03 2.605375e-08 5.334278e-03
5 3.865413e-03 1.276084e-02 2.576331e-08 4.940769e-03
6 2.491681e-03 7.037300e-03 2.560909e-08 3.195504e-03
7 2.400556e-03 5.724586e-03 2.553336e-08 2.830204e-03
8 1.384576e-03 2.426084e-03 2.549350e-08 1.632607e-03
9 1.016282e-03 1.998082e-03 2.547097e-08 1.203928e-03
10 7.067454e-04 1.550335e-03 2.545883e-08 8.376584e-04
11 5.327274e-04 1.199911e-03 2.545234e-08 6.313838e-04
12 4.180970e-04 9.294657e-04 2.544865e-08 4.924144e-04
1 1.729165e-02 6.872357e-02 7.759915e-08 2.600209e-02
2 1.578723e-02 2.379264e-02 3.133778e-08 1.654713e-02
3 6.427734e-03 8.124990e-03 2.763460e-08 6.718507e-03
4 5.961800e-03 1.020679e-02 2.709575e-08 6.303040e-03
5 3.348553e-03 1.171376e-02 2.681846e-08 4.436170e-03
6 3.201885e-03 8.226549e-03 2.667251e-08 3.736048e-03
7 2.288447e-03 5.338797e-03 2.660096e-08 2.611496e-03
8 1.608562e-03 2.835248e-03 2.656959e-08 1.828371e-03
9 9.787576e-04 1.746103e-03 2.655557e-08 1.058743e-03
10 6.894736e-04 1.359384e-03 2.654814e-08 7.769875e-04
11 5.193117e-04 9.986770e-04 2.654363e-08 5.846395e-04
12 4.175752e-04 7.392881e-04 2.654060e-08 4.642918e-04
1 1.639319e-02 6.492838e-02 7.177193e-08 2.391029e-02
2 1.321022e-02 2.252973e-02 2.983899e-08 1.434153e-02
3 5.416468e-03 7.016932e-03 2.661544e-08 5.755961e-03
4 4.748330e-03 1.108623e-02 2.619720e-08 5.380685e-03
5 2.792311e-03 9.646377e-03 2.595470e-08 3.691364e-03
6 3.290510e-03 8.626026e-03 2.582655e-08 3.865154e-03
7 1.943472e-03 4.362590e-03 2.576170e-08 2.228300e-03
8 1.621672e-03 3.506776e-03 2.573508e-08 1.855219e-03
9 9.222839e-04 1.699032e-03 2.572365e-08 1.029215e-03
10 6.797845e-04 1.379392e-03 2.571732e-08 7.782094e-04
11 5.161284e-04 1.085308e-03 2.571255e-08 5.944608e-04
12 4.380110e-04 8.785270e-04 2.570753e-08 5.025952e-04
1 1.709114e-02 6.985673e-02 7.626889e-08 2.588074e-02
2 1.442015e-02 2.588990e-02 3.361065e-08 1.569803e-02
3 3.879600e-03 6.000201e-03 2.699600e-08 4.147031e-03
4 6.470296e-03 9.688472e-03 2.637628e-08 6.989597e-03
5 3.298300e-03 1.138048e-02 2.599155e-08 4.531797e-03
6 3.860943e-03 1.149318e-02 2.580413e-08 4.718177e-03
7 2.115904e-03 5.188870e-03 2.569655e-08 2.472996e-03
8 2.060431e-03 5.714445e-03 2.565492e-08 2.427272e-03
9 1.275686e-03 2.121755e-03 2.563825e-08 1.435029e-03
10 9.387236e-04 1.681344e-03 2.563194e-08 1.029663e-03
11 6.260372e-04 1.232829e-03 2.562899e-08 6.978929e-04
12 4.414926e-04 8.902633e-04 2.562739e-08 4.928215e-04
13 3.231867e-04 6.380150e-04 2.562644e-08 3.575816e-04
1 1.736767e-02 6.819881e-02 7.682344e-08 2.622998e-02
2 1.625467e-02 2.779793e-02 3.207139e-08 1.764847e-02
3 6.136492e-03 7.133840e-03 2.749181e-08 6.382322e-03
4 5.094358e-03 8.685061e-03 2.696782e-08 5.485452e-03
5 3.373896e-03 1.155594e-02 2.671640e-08 4.514228e-03
6 2.765383e-03 6.914341e-03 2.658021e-08 3.303397e-03
7 2.444787e-03 5.680279e-03 2.651385e-08 2.837355e-03
8 1.618549e-03 2.615533e-03 2.648285e-08 1.825128e-03
9 1.167716e-03 2.162305e-03 2.646815e-08 1.302967e-03
10 8.249251e-04 1.684950e-03 2.646044e-08 9.266013e-04
11 6.062944e-04 1.280835e-03 2.645611e-08 6.820523e-04
12 4.549336e-04 9.585071e-04 2.645356e-08 5.127920e-04
1 1.752652e-02 7.330179e-02 8.095852e-08 2.760298e-02
2 1.658225e-02 2.544333e-02 4.077218e-08 1.762361e-02
3 3.896215e-03 8.184323e-03 2.816470e-08 4.481221e-03
4 7.069826e-03 1.044062e-02 2.755706e-08 7.475701e-03
5 3.494422e-03 1.322071e-02 2.717793e-08 5.410074e-03
6 4.167265e-03 1.285542e-02 2.700359e-08 5.069322e-03
7 2.175522e-03 5.618290e-03 2.688006e-08 2.604066e-03
8 2.447840e-03 6.327983e-03 2.683546e-08 2.876773e-03
9 1.100345e-03 1.902144e-03 2.681560e-08 1.192410e-03
10 8.806821e-04 1.648443e-03 2.680787e-08 9.880401e-04
11 5.980757e-04 1.229711e-03 2.680415e-08 6.661624e-04
12 4.390776e-04 9.136691e-04 2.680212e-08 4.873101e-04
1 1.703872e-02 7.076931e-02 7.791848e-08 2.620156e-02
2 1.889133e-02 2.751265e-02 3.357501e-08 1.978383e-02
3 7.258400e-03 8.971498e-03 2.860513e-08 7.653168e-03
4 6.181715e-03 8.831042e-03 2.801798e-08 6.535413e-03
5 3.997342e-03 1.139446e-02 2.774785e-08 4.698485e-03
6 2.836489e-03 7.681226e-03 2.760559e-08 3.362102e-03
7 2.409027e-03 5.767751e-03 2.753987e-08 2.738282e-03
8 1.545312e-03 2.438650e-03 2.751190e-08 1.703057e-03
9 1.041954e-03 1.883797e-03 2.750011e-08 1.137516e-03
10 7.085165e-04 1.402916e-03 2.749431e-08 7.849491e-04
11 5.233933e-04 1.027463e-03 2.749095e-08 5.783890e-04
12 4.086252e-04 7.582782e-04 2.748884e-08 4.467156e-04
1 1.636881e-02 6.444744e-02 7.252110e-08 2.440868e-02
2 1.706371e-02 2.833295e-02 3.310291e-08 1.834990e-02
3 6.363374e-03 7.230732e-03 2.803308e-08 6.670082e-03
4 6.060055e-03 9.313560e-03 2.749735e-08 6.520640e-03
5 3.368483e-03 1.085914e-02 2.722988e-08 4.273125e-03
6 2.922465e-03 6.496842e-03 2.709055e-08 3.342921e-03
7 2.308623e-03 4.501467e-03 2.702324e-08 2.600862e-03
8 1.407976e-03 2.308200e-03 2.699527e-08 1.517874e-03
9 1.009674e-03 1.946247e-03 2.698427e-08 1.164823e-03
10 7.036934e-04 1.348947e-03 2.697938e-08 7.974832e-04
11 5.321055e-04 9.564649e-04 2.697677e-08 5.826940e-04
12 4.019681e-04 6.801840e-04 2.697514e-08 4.385888e-04
1 1.640998e-02 6.227720e-02 6.980077e-08 2.350442e-02
2 1.520914e-02 2.652484e-02 3.276366e-08 1.640175e-02
3 6.001346e-03 7.040391e-03 2.781212e-08 6.289014e-03
4 5.600095e-03 8.810123e-03 2.720365e-08 6.105197e-03
5 3.429917e-03 1.040749e-02 2.692441e-08 4.157700e-03
6 2.805673e-03 6.930198e-03 2.677638e-08 3.237891e-03
7 2.233108e-03 5.132501e-03 2.670406e-08 2.550801e-03
8 1.423630e-03 2.421410e-03 2.667194e-08 1.585311e-03
9 9.837607e-04 1.871736e-03 2.665857e-08 1.117215e-03
10 6.705147e-04 1.359970e-03 2.665246e-08 7.652367e-04
11 5.034658e-04 9.675201e-04 2.664915e-08 5.655252e-04
12 3.897130e-04 6.844412e-04 2.664704e-08 4.315105e-04
1 1.700424e-02 6.838385e-02 7.690809e-08 2.609733e-02
2 2.014285e-02 3.100444e-02 3.933179e-08 2.130389e-02
3 4.452822e-03 7.051820e-03 2.909170e-08 4.812690e-03
4 7.213424e-03 1.061133e-02 2.816450e-08 7.715691e-03
5 3.497095e-03 1.043783e-02 2.775036e-08 4.465138e-03
6 3.706190e-03 1.072179e-02 2.754391e-08 4.433061e-03
7 2.200616e-03 4.464234e-03 2.743169e-08 2.459282e-03
8 1.809597e-03 4.219111e-03 2.738650e-08 2.080783e-03
9 1.161519e-03 2.606519e-03 2.736804e-08 1.365852e-03
10 8.312910e-04 1.872214e-03 2.735856e-08 9.719527e-04
11 6.051279e-04 1.454497e-03 2.735281e-08 7.114354e-04
12 4.726167e-04 1.123284e-03 2.734904e-08 5.494771e-04
1 1.658157e-02 6.631535e-02 7.421318e-08 2.529005e-02
2 1.617469e-02 2.655788e-02 4.835419e-08 1.734259e-02
3 4.599832e-03 8.313780e-03 3.585605e-08 5.329316e-03
4 3.263326e-03 7.559543e-03 2.973106e-08 3.953520e-03
5 6.900789e-03 1.094150e-02 2.923276e-08 7.334873e-03
6 3.348249e-03 1.224896e-02 2.886729e-08 4.868852e-03
7 3.787564e-03 1.152910e-02 2.871702e-08 4.603019e-03
8 2.148523e-03 3.592144e-03 2.862558e-08 2.345083e-03
9 2.296535e-03 3.850350e-03 2.859738e-08 2.495869e-03
10 9.172948e-04 1.722316e-03 2.858795e-08 1.025745e-03
11 6.293881e-04 1.255768e-03 2.858434e-08 7.024124e-04
12 4.444899e-04 8.899153e-04 2.858250e-08 4.934672e-04
13 3.369327e-04 6.375115e-04 2.858144e-08 3.691184e-04
1 1.628172e-02 5.934935e-02 7.023996e-08 2.363681e-02
2 1.455845e-02 2.399976e-02 3.594744e-08 1.560391e-02
3 4.205210e-03 6.834213e-03 2.959275e-08 4.478276e-03
4 7.111573e-03 9.481556e-03 2.902564e-08 7.569148e-03
5 2.897297e-03 9.570376e-03 2.872203e-08 3.910667e-03
6 3.671521e-03 9.618586e-03 2.857557e-08 4.266238e-03
7 1.899913e-03 3.913810e-03 2.849394e-08 2.170393e-03
8 1.635088e-03 4.009283e-03 2.846318e-08 1.895871e-03
9 9.472377e-04 1.851656e-03 2.845158e-08 1.118612e-03
10 6.769855e-04 1.411026e-03 2.844665e-08 7.808763e-04
11 5.068376e-04 1.019058e-03 2.844404e-08 5.683163e-04
12 3.867207e-04 7.299634e-04 2.844245e-08 4.249345e-04
1 1.691994e-02 6.543915e-02 7.531915e-08 2.521198e-02
2 1.805830e-02 2.947182e-02 4.098305e-08 1.936640e-02
3 3.976697e-03 8.249844e-03 3.003182e-08 4.690518e-03
4 6.710798e-03 9.692727e-03 2.917674e-08 7.145899e-03
5 3.339669e-03 1.075596e-02 2.883009e-08 4.372896e-03
6 3.622723e-03 9.732108e-03 2.865316e-08 4.223413e-03
7 2.295519e-03 4.524618e-03 2.855950e-08 2.584277e-03
8 1.921631e-03 3.909386e-03 2.852153e-08 2.205367e-03
9 1.004182e-03 1.994897e-03 2.850655e-08 1.094300e-03
10 7.108406e-04 1.502050e-03 2.849936e-08 8.147774e-04
11 5.552647e-04 1.061734e-03 2.849479e-08 6.150211e-04
12 4.475716e-04 7.541665e-04 2.849169e-08 4.846862e-04
1 1.637731e-02 5.830901e-02 6.765552e-08 2.303310e-02
2 1.833026e-02 2.867486e-02 4.441137e-08 1.938262e-02
3 4.184465e-03 8.260063e-03 2.905138e-08 4.781265e-03
4 5.934838e-03 7.925904e-03 2.815127e-08 6.305990e-03
5 3.293121e-03 9.551423e-03 2.780211e-08 4.052296e-03
6 3.561410e-03 1.025126e-02 2.761682e-08 4.291037e-03
7 2.386550e-03 5.754205e-03 2.751635e-08 2.739162e-03
8 2.173315e-03 4.846561e-03 2.747124e-08 2.456424e-03
9 1.180493e-03 2.144861e-03 2.745235e-08 1.281819e-03
10 8.705968e-04 1.763508e-03 2.744428e-08 9.934007e-04
11 6.094411e-04 1.326395e-03 2.744036e-08 6.957177e-04
12 4.597660e-04 9.863124e-04 2.743817e-08 5.206899e-04
1 1.826269e-02 7.100697e-02 8.166453e-08 2.779239e-02
2 1.589783e-02 3.063891e-02 4.985858e-08 1.724993e-02
3 6.007886e-03 1.093046e-02 3.064794e-08 7.042709e-03
4 7.258558e-03 1.049252e-02 2.954510e-08 7.740748e-03
5 3.294809e-03 1.081824e-02 2.908755e-08 4.667059e-03
6 3.763153e-03 1.107492e-02 2.886932e-08 4.564102e-03
7 2.212258e-03 5.411722e-03 2.876086e-08 2.593406e-03
8 2.084715e-03 4.724830e-03 2.872238e-08 2.369822e-03
9 9.981465e-04 1.797263e-03 2.870975e-08 1.068060e-03
10 6.894596e-04 1.378709e-03 2.870502e-08 7.718875e-04
11 4.910698e-04 1.001721e-03 2.870258e-08 5.500405e-04
12 3.740297e-04 7.257946e-04 2.870113e-08 4.115826e-04
1 1.654883e-02 5.798542e-02 7.040404e-08 2.319867e-02
2 1.404850e-02 2.865631e-02 4.108127e-08 1.564256e-02
3 4.867192e-03 6.834215e-03 3.400450e-08 5.089228e-03
4 4.342363e-03 6.485610e-03 3.181044e-08 4.543548e-03
5 4.813395e-03 7.518020e-03 3.132120e-08 5.104812e-03
6 2.692886e-03 7.888847e-03 3.110065e-08 3.313305e-03
7 2.293758e-03 5.528761e-03 3.097996e-08 2.652327e-03
8 1.417287e-03 2.805314e-03 3.089362e-08 1.624765e-03
9 1.008590e-03 2.126212e-03 3.084081e-08 1.163432e-03
10 6.994714e-04 1.462572e-03 3.082297e-08 8.265237e-04
11 5.570366e-04 9.814271e-04 3.081564e-08 6.128985e-04
12 4.253625e-04 7.256504e-04 3.081234e-08 4.602782e-04
1 8.602040e-03 1.156935e-02 2.860751e-08 9.592509e-03
2 3.192500e-03 6.523038e-03 2.856646e-08 3.454645e-03
3 2.360039e-03 3.768943e-03 2.854229e-08 2.497204e-03
4 1.608176e-03 2.848976e-03 2.853030e-08 1.765239e-03
5 1.149698e-03 2.094698e-03 2.852431e-08 1.238579e-03
6 7.307331e-04 1.473068e-03 2.852117e-08 8.241574e-04
7 5.231610e-04 1.118815e-03 2.851937e-08 5.918433e-04
8 4.061491e-04 8.578015e-04 2.851826e-08 4.521544e-04
1 8.859660e-03 1.390375e-02 2.846784e-08 1.009593e-02
2 5.013504e-03 5.917270e-03 2.843960e-08 5.142182e-03
3 2.337547e-03 5.315325e-03 2.842631e-08 2.685598e-03
4 1.644115e-03 4.214102e-03 2.841922e-08 1.930726e-03
5 1.246802e-03 2.062785e-03 2.841550e-08 1.369972e-03
6 8.166655e-04 1.397717e-03 2.841346e-08 9.383489e-04
7 5.557476e-04 1.021077e-03 2.841224e-08 6.391330e-04
8 4.218511e-04 7.616093e-04 2.841144e-08 4.739780e-04
1 8.562289e-03 2.611183e-02 2.837212e-08 1.020480e-02
2 5.187951e-03 5.968023e-03 2.831908e-08 5.333873e-03
3 2.973283e-03 8.301549e-03 2.830571e-08 3.402790e-03
4 1.847511e-03 4.475670e-03 2.829887e-08 2.074426e-03
5 1.522005e-03 2.866771e-03 2.829561e-08 1.630176e-03
6 8.643357e-04 1.671185e-03 2.829400e-08 9.793006e-04
7 5.342675e-04 9.191718e-04 2.829308e-08 6.140655e-04
8 3.751781e-04 7.039641e-04 2.829247e-08 4.188308e-04
1 8.193388e-03 3.458901e-02 2.832745e-08 1.074544e-02
2 5.721101e-03 7.089529e-03 2.822212e-08 5.999720e-03
3 3.360615e-03 1.096841e-02 2.820262e-08 4.213745e-03
4 1.700274e-03 2.689922e-03 2.819408e-08 1.789698e-03
5 1.589210e-03 2.778898e-03 2.819140e-08 1.662994e-03
6 8.283987e-04 1.231376e-03 2.819020e-08 8.850399e-04
7 4.778740e-04 8.379717e-04 2.818951e-08 5.354746e-04
8 3.037700e-04 6.468575e-04 2.818905e-08 3.508248e-04
1 8.189682e-03 4.006589e-02 2.833394e-08 1.164559e-02
2 5.863233e-03 7.396443e-03 2.820764e-08 6.197591e-03
3 2.919614e-03 9.110807e-03 2.817482e-08 3.605315e-03
4 1.384800e-03 2.325770e-03 2.816739e-08 1.485717e-03
5 1.346376e-03 1.985714e-03 2.816489e-08 1.408860e-03
6 9.538432e-04 1.228784e-03 2.816374e-08 9.968037e-04
7 5.393414e-04 8.914803e-04 2.816309e-08 5.853051e-04
8 3.350695e-04 6.153358e-04 2.816265e-08 3.789681e-04
1 8.478391e-03 4.249620e-02 2.836088e-08 1.239223e-02
2 4.574557e-03 5.297186e-03 2.822055e-08 4.805583e-03
3 2.027027e-03 5.387463e-03 2.820985e-08 2.438768e-03
4 1.422093e-03 2.295478e-03 2.820593e-08 1.493031e-03
5 1.049550e-03 2.054181e-03 2.820408e-08 1.122251e-03
6 7.714277e-04 1.235718e-03 2.820305e-08 8.286919e-04
7 5.301404e-04 8.240269e-04 2.820240e-08 5.821965e-04
8 3.567239e-04 6.275555e-04 2.820193e-08 3.950136e-04
1 8.362487e-03 3.775358e-02 2.829981e-08 1.168252e-02
2 2.981698e-03 3.505724e-03 2.821640e-08 3.127482e-03
3 2.436398e-03 4.405810e-03 2.820858e-08 2.566585e-03
4 1.404641e-03 2.418956e-03 2.820530e-08 1.476967e-03
5 1.001594e-03 2.081799e-03 2.820340e-08 1.088033e-03
6 6.593055e-04 1.314692e-03 2.820229e-08 7.303245e-04
7 4.527937e-04 8.254069e-04 2.820156e-08 5.029155e-04
8 3.231756e-04 6.291453e-04 2.820101e-08 3.643928e-04
1 8.281218e-03 3.098333e-02 2.824796e-08 1.076813e-02
2 2.635125e-03 3.108627e-03 2.819343e-08 2.755861e-03
3 2.358706e-03 4.658436e-03 2.818690e-08 2.506953e-03
4 1.417847e-03 2.532721e-03 2.818379e-08 1.494006e-03
5 8.641602e-04 2.009747e-03 2.818206e-08 9.437612e-04
6 6.220428e-04 9.952944e-04 2.818096e-08 6.870465e-04
7 3.749870e-04 8.181278e-04 2.818016e-08 4.364283e-04
1 8.241704e-03 2.400121e-02 2.819798e-08 1.001659e-02
2 2.688512e-03 3.136721e-03 2.816109e-08 2.793966e-03
3 2.419298e-03 5.419932e-03 2.815414e-08 2.591732e-03
4 1.256043e-03 2.352178e-03 2.815099e-08 1.335100e-03
5 9.345086e-04 1.263841e-03 2.814929e-08 9.805592e-04
6 5.312343e-04 1.005623e-03 2.814815e-08 5.903210e-04
7 3.646356e-04 8.552596e-04 2.814725e-08 4.272861e-04
1 8.095998e-03 1.691619e-02 2.814439e-08 9.441059e-03
2 2.150179e-03 2.604903e-03 2.811737e-08 2.217311e-03
3 2.579062e-03 6.284099e-03 2.810977e-08 2.785942e-03
4 1.309131e-03 2.295651e-03 2.810619e-08 1.418843e-03
5 8.755434e-04 1.782437e-03 2.810424e-08 9.527425e-04
6 6.152856e-04 1.084220e-03 2.810296e-08 6.706043e-04
7 3.777161e-04 9.106829e-04 2.810199e-08 4.409242e-04
1 7.903689e-03 1.302469e-02 2.809388e-08 9.017610e-03
2 3.025283e-03 3.184110e-03 2.807115e-08 3.126187e-03
3 2.097843e-03 6.915111e-03 2.806313e-08 2.518478e-03
4 1.249180e-03 1.837943e-03 2.805976e-08 1.318150e-03
5 9.026911e-04 1.380142e-03 2.805795e-08 9.497954e-04
6 5.795695e-04 1.091474e-03 2.805672e-08 6.290965e-04
7 3.715517e-04 9.099451e-04 2.805577e-08 4.282138e-04
1 7.738392e-03 1.341608e-02 2.803652e-08 8.857176e-03
2 3.163646e-03 3.318630e-03 2.801068e-08 3.288474e-03
3 2.147580e-03 7.358490e-03 2.800315e-08 2.589617e-03
4 1.381771e-03 1.837896e-03 2.799966e-08 1.435816e-03
5 8.118961e-04 1.590307e-03 2.799793e-08 8.661016e-04
6 4.474370e-04 1.112961e-03 2.799671e-08 5.044303e-04
7 2.846864e-04 9.514552e-04 2.799573e-08 3.514898e-04
1 7.775954e-03 1.374168e-02 2.800535e-08 8.946679e-03
2 2.920376e-03 2.980921e-03 2.798047e-08 3.013757e-03
3 2.267395e-03 7.289891e-03 2.797304e-08 2.676405e-03
4 1.078830e-03 2.214940e-03 2.796966e-08 1.209428e-03
5 8.853287e-04 1.447392e-03 2.796793e-08 9.297631e-04
6 4.982648e-04 1.088131e-03 2.796677e-08 5.456889e-04
7 3.171656e-04 9.030721e-04 2.796588e-08 3.713655e-04
1 7.883793e-03 1.530142e-02 2.796942e-08 9.134291e-03
2 2.683665e-03 3.101105e-03 2.794452e-08 2.761173e-03
3 2.404699e-03 7.062553e-03 2.793750e-08 2.738566e-03
4 1.119257e-03 1.987429e-03 2.793440e-08 1.200815e-03
5 7.361208e-04 1.432477e-03 2.793283e-08 7.945326e-04
6 4.216613e-04 1.043578e-03 2.793177e-08 4.704707e-04
7 2.653449e-04 8.618500e-04 2.793094e-08 3.208885e-04
1 8.098933e-03 1.894135e-02 2.794234e-08 9.547463e-03
2 2.825047e-03 3.132805e-03 2.791331e-08 2.892956e-03
3 2.466764e-03 7.223755e-03 2.790640e-08 2.801868e-03
4 1.192931e-03 1.854098e-03 2.790339e-08 1.244619e-03
5 6.800243e-04 1.578155e-03 2.790184e-08 7.601557e-04
6 3.797382e-04 1.047654e-03 2.790079e-08 4.419025e-04
7 2.312176e-04 8.666756e-04 2.789998e-08 3.015449e-04
1 8.349591e-03 2.171562e-02 2.791619e-08 1.000942e-02
2 2.744056e-03 3.240709e-03 2.788545e-08 2.813558e-03
3 2.449970e-03 6.992820e-03 2.787881e-08 2.762956e-03
4 9.476541e-04 2.106524e-03 2.787591e-08 1.079871e-03
5 6.970680e-04 1.329595e-03 2.787451e-08 7.501992e-04
6 3.754424e-04 9.984210e-04 2.787356e-08 4.325229e-04
7 2.363795e-04 8.347470e-04 2.787282e-08 3.031498e-04
1 8.526411e-03 2.350960e-02 2.788710e-08 1.035899e-02
2 2.510596e-03 3.304972e-03 2.785574e-08 2.596415e-03
3 2.406411e-03 6.563404e-03 2.784944e-08 2.669521e-03
4 9.752474e-04 1.989327e-03 2.784666e-08 1.088482e-03
5 7.168106e-04 1.308369e-03 2.784530e-08 7.733976e-04
6 3.800760e-04 9.640256e-04 2.784440e-08 4.368929e-04
7 2.444581e-04 8.164818e-04 2.784370e-08 3.097025e-04
