31 0
25 5
25 53
26 113
26 109
26 107
25 97
24 102
23 94
23 91
23 83
11 81
10 81
9 89
8 79
8 75
4 70
4 66
6 68
7 76
7 81
7 77
7 83
6 85
6 89
62 74
28 69
20 107
20 109
16 71
17 49
15 50
13 49
10 41
6 41
9 40
10 47
12 47
12 46
12 48
10 53
8 53
6 53
4 53
6 54
8 53
8 49
8 47
8 47
7 47
31 0
24 5
24 15
25 111
26 105
24 135
24 108
24 134
24 109
23 109
23 97
9 89
7 91
6 87
6 93
4 95
3 95
4 95
4 93
4 90
4 91
4 92
3 91
3 91
3 91
60 30
31 31
26 114
26 110
22 69
19 64
16 56
13 56
7 56
8 56
12 56
14 56
14 62
14 62
12 66
8 68
6 70
4 63
6 81
8 95
8 95
7 88
7 86
6 83
4 81
31 0
25 5
25 15
23 134
26 121
24 127
24 134
24 142
23 110
22 103
23 123
7 115
6 124
4 125
4 125
4 123
3 122
3 122
3 122
3 123
3 123
3 123
3 124
3 124
3 124
58 16
30 14
26 38
26 116
27 89
22 53
17 47
14 47
6 47
8 47
12 45
14 46
15 53
14 54
12 57
10 56
8 78
4 86
6 106
8 104
8 93
8 83
8 87
7 95
6 88
31 0
25 5
25 15
23 134
26 121
24 127
24 134
24 142
23 110
22 103
23 123
7 115
6 124
4 125
4 125
4 123
3 122
3 122
3 122
3 123
3 123
3 123
3 124
3 124
3 124
58 16
30 14
26 38
26 116
27 89
22 53
17 47
14 47
6 47
8 47
12 45
14 46
15 53
14 54
12 57
10 56
8 78
4 86
6 106
8 104
8 93
8 83
8 87
7 95
6 88
