1.000006e+00 1.000004e+00
1.000007e+00 1.000004e+00
1.000004e+00 1.000001e+00
1.000002e+00 1.000001e+00
1.000004e+00 1.000002e+00
1.000003e+00 1.000001e+00
1.000004e+00 1.000002e+00
1.000005e+00 1.000002e+00
1.000005e+00 1.000003e+00
1.000006e+00 1.000003e+00
1.000007e+00 1.000003e+00
1.000006e+00 1.000003e+00
1.000005e+00 1.000002e+00
1.000005e+00 1.000001e+00
1.000005e+00 1.000001e+00
1.000005e+00 1.000001e+00
1.000005e+00 1.000001e+00
1.000005e+00 1.000001e+00
1.000005e+00 1.000001e+00
1.000005e+00 1.000001e+00
1.000006e+00 1.000002e+00
1.000006e+00 1.000002e+00
1.000006e+00 1.000002e+00
1.000006e+00 1.000003e+00
1.000006e+00 1.000003e+00
1.000013e+00 1.000004e+00
1.000008e+00 1.000003e+00
1.000002e+00 1.000001e+00
1.000001e+00 1.000001e+00
1.000068e+00 1.000006e+00
1.000027e+00 1.000002e+00
1.000020e+00 1.000002e+00
1.000003e+00 1.000001e+00
1.000002e+00 1.000001e+00
1.000003e+00 1.000000e+00
1.000003e+00 1.000001e+00
1.000002e+00 1.000001e+00
1.000003e+00 1.000000e+00
1.000003e+00 1.000001e+00
1.000003e+00 1.000000e+00
1.000003e+00 1.000001e+00
1.000003e+00 1.000000e+00
1.000003e+00 1.000000e+00
1.000004e+00 1.000000e+00
1.000003e+00 1.000000e+00
1.000003e+00 1.000000e+00
1.000003e+00 1.000000e+00
1.000003e+00 1.000000e+00
1.000003e+00 1.000000e+00
1.000003e+00 1.000000e+00
1.000006e+00 1.000004e+00
1.000007e+00 1.000004e+00
1.000003e+00 1.000001e+00
1.000002e+00 1.000001e+00
1.000003e+00 1.000001e+00
1.000003e+00 1.000002e+00
1.000003e+00 1.000001e+00
1.000003e+00 1.000001e+00
1.000003e+00 1.000002e+00
1.000004e+00 1.000002e+00
1.000005e+00 1.000002e+00
1.000004e+00 1.000002e+00
1.000004e+00 1.000001e+00
1.000003e+00 1.000001e+00
1.000003e+00 1.000001e+00
1.000003e+00 1.000001e+00
1.000003e+00 1.000001e+00
1.000003e+00 1.000001e+00
1.000003e+00 1.000001e+00
1.000004e+00 1.000001e+00
1.000004e+00 1.000001e+00
1.000003e+00 1.000001e+00
1.000003e+00 1.000001e+00
1.000003e+00 1.000001e+00
1.000003e+00 1.000001e+00
1.000015e+00 1.000004e+00
1.000010e+00 1.000003e+00
1.000003e+00 1.000002e+00
1.000002e+00 1.000001e+00
1.000016e+00 1.000002e+00
1.000012e+00 1.000002e+00
1.000094e+00 1.000006e+00
1.000003e+00 1.000001e+00
1.000003e+00 1.000001e+00
1.000003e+00 1.000001e+00
1.000003e+00 1.000001e+00
1.000003e+00 1.000001e+00
1.000007e+00 1.000001e+00
1.000004e+00 1.000001e+00
1.000004e+00 1.000001e+00
1.000003e+00 1.000001e+00
1.000005e+00 1.000000e+00
1.000006e+00 1.000001e+00
1.000002e+00 1.000001e+00
1.000001e+00 1.000000e+00
1.000001e+00 1.000000e+00
1.000010e+00 1.000001e+00
1.000002e+00 1.000000e+00
1.000003e+00 1.000000e+00
1.000003e+00 1.000000e+00
1.000006e+00 1.000004e+00
1.000007e+00 1.000004e+00
1.000003e+00 1.000001e+00
1.000002e+00 1.000001e+00
1.000002e+00 1.000001e+00
1.000003e+00 1.000001e+00
1.000002e+00 1.000001e+00
1.000003e+00 1.000001e+00
1.000003e+00 1.000001e+00
1.000004e+00 1.000002e+00
1.000004e+00 1.000002e+00
1.000004e+00 1.000002e+00
1.000003e+00 1.000001e+00
1.000003e+00 1.000001e+00
1.000003e+00 1.000001e+00
1.000003e+00 1.000001e+00
1.000003e+00 1.000001e+00
1.000003e+00 1.000001e+00
1.000003e+00 1.000001e+00
1.000003e+00 1.000001e+00
1.000003e+00 1.000001e+00
1.000003e+00 1.000001e+00
1.000003e+00 1.000001e+00
1.000003e+00 1.000001e+00
1.000003e+00 1.000001e+00
1.000013e+00 1.000004e+00
1.000012e+00 1.000004e+00
1.000005e+00 1.000002e+00
1.000017e+00 1.000003e+00
1.000003e+00 1.000001e+00
1.000006e+00 1.000002e+00
1.000027e+00 1.000003e+00
1.000003e+00 1.000001e+00
1.000003e+00 1.000001e+00
1.000003e+00 1.000001e+00
1.000003e+00 1.000001e+00
1.000004e+00 1.000001e+00
1.000010e+00 1.000001e+00
1.000006e+00 1.000001e+00
1.000004e+00 1.000001e+00
1.000004e+00 1.000000e+00
1.000006e+00 1.000001e+00
1.000002e+00 1.000001e+00
1.000001e+00 1.000000e+00
1.000001e+00 1.000000e+00
1.000002e+00 1.000000e+00
1.000001e+00 1.000000e+00
1.000001e+00 1.000000e+00
1.000004e+00 1.000001e+00
1.000002e+00 1.000000e+00
1.000006e+00 1.000004e+00
1.000007e+00 1.000004e+00
1.000003e+00 1.000001e+00
1.000002e+00 1.000001e+00
1.000002e+00 1.000001e+00
1.000003e+00 1.000001e+00
1.000002e+00 1.000001e+00
1.000003e+00 1.000001e+00
1.000003e+00 1.000001e+00
1.000004e+00 1.000002e+00
1.000004e+00 1.000002e+00
1.000004e+00 1.000002e+00
1.000003e+00 1.000001e+00
1.000003e+00 1.000001e+00
1.000003e+00 1.000001e+00
1.000003e+00 1.000001e+00
1.000003e+00 1.000001e+00
1.000003e+00 1.000001e+00
1.000003e+00 1.000001e+00
1.000003e+00 1.000001e+00
1.000003e+00 1.000001e+00
1.000003e+00 1.000001e+00
1.000003e+00 1.000001e+00
1.000003e+00 1.000001e+00
1.000003e+00 1.000001e+00
1.000013e+00 1.000004e+00
1.000012e+00 1.000004e+00
1.000005e+00 1.000002e+00
1.000017e+00 1.000003e+00
1.000003e+00 1.000001e+00
1.000006e+00 1.000002e+00
1.000027e+00 1.000003e+00
1.000003e+00 1.000001e+00
1.000003e+00 1.000001e+00
1.000003e+00 1.000001e+00
1.000003e+00 1.000001e+00
1.000004e+00 1.000001e+00
1.000010e+00 1.000001e+00
1.000006e+00 1.000001e+00
1.000004e+00 1.000001e+00
1.000004e+00 1.000000e+00
1.000006e+00 1.000001e+00
1.000002e+00 1.000001e+00
1.000001e+00 1.000000e+00
1.000001e+00 1.000000e+00
1.000002e+00 1.000000e+00
1.000001e+00 1.000000e+00
1.000001e+00 1.000000e+00
1.000004e+00 1.000001e+00
1.000002e+00 1.000000e+00
