11 143
12 153
10 154
10 175
8 180
5 185
7 177
7 187
7 196
7 179
4 178
4 184
7 185
9 175
7 198
9 169
4 170
4 177
7 165
9 149
8 177
9 165
4 169
4 157
7 159
7 166
8 168
7 168
4 162
4 167
7 163
6 178
7 151
7 172
4 166
6 158
7 147
7 157
8 149
7 162
4 176
4 169
8 149
7 161
5 163
7 150
4 162
4 166
8 160
7 144
7 152
8 143
4 147
4 152
6 165
8 130
7 151
5 154
7 150
4 143
7 150
5 156
15 131
26 149
4 152
8 148
13 141
23 151
9 153
13 138
4 146
4 157
8 119
13 151
7 156
8 108
4 112
4 144
7 158
7 130
20 159
9 150
4 131
4 114
7 157
8 130
7 153
7 162
4 167
7 116
19 152
23 144
7 113
35 157
4 162
4 162
9 122
27 161
4 163
9 149
4 171
4 173
4 177
9 174
7 187
4 193
9 196
4 230
7 268
4 285
10 413
4 424
4 441
4 432
4 448
9 525
13 498
9 502
5 510
4 520
8 527
9 500
9 492
8 496
4 505
8 509
8 514
10 492
8 496
8 497
4 492
4 493
4 497
10 491
9 485
8 494
4 487
4 487
4 479
11 496
9 488
9 470
4 459
4 467
10 488
9 495
11 483
9 461
4 456
4 459
9 463
9 488
9 486
4 491
4 496
11 466
9 459
8 473
4 486
7 491
4 487
4 485
4 487
13 456
9 489
4 508
4 507
8 477
4 471
4 465
13 460
10 467
4 478
4 475
12 474
11 444
9 459
4 457
4 465
4 479
4 496
4 505
16 461
9 468
7 481
4 486
4 501
4 509
4 512
11 500
11 480
4 481
4 479
4 482
10 532
16 482
8 475
8 515
4 533
4 535
10 503
4 502
4 498
15 472
11 484
4 480
4 486
8 514
4 517
4 511
15 458
9 503
4 514
4 513
4 511
4 524
9 527
16 493
11 512
4 506
4 502
4 519
4 522
5 527
18 494
10 506
4 515
4 518
9 499
4 500
13 463
8 502
4 499
4 505
4 496
4 502
9 497
15 472
9 465
4 472
4 476
9 486
4 488
4 494
15 456
8 490
4 497
4 497
11 485
14 463
4 464
4 462
10 487
4 486
4 494
10 495
4 487
14 445
8 465
4 469
4 476
8 486
4 480
4 479
4 477
4 467
18 474
10 459
4 457
4 456
4 463
4 458
18 434
9 458
4 462
4 460
17 437
10 463
4 482
4 486
4 497
4 501
4 505
4 511
23 491
12 505
4 512
4 513
4 514
5 510
20 500
4 493
4 481
4 481
10 522
7 523
5 515
16 498
4 504
4 503
4 498
5 510
10 521
4 510
6 518
4 511
18 508
9 540
4 539
4 545
5 542
5 540
4 545
4 535
6 536
20 542
7 542
6 541
4 535
4 532
4 522
25 533
8 543
4 542
4 540
4 545
4 540
19 524
9 539
4 535
4 528
4 525
16 524
4 524
4 525
4 527
16 539
4 535
4 522
19 538
10 547
4 546
4 542
8 536
16 535
4 531
4 529
4 531
4 527
4 529
4 532
12 555
4 543
4 538
