1.000227e+00 1.000060e+00
1.000110e+00 1.000047e+00
1.000147e+00 1.000084e+00
1.000387e+00 1.000184e+00
1.000517e+00 1.000255e+00
1.000684e+00 1.000347e+00
1.000645e+00 1.000324e+00
1.000527e+00 1.000302e+00
1.000886e+00 1.000506e+00
1.000546e+00 1.000323e+00
1.000870e+00 1.000485e+00
1.000849e+00 1.000466e+00
1.000652e+00 1.000364e+00
1.000531e+00 1.000310e+00
1.000898e+00 1.000497e+00
1.000535e+00 1.000316e+00
1.000856e+00 1.000468e+00
1.000845e+00 1.000470e+00
1.000756e+00 1.000427e+00
1.000516e+00 1.000306e+00
1.000837e+00 1.000475e+00
1.000547e+00 1.000326e+00
1.000867e+00 1.000479e+00
1.000884e+00 1.000499e+00
1.001058e+00 1.000621e+00
1.000631e+00 1.000369e+00
1.000747e+00 1.000441e+00
1.000863e+00 1.000487e+00
1.000901e+00 1.000509e+00
1.001151e+00 1.000648e+00
1.000951e+00 1.000569e+00
1.001037e+00 1.000577e+00
1.000778e+00 1.000463e+00
1.001161e+00 1.000686e+00
1.001454e+00 1.000856e+00
1.000662e+00 1.000396e+00
1.000792e+00 1.000462e+00
1.001325e+00 1.000793e+00
1.000650e+00 1.000397e+00
1.000910e+00 1.000550e+00
1.001299e+00 1.000760e+00
1.001587e+00 1.000930e+00
1.000658e+00 1.000402e+00
1.001061e+00 1.000634e+00
1.001605e+00 1.000886e+00
1.000765e+00 1.000456e+00
1.001097e+00 1.000612e+00
1.001307e+00 1.000757e+00
1.000760e+00 1.000443e+00
1.000889e+00 1.000520e+00
1.001445e+00 1.000845e+00
1.000778e+00 1.000451e+00
1.001129e+00 1.000590e+00
1.001118e+00 1.000608e+00
1.001687e+00 1.000960e+00
1.000807e+00 1.000457e+00
1.001090e+00 1.000628e+00
1.001888e+00 1.001063e+00
1.000745e+00 1.000422e+00
1.001222e+00 1.000631e+00
1.001263e+00 1.000714e+00
1.001977e+00 1.001023e+00
1.000691e+00 1.000394e+00
1.001379e+00 1.000780e+00
1.001887e+00 1.001056e+00
1.000840e+00 1.000475e+00
1.000982e+00 1.000552e+00
1.001572e+00 1.000889e+00
1.000985e+00 1.000547e+00
1.001079e+00 1.000615e+00
1.001459e+00 1.000804e+00
1.001822e+00 1.001011e+00
1.000991e+00 1.000546e+00
1.001217e+00 1.000686e+00
1.001899e+00 1.001023e+00
1.000920e+00 1.000505e+00
1.001430e+00 1.000758e+00
1.001506e+00 1.000823e+00
1.001749e+00 1.000943e+00
1.000756e+00 1.000420e+00
1.001502e+00 1.000832e+00
1.001009e+00 1.000549e+00
1.001408e+00 1.000754e+00
1.001359e+00 1.000738e+00
1.001713e+00 1.000940e+00
1.001095e+00 1.000598e+00
1.001248e+00 1.000686e+00
1.001818e+00 1.000991e+00
1.002237e+00 1.001218e+00
1.001137e+00 1.000616e+00
1.001399e+00 1.000767e+00
1.000796e+00 1.000437e+00
1.001145e+00 1.000623e+00
1.001514e+00 1.000833e+00
1.002083e+00 1.001135e+00
1.002397e+00 1.001306e+00
1.001353e+00 1.000737e+00
1.001752e+00 1.000964e+00
1.002806e+00 1.001537e+00
1.001403e+00 1.000771e+00
1.001797e+00 1.000988e+00
1.002124e+00 1.001170e+00
1.003166e+00 1.001742e+00
1.001636e+00 1.000901e+00
1.002220e+00 1.001227e+00
1.003302e+00 1.001825e+00
1.001582e+00 1.000883e+00
1.002082e+00 1.001167e+00
1.002536e+00 1.001428e+00
1.003692e+00 1.002076e+00
1.002028e+00 1.001180e+00
1.003368e+00 1.001942e+00
1.003941e+00 1.002271e+00
1.004538e+00 1.002608e+00
1.005771e+00 1.003312e+00
1.003780e+00 1.002426e+00
1.001301e+00 1.000642e+00
1.001329e+00 1.000826e+00
1.001380e+00 1.000817e+00
1.001573e+00 1.000908e+00
1.001551e+00 1.000730e+00
1.001453e+00 1.000631e+00
1.001301e+00 1.000677e+00
1.001389e+00 1.000728e+00
1.001573e+00 1.000982e+00
1.001513e+00 1.000680e+00
1.001569e+00 1.000746e+00
1.001420e+00 1.000611e+00
1.001322e+00 1.000761e+00
1.001417e+00 1.000888e+00
1.001632e+00 1.001041e+00
1.001873e+00 1.000869e+00
1.002617e+00 1.001224e+00
1.002133e+00 1.000908e+00
1.001705e+00 1.000783e+00
1.001601e+00 1.000911e+00
1.001699e+00 1.001050e+00
1.001889e+00 1.000865e+00
1.002578e+00 1.001198e+00
1.002168e+00 1.000912e+00
1.001852e+00 1.000805e+00
1.001668e+00 1.000926e+00
1.001746e+00 1.001060e+00
1.001872e+00 1.000871e+00
1.001760e+00 1.000767e+00
1.001784e+00 1.001037e+00
1.001690e+00 1.000706e+00
1.001632e+00 1.000761e+00
1.001724e+00 1.001078e+00
1.001846e+00 1.000890e+00
1.001806e+00 1.000805e+00
1.001843e+00 1.001100e+00
1.001930e+00 1.000896e+00
1.002445e+00 1.001265e+00
1.002768e+00 1.001363e+00
1.001987e+00 1.000859e+00
1.001868e+00 1.000840e+00
1.001895e+00 1.001181e+00
1.002547e+00 1.001208e+00
1.002797e+00 1.001302e+00
1.003029e+00 1.001916e+00
1.003324e+00 1.001563e+00
1.004255e+00 1.001932e+00
1.003316e+00 1.001387e+00
1.002859e+00 1.001671e+00
1.003324e+00 1.002064e+00
1.003957e+00 1.002379e+00
1.003449e+00 1.001553e+00
1.003930e+00 1.002515e+00
1.004795e+00 1.002652e+00
1.003774e+00 1.001668e+00
1.003325e+00 1.001917e+00
1.003389e+00 1.002092e+00
1.003662e+00 1.002332e+00
1.003211e+00 1.001382e+00
1.002879e+00 1.001582e+00
1.002812e+00 1.001606e+00
1.003200e+00 1.001987e+00
1.003800e+00 1.002304e+00
1.003751e+00 1.001814e+00
1.004650e+00 1.002315e+00
1.005674e+00 1.003486e+00
1.003895e+00 1.001771e+00
1.003483e+00 1.002144e+00
1.003057e+00 1.001965e+00
1.003302e+00 1.002148e+00
1.004185e+00 1.001998e+00
1.004971e+00 1.002369e+00
1.005892e+00 1.002795e+00
1.005336e+00 1.002374e+00
1.004112e+00 1.002482e+00
1.004197e+00 1.002658e+00
1.004821e+00 1.002375e+00
1.005966e+00 1.003721e+00
1.005308e+00 1.002468e+00
1.004118e+00 1.001800e+00
1.003610e+00 1.002155e+00
1.003289e+00 1.001971e+00
1.003670e+00 1.002376e+00
1.004821e+00 1.002938e+00
1.004458e+00 1.002122e+00
1.005241e+00 1.003358e+00
1.005544e+00 1.003408e+00
1.003937e+00 1.001825e+00
1.003314e+00 1.002095e+00
1.003839e+00 1.002562e+00
1.004879e+00 1.003032e+00
1.004965e+00 1.002403e+00
1.005242e+00 1.003398e+00
1.005617e+00 1.003340e+00
1.004557e+00 1.002080e+00
1.003982e+00 1.002513e+00
1.004376e+00 1.002937e+00
1.005367e+00 1.003466e+00
1.005475e+00 1.002767e+00
1.005984e+00 1.003748e+00
1.005946e+00 1.002851e+00
1.004499e+00 1.002142e+00
1.003834e+00 1.002432e+00
1.004420e+00 1.002916e+00
1.004902e+00 1.003160e+00
1.005112e+00 1.002556e+00
1.006031e+00 1.002962e+00
1.006959e+00 1.003508e+00
1.004898e+00 1.002281e+00
1.004253e+00 1.002662e+00
1.004317e+00 1.002829e+00
1.004854e+00 1.003082e+00
1.004733e+00 1.002280e+00
1.005323e+00 1.003420e+00
1.004117e+00 1.001997e+00
1.003919e+00 1.002476e+00
1.004075e+00 1.002687e+00
1.004526e+00 1.002512e+00
1.005388e+00 1.002611e+00
1.006373e+00 1.003770e+00
1.006206e+00 1.002970e+00
1.004638e+00 1.002212e+00
1.003877e+00 1.002486e+00
1.004098e+00 1.002693e+00
1.005077e+00 1.002485e+00
1.004963e+00 1.002462e+00
1.005773e+00 1.003769e+00
1.006744e+00 1.003641e+00
1.004820e+00 1.002353e+00
1.004210e+00 1.002741e+00
1.004818e+00 1.003204e+00
1.005756e+00 1.003194e+00
1.005434e+00 1.002624e+00
1.004375e+00 1.002082e+00
1.004374e+00 1.002855e+00
1.004828e+00 1.003036e+00
1.004457e+00 1.002220e+00
1.005164e+00 1.003417e+00
1.006249e+00 1.003712e+00
1.005966e+00 1.002944e+00
1.006285e+00 1.003968e+00
1.004861e+00 1.002283e+00
1.004387e+00 1.002828e+00
1.005078e+00 1.003370e+00
1.006146e+00 1.003596e+00
1.006251e+00 1.003084e+00
1.006503e+00 1.004159e+00
1.006975e+00 1.003970e+00
1.007704e+00 1.003780e+00
1.008635e+00 1.005233e+00
1.005948e+00 1.002937e+00
1.005598e+00 1.003562e+00
1.005797e+00 1.003789e+00
1.006412e+00 1.004074e+00
1.007200e+00 1.003557e+00
1.008108e+00 1.004049e+00
1.005795e+00 1.002913e+00
1.005620e+00 1.003663e+00
1.006109e+00 1.003897e+00
1.006417e+00 1.003210e+00
1.004982e+00 1.002516e+00
1.004540e+00 1.002982e+00
1.005286e+00 1.003425e+00
1.006212e+00 1.003201e+00
1.006552e+00 1.003443e+00
1.006890e+00 1.003504e+00
1.007759e+00 1.003926e+00
1.008805e+00 1.004705e+00
1.006498e+00 1.003256e+00
1.005661e+00 1.003606e+00
1.005737e+00 1.003800e+00
1.006213e+00 1.004083e+00
1.007017e+00 1.003586e+00
1.008076e+00 1.004159e+00
1.006088e+00 1.003028e+00
1.006719e+00 1.004395e+00
1.006720e+00 1.003538e+00
1.007129e+00 1.003880e+00
1.006400e+00 1.003243e+00
1.006666e+00 1.004367e+00
1.007486e+00 1.004426e+00
1.005979e+00 1.003029e+00
1.006131e+00 1.004062e+00
1.006504e+00 1.004096e+00
1.007369e+00 1.003821e+00
1.007903e+00 1.004145e+00
1.007572e+00 1.003871e+00
1.008378e+00 1.004554e+00
1.008461e+00 1.004282e+00
1.008735e+00 1.004425e+00
1.007189e+00 1.003579e+00
1.006781e+00 1.004346e+00
1.007394e+00 1.004804e+00
1.008093e+00 1.004213e+00
1.008398e+00 1.004931e+00
1.008686e+00 1.004471e+00
1.009654e+00 1.004913e+00
1.010674e+00 1.005510e+00
1.011868e+00 1.006048e+00
1.008768e+00 1.004379e+00
1.008245e+00 1.005439e+00
1.008349e+00 1.005083e+00
1.008977e+00 1.004612e+00
1.009812e+00 1.005188e+00
1.010899e+00 1.005798e+00
1.007629e+00 1.003819e+00
1.006832e+00 1.004438e+00
1.007358e+00 1.004503e+00
1.008171e+00 1.004172e+00
1.009285e+00 1.005411e+00
1.010106e+00 1.005073e+00
1.007792e+00 1.003931e+00
1.006952e+00 1.004356e+00
1.007102e+00 1.004561e+00
1.007948e+00 1.004098e+00
1.008707e+00 1.004520e+00
1.007307e+00 1.003803e+00
1.007781e+00 1.005135e+00
1.008194e+00 1.005214e+00
1.008685e+00 1.004760e+00
1.007625e+00 1.003918e+00
1.008403e+00 1.005126e+00
1.009281e+00 1.004755e+00
1.007206e+00 1.003714e+00
1.006395e+00 1.004091e+00
1.006600e+00 1.004150e+00
1.007448e+00 1.003890e+00
1.007823e+00 1.004021e+00
1.006460e+00 1.003350e+00
1.006822e+00 1.004400e+00
1.007172e+00 1.004544e+00
1.007635e+00 1.004952e+00
1.008380e+00 1.004522e+00
1.009055e+00 1.004920e+00
1.010182e+00 1.006530e+00
1.009521e+00 1.004950e+00
1.009781e+00 1.006270e+00
1.010123e+00 1.005451e+00
