10 76
10 88
10 80
11 85
9 84
8 83
11 73
11 85
11 84
11 85
8 91
9 82
11 73
11 87
10 83
10 85
8 90
8 84
10 72
10 85
10 83
10 74
8 86
8 88
10 79
11 83
10 85
10 69
9 74
8 81
10 75
11 68
11 83
11 72
9 63
8 74
11 89
11 67
11 77
11 93
9 66
9 59
11 78
11 75
11 69
11 77
8 83
9 67
11 65
11 87
11 67
11 71
8 73
8 80
11 65
11 75
10 67
11 67
8 68
8 77
10 69
11 67
10 81
10 66
9 67
8 67
11 77
11 71
11 61
11 75
8 75
8 63
11 65
11 75
11 65
11 61
9 65
9 75
11 65
11 63
11 75
11 67
9 63
9 61
11 79
11 63
11 60
11 77
9 65
9 63
11 61
11 81
11 63
11 55
9 67
8 77
11 60
10 60
11 87
11 66
8 55
9 55
11 77
11 59
10 55
11 77
8 65
8 63
11 51
11 79
11 61
11 46
9 65
9 73
11 61
11 47
11 77
11 63
8 55
9 45
11 71
11 65
11 49
11 69
8 79
8 67
11 45
11 67
11 65
10 50
8 46
9 61
11 75
10 45
11 60
10 77
8 57
8 51
11 57
11 79
10 58
11 51
8 73
8 79
11 53
11 44
11 71
10 59
9 44
9 45
11 73
10 62
11 45
11 66
9 75
9 67
11 44
11 65
11 77
10 45
9 44
9 53
10 77
10 46
11 43
11 75
8 79
8 55
11 43
10 69
11 57
11 43
8 45
8 67
10 75
11 44
11 65
11 73
8 53
8 43
11 48
11 76
11 44
11 42
8 65
8 67
10 53
11 41
11 66
11 58
9 44
9 41
11 62
11 73
11 43
11 51
8 66
9 72
11 43
11 40
11 68
10 51
9 43
9 41
10 65
11 67
11 43
11 62
9 68
8 72
11 43
11 42
11 65
10 43
8 42
8 41
11 67
10 50
11 39
10 63
8 65
8 67
11 40
9 62
11 70
11 43
9 39
9 40
10 65
10 41
11 40
10 65
9 70
9 50
9 39
10 62
10 66
11 41
9 40
8 46
11 64
11 40
11 37
9 66
8 65
8 45
9 39
10 61
11 62
11 40
8 37
8 60
11 65
10 41
10 38
10 59
8 61
8 38
10 38
10 61
10 59
11 39
8 38
8 59
11 59
10 37
11 42
11 63
8 59
8 38
10 36
10 61
10 55
10 36
8 37
8 58
10 57
10 35
10 48
11 60
8 58
8 36
9 35
10 59
10 52
9 36
8 43
7 56
10 55
9 35
10 53
11 56
8 54
8 34
9 37
10 54
10 45
10 34
8 52
7 52
9 51
10 31
9 51
10 53
8 50
8 31
9 38
10 53
10 30
9 32
7 49
7 45
9 44
9 28
9 41
9 38
8 36
7 21
7 36
7 33
7 30
7 23
6 37
6 38
7 34
7 21
7 35
8 34
7 32
7 22
7 37
8 34
9 21
7 24
6 35
6 34
7 32
7 23
7 35
7 34
6 21
6 21
7 35
8 33
8 22
7 38
6 34
6 33
8 21
7 30
7 33
7 30
6 22
6 30
7 42
8 43
7 32
7 47
6 48
7 55
7 35
7 44
8 45
8 36
7 33
7 49
7 43
8 37
7 36
7 45
8 43
6 41
7 36
7 48
8 47
8 39
10 49
6 49
8 48
8 40
16 53
9 52
7 48
7 42
10 55
10 52
8 43
8 60
6 60
6 58
9 51
8 61
7 63
8 58
7 47
22 50
7 65
16 60
18 50
7 70
19 63
7 60
8 55
12 76
9 72
8 61
7 72
6 76
12 73
8 64
8 86
15 78
11 71
7 71
8 96
9 91
8 82
8 106
6 113
17 98
8 94
8 116
9 114
8 110
11 123
10 138
17 140
14 139
8 189
9 245
4 262
4 260
7 283
8 293
6 285
7 289
4 287
9 308
12 307
4 303
4 299
10 299
6 299
4 296
9 299
8 298
8 292
8 306
4 299
4 301
7 289
8 292
8 296
7 288
7 292
4 291
8 297
8 298
8 288
9 282
4 292
4 292
8 301
8 301
9 291
8 278
4 291
4 287
8 293
9 296
8 302
8 289
4 282
4 282
9 288
8 291
8 294
8 290
7 295
4 287
8 277
7 285
8 285
9 291
4 298
4 299
8 282
8 274
8 292
8 295
4 294
4 288
8 283
7 281
8 286
8 294
4 289
4 283
8 290
7 299
8 280
9 279
6 288
4 293
8 304
7 292
9 291
8 277
4 270
7 284
8 287
9 291
8 295
8 290
4 284
4 278
9 278
8 287
7 299
8 276
7 287
6 286
7 276
8 276
8 289
9 285
4 280
6 291
8 281
7 276
8 278
8 292
4 288
4 290
9 274
8 284
7 275
8 277
4 284
4 278
9 286
8 290
8 282
8 265
5 267
6 273
7 284
7 288
10 277
8 273
4 266
5 266
8 271
7 276
8 282
8 287
5 279
4 272
8 264
8 276
7 285
7 280
4 272
8 276
7 272
7 266
8 271
7 274
6 278
5 273
8 282
8 269
9 255
8 279
5 279
5 287
7 265
8 267
7 269
8 265
5 262
6 272
8 279
8 270
8 277
8 270
6 254
4 255
8 278
8 281
9 269
8 269
6 266
5 262
8 263
8 272
7 271
9 268
6 267
6 270
8 252
8 264
7 274
7 271
4 264
9 263
8 261
7 256
8 257
7 266
5 261
5 264
9 261
8 262
8 253
8 259
6 269
6 277
7 267
9 264
8 261
7 262
5 249
7 254
7 270
8 263
8 260
8 261
5 255
7 256
8 266
7 269
7 265
9 263
6 268
6 261
8 257
9 271
8 265
8 256
6 254
6 263
8 262
8 253
8 258
7 274
5 267
5 250
8 250
8 255
8 256
10 263
7 265
5 261
9 255
8 250
8 253
8 239
6 246
6 247
8 264
10 239
8 245
8 242
6 248
5 241
8 246
8 255
6 249
8 239
6 240
6 238
