17 140
18 119
20 126
19 122
19 153
16 157
16 163
23 162
22 163
20 166
22 151
21 165
23 163
22 164
19 163
18 179
16 167
17 165
17 170
14 176
22 169
20 176
18 170
25 173
25 178
24 190
23 174
23 178
23 183
21 173
23 168
25 180
24 184
23 163
25 167
22 164
26 156
26 161
23 158
25 164
24 154
23 153
27 162
23 151
23 155
20 146
22 153
20 146
21 158
19 178
21 189
18 185
18 190
20 197
20 194
20 199
22 202
20 190
19 188
20 194
19 189
20 190
17 174
17 176
18 177
17 169
19 170
22 179
19 176
17 167
22 188
25 179
22 184
23 175
27 191
21 172
24 182
27 186
28 185
30 224
32 233
42 238
38 275
28 314
31 306
12 305
76 309
53 314
48 313
17 316
76 317
25 327
59 324
15 329
100 341
93 332
92 357
60 322
23 311
126 363
11 347
61 421
33 405
31 389
33 402
24 388
26 421
28 435
