1.000033e+00 1.000009e+00
1.000053e+00 1.000014e+00
1.000047e+00 1.000009e+00
1.000046e+00 1.000011e+00
1.000043e+00 1.000012e+00
1.000047e+00 1.000014e+00
1.000048e+00 1.000014e+00
1.000056e+00 1.000016e+00
1.000061e+00 1.000017e+00
1.000071e+00 1.000021e+00
1.000059e+00 1.000020e+00
1.000075e+00 1.000026e+00
1.000057e+00 1.000020e+00
1.000059e+00 1.000021e+00
1.000060e+00 1.000018e+00
1.000085e+00 1.000021e+00
1.000076e+00 1.000019e+00
1.000081e+00 1.000021e+00
1.000073e+00 1.000019e+00
1.000081e+00 1.000022e+00
1.000074e+00 1.000021e+00
1.000082e+00 1.000025e+00
1.000127e+00 1.000037e+00
1.000117e+00 1.000037e+00
1.000110e+00 1.000033e+00
1.000089e+00 1.000031e+00
1.000101e+00 1.000038e+00
1.000101e+00 1.000042e+00
1.000115e+00 1.000043e+00
1.000116e+00 1.000051e+00
1.000113e+00 1.000051e+00
1.000120e+00 1.000052e+00
1.000131e+00 1.000049e+00
1.000105e+00 1.000043e+00
1.000142e+00 1.000058e+00
1.000126e+00 1.000040e+00
1.000114e+00 1.000043e+00
1.000137e+00 1.000053e+00
1.000145e+00 1.000047e+00
1.000140e+00 1.000046e+00
1.000166e+00 1.000058e+00
1.000163e+00 1.000057e+00
1.000185e+00 1.000074e+00
1.000215e+00 1.000100e+00
1.000270e+00 1.000120e+00
1.000216e+00 1.000084e+00
1.000252e+00 1.000106e+00
1.000228e+00 1.000088e+00
1.000294e+00 1.000113e+00
1.000216e+00 1.000074e+00
1.000319e+00 1.000106e+00
1.000282e+00 1.000093e+00
1.000342e+00 1.000116e+00
1.000294e+00 1.000109e+00
1.000292e+00 1.000104e+00
1.000342e+00 1.000121e+00
1.000411e+00 1.000151e+00
1.000452e+00 1.000154e+00
1.000402e+00 1.000146e+00
1.000403e+00 1.000138e+00
1.000407e+00 1.000142e+00
1.000485e+00 1.000187e+00
1.000510e+00 1.000184e+00
1.000509e+00 1.000176e+00
1.000526e+00 1.000215e+00
1.000512e+00 1.000178e+00
1.000523e+00 1.000214e+00
1.000547e+00 1.000231e+00
1.000593e+00 1.000209e+00
1.000617e+00 1.000225e+00
1.000704e+00 1.000300e+00
1.000724e+00 1.000261e+00
1.000820e+00 1.000294e+00
1.000850e+00 1.000313e+00
1.000914e+00 1.000333e+00
1.000894e+00 1.000331e+00
1.001038e+00 1.000383e+00
1.001090e+00 1.000418e+00
1.001066e+00 1.000396e+00
1.001186e+00 1.000467e+00
1.001501e+00 1.000555e+00
1.001548e+00 1.000592e+00
1.002134e+00 1.000851e+00
1.003171e+00 1.001269e+00
1.006897e+00 1.003169e+00
1.013922e+00 1.007726e+00
1.010727e+00 1.004020e+00
1.014210e+00 1.006130e+00
1.018536e+00 1.006239e+00
1.025733e+00 1.009920e+00
1.025034e+00 1.008354e+00
1.030651e+00 1.011957e+00
1.037071e+00 1.012328e+00
1.043189e+00 1.016184e+00
1.041967e+00 1.012758e+00
1.037089e+00 1.011769e+00
1.024665e+00 1.008104e+00
1.023648e+00 1.008605e+00
1.029535e+00 1.011760e+00
1.015027e+00 1.006000e+00
1.021064e+00 1.009266e+00
1.003759e+00 1.000973e+00
1.004345e+00 1.001453e+00
1.005737e+00 1.001892e+00
1.003467e+00 1.000906e+00
1.003135e+00 1.001087e+00
1.002557e+00 1.000854e+00
1.002081e+00 1.000738e+00
