1 4.238095e-02 8.763387e-02 1.499424e-07 4.159206e-02
2 1.282265e-02 3.597196e-02 9.943248e-08 1.349999e-02
3 1.180066e-02 1.802849e-02 8.586088e-08 1.033851e-02
4 1.012890e-02 1.560469e-02 7.940389e-08 8.958506e-03
5 7.774148e-03 1.180055e-02 7.809243e-08 6.919814e-03
6 5.517988e-03 5.783559e-03 7.775180e-08 4.756323e-03
7 3.702363e-03 3.439528e-03 7.757269e-08 3.393396e-03
8 2.988972e-03 2.893590e-03 7.739919e-08 2.801197e-03
9 2.608160e-03 2.439158e-03 7.725089e-08 2.356356e-03
10 2.232624e-03 2.102985e-03 7.715991e-08 1.993861e-03
11 1.881158e-03 1.793433e-03 7.710521e-08 1.672397e-03
12 1.530698e-03 1.473522e-03 7.707331e-08 1.370468e-03
13 1.276347e-03 1.235244e-03 7.705230e-08 1.143379e-03
14 1.093047e-03 1.039536e-03 7.703489e-08 9.687117e-04
15 9.586892e-04 8.826428e-04 7.701925e-08 8.357912e-04
16 8.843609e-04 7.570920e-04 7.700601e-08 7.542998e-04
1 4.265197e-02 4.755681e-02 1.056791e-07 3.826516e-02
2 1.094982e-02 1.098937e-02 1.024710e-07 9.250474e-03
3 1.465309e-02 1.499794e-02 9.795078e-08 1.383279e-02
4 9.910867e-03 9.362334e-03 9.292804e-08 8.955699e-03
5 8.312589e-03 8.296595e-03 9.036542e-08 7.699229e-03
6 6.312801e-03 6.574745e-03 8.966399e-08 5.988644e-03
7 4.920313e-03 5.371833e-03 8.948930e-08 4.818060e-03
8 3.816426e-03 4.290747e-03 8.942365e-08 3.814916e-03
9 2.994121e-03 3.401303e-03 8.937772e-08 3.022495e-03
10 2.389932e-03 2.698358e-03 8.933167e-08 2.407679e-03
11 1.962613e-03 2.149282e-03 8.927285e-08 1.935063e-03
12 1.664625e-03 1.746410e-03 8.912155e-08 1.574021e-03
13 1.507759e-03 1.418872e-03 8.861569e-08 1.328270e-03
14 1.410098e-03 1.147377e-03 8.812144e-08 1.174085e-03
15 1.230270e-03 9.770695e-04 8.794044e-08 1.010993e-03
16 9.962827e-04 8.270564e-04 8.788981e-08 8.194012e-04
17 7.765044e-04 6.909243e-04 8.787644e-08 6.549578e-04
18 6.108816e-04 6.082230e-04 8.787237e-08 5.334977e-04
1 4.965977e-02 5.118312e-02 1.022781e-07 4.557057e-02
2 1.269954e-02 1.325923e-02 9.935246e-08 1.073319e-02
3 1.932839e-02 1.794247e-02 9.424913e-08 1.753326e-02
4 1.327313e-02 1.271128e-02 9.198620e-08 1.194707e-02
5 1.002529e-02 1.027147e-02 9.087534e-08 9.299120e-03
6 7.793097e-03 8.236589e-03 8.812012e-08 7.200328e-03
7 5.887299e-03 6.494136e-03 8.690786e-08 5.501813e-03
8 4.424786e-03 5.100178e-03 8.658183e-08 4.205360e-03
9 3.277674e-03 3.939333e-03 8.650224e-08 3.194236e-03
10 2.512131e-03 3.058728e-03 8.647934e-08 2.460847e-03
11 1.983611e-03 2.393477e-03 8.646996e-08 1.926909e-03
12 1.597953e-03 1.890959e-03 8.646473e-08 1.533515e-03
13 1.304310e-03 1.507451e-03 8.646126e-08 1.237516e-03
14 1.073887e-03 1.211998e-03 8.645875e-08 1.010076e-03
15 8.905856e-04 9.839677e-04 8.645683e-08 8.325255e-04
16 7.437588e-04 8.309148e-04 8.645529e-08 6.919100e-04
17 6.246958e-04 7.267503e-04 8.645398e-08 5.789145e-04
1 5.490494e-02 5.811765e-02 1.109254e-07 5.084545e-02
2 1.292507e-02 1.477084e-02 1.079072e-07 1.162713e-02
3 2.154723e-02 2.157790e-02 1.036207e-07 1.954613e-02
4 1.593379e-02 1.694535e-02 1.003012e-07 1.470969e-02
5 1.115932e-02 1.212404e-02 9.536116e-08 1.007322e-02
6 8.316363e-03 9.385885e-03 9.323141e-08 7.552758e-03
7 5.800364e-03 6.906590e-03 9.256275e-08 5.372720e-03
8 4.124048e-03 5.050841e-03 9.236294e-08 3.858504e-03
9 3.162628e-03 3.708841e-03 9.227317e-08 2.907135e-03
10 2.632564e-03 2.785751e-03 9.222533e-08 2.357302e-03
11 2.165935e-03 2.172713e-03 9.220227e-08 1.928228e-03
12 1.779273e-03 1.716796e-03 9.218839e-08 1.585981e-03
13 1.475140e-03 1.358693e-03 9.217905e-08 1.316448e-03
14 1.227700e-03 1.191846e-03 9.217220e-08 1.100825e-03
15 1.032206e-03 1.071553e-03 9.216681e-08 9.304550e-04
16 8.758788e-04 9.713390e-04 9.216224e-08 7.949468e-04
17 7.465039e-04 8.831787e-04 9.215808e-08 6.836192e-04
1 5.835521e-02 5.785894e-02 1.379021e-07 5.420637e-02
2 1.329829e-02 1.543263e-02 1.353948e-07 1.231721e-02
3 2.146756e-02 2.341154e-02 1.281166e-07 1.981339e-02
4 1.317488e-02 1.437140e-02 1.223090e-07 1.170175e-02
5 1.109617e-02 1.251688e-02 1.188617e-07 1.005758e-02
6 7.400392e-03 8.672956e-03 1.179100e-07 6.803397e-03
7 5.100911e-03 5.945997e-03 1.165042e-07 4.587456e-03
8 3.809502e-03 4.085879e-03 1.148714e-07 3.199377e-03
9 2.828572e-03 2.528500e-03 1.141813e-07 2.319383e-03
10 2.498114e-03 2.496441e-03 1.138167e-07 2.150325e-03
11 2.174875e-03 2.572695e-03 1.136474e-07 1.955065e-03
12 1.750457e-03 2.063739e-03 1.135664e-07 1.569609e-03
13 1.399142e-03 1.591668e-03 1.135248e-07 1.244456e-03
14 1.135035e-03 1.253602e-03 1.135017e-07 1.004435e-03
15 9.339928e-04 1.026139e-03 1.134880e-07 8.280763e-04
16 7.754244e-04 8.674684e-04 1.134796e-07 6.925734e-04
17 6.477136e-04 7.492166e-04 1.134743e-07 5.850788e-04
1 5.831167e-02 5.502614e-02 1.193658e-07 5.402372e-02
2 1.318837e-02 1.515401e-02 1.173490e-07 1.253416e-02
3 1.928339e-02 2.239571e-02 1.134463e-07 1.810625e-02
4 1.430613e-02 1.687895e-02 1.104245e-07 1.348511e-02
5 9.305799e-03 1.096134e-02 1.057717e-07 8.517778e-03
6 6.077267e-03 7.416738e-03 1.040974e-07 5.602915e-03
7 3.976139e-03 4.972876e-03 1.036273e-07 3.669387e-03
8 2.726977e-03 3.340332e-03 1.034788e-07 2.480781e-03
9 2.007887e-03 2.339355e-03 1.034207e-07 1.808145e-03
10 1.559495e-03 1.714949e-03 1.033979e-07 1.406493e-03
11 1.246653e-03 1.298574e-03 1.033885e-07 1.137875e-03
12 1.018321e-03 1.056625e-03 1.033841e-07 9.418079e-04
13 8.475670e-04 9.423770e-04 1.033817e-07 7.937246e-04
14 7.121057e-04 8.323198e-04 1.033801e-07 6.739780e-04
1 5.650974e-02 5.333040e-02 1.397242e-07 5.206264e-02
2 1.389451e-02 1.560038e-02 1.386682e-07 1.354716e-02
3 1.630223e-02 1.949198e-02 1.369940e-07 1.571968e-02
4 1.360460e-02 1.640076e-02 1.342932e-07 1.316197e-02
5 8.530641e-03 1.023427e-02 1.305049e-07 8.035326e-03
6 5.756753e-03 6.781248e-03 1.283163e-07 5.220372e-03
7 4.311045e-03 5.395377e-03 1.266770e-07 3.995349e-03
8 2.721117e-03 3.382844e-03 1.259046e-07 2.478933e-03
9 1.784019e-03 2.048901e-03 1.256008e-07 1.552070e-03
10 1.381968e-03 1.466449e-03 1.254409e-07 1.167237e-03
11 1.112145e-03 1.147275e-03 1.253548e-07 9.562165e-04
12 9.602971e-04 1.035299e-03 1.253005e-07 8.507433e-04
13 8.754585e-04 1.047687e-03 1.252632e-07 7.905749e-04
1 5.393163e-02 4.937752e-02 1.722095e-07 4.933127e-02
2 1.382838e-02 1.534021e-02 1.714982e-07 1.365539e-02
3 1.434566e-02 1.648207e-02 1.677773e-07 1.396472e-02
4 9.036774e-03 1.047342e-02 1.637978e-07 8.693665e-03
5 5.926788e-03 6.667760e-03 1.601377e-07 5.469715e-03
6 3.477226e-03 4.162208e-03 1.583818e-07 3.203487e-03
7 2.171660e-03 2.625807e-03 1.576455e-07 2.013084e-03
8 1.517709e-03 1.804974e-03 1.572358e-07 1.348081e-03
9 1.122772e-03 1.259320e-03 1.569919e-07 9.591309e-04
10 8.535728e-04 9.178568e-04 1.568462e-07 7.210819e-04
11 6.574485e-04 6.762222e-04 1.567228e-07 5.531485e-04
1 5.151750e-02 4.520410e-02 2.118311e-07 4.688965e-02
2 1.307560e-02 1.453557e-02 2.113779e-07 1.296185e-02
3 1.278702e-02 1.405565e-02 2.101214e-07 1.272078e-02
4 8.579274e-03 9.986503e-03 2.085635e-07 8.636994e-03
5 5.861810e-03 6.804231e-03 2.059669e-07 5.730607e-03
6 3.704440e-03 4.346649e-03 2.037182e-07 3.511818e-03
7 2.790744e-03 3.364716e-03 2.014189e-07 2.652879e-03
8 2.082520e-03 2.350954e-03 1.995335e-07 1.834250e-03
9 1.349865e-03 1.494072e-03 1.984867e-07 1.164450e-03
10 1.005087e-03 1.103531e-03 1.977491e-07 8.479841e-04
11 8.778786e-04 8.962466e-04 1.969563e-07 7.667073e-04
12 8.486218e-04 8.790615e-04 1.962764e-07 7.145651e-04
1 4.948596e-02 5.652240e-02 2.499907e-07 4.545229e-02
2 1.193914e-02 1.361561e-02 2.494667e-07 1.195310e-02
3 1.207030e-02 1.280345e-02 2.476434e-07 1.194272e-02
4 8.826300e-03 1.031889e-02 2.446363e-07 8.945674e-03
5 5.452834e-03 5.972421e-03 2.414531e-07 5.109480e-03
6 4.443989e-03 5.072353e-03 2.372095e-07 4.225079e-03
7 3.100515e-03 3.511198e-03 2.348700e-07 2.858662e-03
8 2.301768e-03 2.359152e-03 2.325166e-07 2.002163e-03
9 2.165006e-03 1.422063e-03 2.306101e-07 1.697411e-03
10 1.415329e-03 1.864498e-03 2.292375e-07 1.237402e-03
11 1.218094e-03 1.778166e-03 2.280678e-07 1.028755e-03
12 1.006653e-03 1.556895e-03 2.268631e-07 9.132586e-04
13 8.539629e-04 1.094973e-03 2.258738e-07 7.600361e-04
14 7.275185e-04 1.076698e-03 2.252001e-07 6.695236e-04
1 4.728976e-02 6.633157e-02 2.875163e-07 4.465203e-02
2 1.021169e-02 1.177458e-02 2.869231e-07 1.041685e-02
3 1.035017e-02 1.119673e-02 2.850107e-07 1.034141e-02
4 7.133751e-03 8.571895e-03 2.819010e-07 7.373894e-03
5 4.635817e-03 4.688906e-03 2.772922e-07 4.177024e-03
6 3.608637e-03 3.787091e-03 2.739545e-07 3.230184e-03
7 2.864078e-03 3.088774e-03 2.721288e-07 2.494539e-03
8 2.489234e-03 2.565503e-03 2.698828e-07 2.099760e-03
9 1.781872e-03 1.873079e-03 2.683366e-07 1.495501e-03
10 1.512544e-03 1.507787e-03 2.669474e-07 1.235973e-03
11 1.039897e-03 8.566519e-04 2.658036e-07 8.204785e-04
12 8.180446e-04 7.474668e-04 2.647344e-07 6.696656e-04
13 1.157298e-03 8.649894e-04 2.628017e-07 9.186887e-04
1 4.649126e-02 7.315234e-02 3.214113e-07 4.521521e-02
2 9.186004e-03 1.071060e-02 3.193311e-07 9.311103e-03
3 9.021287e-03 1.068117e-02 3.149919e-07 9.033097e-03
4 7.579483e-03 8.656048e-03 3.112079e-07 6.946547e-03
5 5.918983e-03 6.033934e-03 3.060076e-07 5.212932e-03
6 4.051793e-03 3.946733e-03 3.041255e-07 3.419057e-03
7 3.339597e-03 3.313536e-03 3.014355e-07 2.867966e-03
8 2.223412e-03 2.039446e-03 2.986622e-07 1.810756e-03
9 1.874288e-03 2.278069e-03 2.964430e-07 1.534713e-03
10 1.891127e-03 2.342917e-03 2.943450e-07 1.579275e-03
11 1.553416e-03 1.954572e-03 2.916741e-07 1.284171e-03
12 1.467725e-03 1.579422e-03 2.882086e-07 1.280199e-03
13 1.252644e-03 1.547154e-03 2.855862e-07 1.097934e-03
14 1.237785e-03 1.345526e-03 2.835786e-07 1.008778e-03
15 1.273466e-03 1.612489e-03 2.821451e-07 1.081195e-03
16 1.196020e-03 1.510157e-03 2.810966e-07 1.029056e-03
17 1.012214e-03 9.509885e-04 2.802090e-07 8.564073e-04
18 7.248445e-04 5.483912e-04 2.796487e-07 5.985959e-04
19 6.553333e-04 5.284773e-04 2.791934e-07 5.481967e-04
1 4.438242e-02 7.649445e-02 2.987650e-07 4.487999e-02
2 8.052820e-03 9.011674e-03 2.980631e-07 8.100655e-03
3 8.262326e-03 8.204886e-03 2.971228e-07 7.926655e-03
4 5.611677e-03 5.991419e-03 2.937511e-07 5.104099e-03
5 3.829990e-03 2.916529e-03 2.886580e-07 3.100736e-03
6 3.097428e-03 2.572679e-03 2.857312e-07 2.466525e-03
7 2.741823e-03 2.231512e-03 2.819544e-07 2.137258e-03
8 2.202791e-03 1.762848e-03 2.793391e-07 1.707782e-03
9 1.626050e-03 1.326769e-03 2.781036e-07 1.273875e-03
10 1.273646e-03 1.011595e-03 2.767813e-07 1.016369e-03
11 1.068544e-03 9.599996e-04 2.755126e-07 8.568323e-04
12 9.589240e-04 9.054874e-04 2.743836e-07 8.123833e-04
13 1.311068e-03 1.655053e-03 2.734310e-07 1.137187e-03
14 1.280843e-03 1.840152e-03 2.725942e-07 1.124232e-03
15 1.204854e-03 1.625904e-03 2.714051e-07 1.026497e-03
16 1.068524e-03 1.248262e-03 2.698447e-07 9.655512e-04
17 8.433929e-04 1.136955e-03 2.683379e-07 7.506445e-04
18 8.807522e-04 9.190857e-04 2.670595e-07 7.698083e-04
1 3.972754e-02 7.490072e-02 2.869060e-07 4.226657e-02
2 6.977249e-03 8.079691e-03 2.860420e-07 6.774984e-03
3 7.562206e-03 7.304270e-03 2.829942e-07 7.038089e-03
4 6.199226e-03 5.451946e-03 2.800134e-07 5.408136e-03
5 5.165281e-03 4.581927e-03 2.777360e-07 4.441792e-03
6 4.755734e-03 4.007125e-03 2.742920e-07 3.997863e-03
7 3.963939e-03 2.968742e-03 2.724684e-07 3.188876e-03
8 3.216379e-03 2.490596e-03 2.694563e-07 2.626158e-03
9 2.418800e-03 1.617144e-03 2.675431e-07 1.856226e-03
10 2.077485e-03 1.473607e-03 2.639696e-07 1.596789e-03
11 1.840924e-03 1.210501e-03 2.606059e-07 1.372212e-03
12 1.696928e-03 1.082726e-03 2.575560e-07 1.313730e-03
13 1.627428e-03 1.195610e-03 2.550231e-07 1.299593e-03
14 1.190632e-03 1.000750e-03 2.537788e-07 9.853885e-04
15 1.018678e-03 1.018366e-03 2.528852e-07 8.929186e-04
16 8.381054e-04 7.560930e-04 2.519824e-07 6.891087e-04
1 3.649657e-02 6.961013e-02 3.076816e-07 3.955974e-02
2 6.819136e-03 8.255998e-03 3.071844e-07 6.627498e-03
3 7.396642e-03 7.284174e-03 3.062693e-07 7.201038e-03
4 5.465343e-03 4.625070e-03 3.026927e-07 4.752015e-03
5 3.644001e-03 3.181933e-03 2.996978e-07 3.126177e-03
6 2.658736e-03 2.251651e-03 2.963247e-07 2.216271e-03
7 2.274803e-03 1.692208e-03 2.933229e-07 1.748491e-03
8 1.997008e-03 1.616795e-03 2.897892e-07 1.573088e-03
9 2.073211e-03 2.083904e-03 2.872641e-07 1.621296e-03
10 1.538130e-03 1.582298e-03 2.859553e-07 1.281082e-03
11 1.374081e-03 1.295396e-03 2.842720e-07 1.172409e-03
12 1.420945e-03 1.357115e-03 2.825228e-07 1.183878e-03
13 1.283092e-03 1.624540e-03 2.810218e-07 1.113680e-03
14 8.140204e-04 7.098283e-04 2.798887e-07 6.731780e-04
15 8.727010e-04 9.975487e-04 2.785992e-07 7.318316e-04
16 8.992965e-04 7.595844e-04 2.770298e-07 7.066101e-04
1 3.416738e-02 6.198795e-02 3.225791e-07 3.686570e-02
2 6.810713e-03 8.410106e-03 3.215875e-07 7.228454e-03
3 7.075202e-03 7.141389e-03 3.178106e-07 7.050683e-03
4 5.972401e-03 5.426399e-03 3.113375e-07 5.517983e-03
5 4.779207e-03 4.026845e-03 3.069735e-07 4.258660e-03
6 3.627009e-03 3.191117e-03 3.032913e-07 3.151712e-03
7 2.650779e-03 2.123565e-03 3.004465e-07 2.224457e-03
8 2.261203e-03 1.440962e-03 2.984680e-07 1.746454e-03
9 1.776050e-03 1.141359e-03 2.962302e-07 1.401171e-03
10 1.792774e-03 1.190101e-03 2.929753e-07 1.368131e-03
11 1.466521e-03 1.039760e-03 2.898102e-07 1.123420e-03
12 1.481350e-03 1.222328e-03 2.881388e-07 1.155521e-03
13 1.333952e-03 9.992838e-04 2.852298e-07 1.061167e-03
14 1.476080e-03 1.156112e-03 2.827969e-07 1.207566e-03
15 1.726042e-03 1.628480e-03 2.810900e-07 1.462776e-03
16 1.632160e-03 1.588775e-03 2.793698e-07 1.364142e-03
17 1.522950e-03 2.070144e-03 2.780429e-07 1.384098e-03
18 9.441303e-04 9.331805e-04 2.769841e-07 8.665710e-04
19 8.057419e-04 8.414450e-04 2.758875e-07 7.250527e-04
20 6.916107e-04 7.292592e-04 2.748037e-07 5.917610e-04
1 3.407928e-02 5.392073e-02 2.978889e-07 3.500975e-02
2 8.249387e-03 8.439351e-03 2.968199e-07 8.313852e-03
3 7.248791e-03 7.630726e-03 2.920639e-07 7.444920e-03
4 5.401624e-03 5.119513e-03 2.860881e-07 4.935659e-03
5 4.364609e-03 3.955889e-03 2.824322e-07 3.887299e-03
6 3.344962e-03 3.099120e-03 2.798652e-07 2.966989e-03
7 2.453831e-03 2.252112e-03 2.776151e-07 2.086480e-03
8 1.896218e-03 1.529904e-03 2.755485e-07 1.506373e-03
9 1.513696e-03 1.102749e-03 2.740141e-07 1.205694e-03
10 1.279106e-03 9.555680e-04 2.721930e-07 1.000591e-03
11 1.396022e-03 1.316227e-03 2.697805e-07 1.116906e-03
12 1.382218e-03 1.061845e-03 2.672233e-07 1.082122e-03
13 1.096120e-03 8.817158e-04 2.655725e-07 8.627350e-04
14 1.019463e-03 9.538707e-04 2.641730e-07 8.343668e-04
15 1.070180e-03 8.525557e-04 2.630422e-07 9.050267e-04
1 3.476372e-02 4.741804e-02 2.830423e-07 3.463460e-02
2 8.908219e-03 8.542180e-03 2.827170e-07 8.852244e-03
3 7.731532e-03 8.375341e-03 2.816230e-07 8.047801e-03
4 5.818833e-03 5.557866e-03 2.778792e-07 5.339413e-03
5 4.074920e-03 3.970395e-03 2.742971e-07 3.566049e-03
6 2.885540e-03 2.776358e-03 2.710020e-07 2.416004e-03
7 2.391544e-03 1.963209e-03 2.677290e-07 1.916727e-03
8 2.212053e-03 1.733379e-03 2.654434e-07 1.756562e-03
9 1.798294e-03 1.766526e-03 2.632447e-07 1.470633e-03
10 1.647531e-03 2.368561e-03 2.612484e-07 1.418296e-03
11 1.050524e-03 8.531434e-04 2.599398e-07 8.309007e-04
12 8.040180e-04 6.537604e-04 2.591358e-07 6.656142e-04
13 6.827341e-04 6.415083e-04 2.585124e-07 5.913370e-04
1 3.653489e-02 4.235591e-02 3.102696e-07 3.513553e-02
2 9.825800e-03 9.869046e-03 3.098917e-07 9.499793e-03
3 8.580560e-03 9.133506e-03 3.084473e-07 8.463068e-03
4 6.539300e-03 6.260692e-03 3.041170e-07 6.133849e-03
5 4.412982e-03 4.098261e-03 2.999294e-07 4.035484e-03
6 3.213152e-03 2.989814e-03 2.972213e-07 2.764306e-03
7 2.873288e-03 2.572862e-03 2.928339e-07 2.368755e-03
8 2.411974e-03 2.071892e-03 2.906064e-07 1.902694e-03
9 1.914881e-03 1.734610e-03 2.886702e-07 1.521606e-03
10 1.814911e-03 1.599425e-03 2.863212e-07 1.459434e-03
11 1.640144e-03 1.338206e-03 2.839217e-07 1.291158e-03
12 1.413641e-03 1.409189e-03 2.817515e-07 1.184976e-03
13 1.162286e-03 1.194216e-03 2.798903e-07 9.901019e-04
14 1.186045e-03 9.672796e-04 2.776900e-07 9.671438e-04
15 1.707714e-03 1.574391e-03 2.751724e-07 1.403865e-03
16 1.612131e-03 1.398280e-03 2.732060e-07 1.294810e-03
17 1.264810e-03 1.586189e-03 2.718259e-07 1.042245e-03
18 1.074496e-03 1.223516e-03 2.705301e-07 8.902623e-04
19 7.937569e-04 7.921672e-04 2.695541e-07 7.088382e-04
20 5.699220e-04 6.726531e-04 2.689263e-07 5.223817e-04
1 3.674701e-02 4.131571e-02 2.793414e-07 3.507701e-02
2 1.040723e-02 1.089563e-02 2.789914e-07 1.001315e-02
3 9.209503e-03 1.022148e-02 2.780310e-07 9.064635e-03
4 6.049575e-03 5.985987e-03 2.748701e-07 5.597608e-03
5 4.435369e-03 4.158139e-03 2.722408e-07 3.977022e-03
6 2.935986e-03 2.866852e-03 2.705795e-07 2.526393e-03
7 2.317026e-03 2.328859e-03 2.686262e-07 1.970424e-03
8 2.053869e-03 1.853795e-03 2.658913e-07 1.616336e-03
9 1.590353e-03 1.505180e-03 2.639061e-07 1.251416e-03
10 1.360334e-03 1.179233e-03 2.621842e-07 1.060969e-03
11 1.143467e-03 1.014847e-03 2.609520e-07 8.927353e-04
12 9.310179e-04 8.215795e-04 2.600522e-07 7.470977e-04
13 1.018854e-03 9.428468e-04 2.590530e-07 8.380620e-04
1 3.515489e-02 4.198083e-02 3.218406e-07 3.370757e-02
2 1.034503e-02 1.104739e-02 3.213790e-07 9.971347e-03
3 9.463845e-03 1.066640e-02 3.190406e-07 9.179294e-03
4 6.830284e-03 7.393754e-03 3.151483e-07 6.446024e-03
5 5.151854e-03 4.931083e-03 3.131367e-07 4.501902e-03
6 4.548021e-03 4.341216e-03 3.080847e-07 4.025706e-03
7 3.326978e-03 3.058490e-03 3.055506e-07 2.704322e-03
8 2.944315e-03 2.713140e-03 3.012043e-07 2.417291e-03
9 2.308365e-03 1.858309e-03 2.995052e-07 1.821690e-03
10 1.982345e-03 1.751198e-03 2.966195e-07 1.567985e-03
11 1.856603e-03 1.746505e-03 2.949677e-07 1.470808e-03
12 1.649077e-03 1.410328e-03 2.928634e-07 1.292191e-03
13 1.698997e-03 1.213775e-03 2.907437e-07 1.330019e-03
14 1.465415e-03 1.517362e-03 2.888279e-07 1.163664e-03
15 1.274218e-03 1.224770e-03 2.871173e-07 1.031977e-03
16 1.046815e-03 1.097370e-03 2.858481e-07 8.974851e-04
17 1.109638e-03 1.267238e-03 2.842922e-07 9.448868e-04
18 1.130180e-03 1.084168e-03 2.827390e-07 9.312915e-04
1 3.318783e-02 4.151952e-02 3.151094e-07 3.186354e-02
2 9.915224e-03 1.055741e-02 3.145329e-07 9.567450e-03
3 9.409604e-03 1.041176e-02 3.108615e-07 8.892119e-03
4 6.872861e-03 6.863721e-03 3.079707e-07 6.134107e-03
5 6.187631e-03 6.048797e-03 3.054132e-07 5.503365e-03
6 4.871762e-03 5.115436e-03 3.018515e-07 4.403419e-03
7 3.586166e-03 3.587103e-03 2.998767e-07 3.000990e-03
8 3.119017e-03 3.038275e-03 2.961016e-07 2.625531e-03
9 2.765140e-03 2.201521e-03 2.923591e-07 2.174272e-03
10 2.172572e-03 1.773269e-03 2.886069e-07 1.724608e-03
11 2.067424e-03 1.613543e-03 2.857691e-07 1.592988e-03
12 1.835214e-03 1.518128e-03 2.826728e-07 1.460781e-03
13 1.622476e-03 1.385673e-03 2.803998e-07 1.315267e-03
14 1.156671e-03 1.338600e-03 2.789054e-07 1.010431e-03
15 1.067811e-03 9.133810e-04 2.773808e-07 8.484132e-04
16 1.329791e-03 1.146602e-03 2.756391e-07 1.057859e-03
17 1.313004e-03 1.341740e-03 2.739578e-07 1.049672e-03
18 1.278626e-03 1.473203e-03 2.725240e-07 1.047096e-03
19 1.109204e-03 1.211960e-03 2.714448e-07 9.287827e-04
20 1.025009e-03 1.064371e-03 2.703790e-07 8.757692e-04
21 9.774886e-04 1.127704e-03 2.692804e-07 8.540898e-04
1 3.115034e-02 3.996287e-02 2.930936e-07 2.978399e-02
2 9.115947e-03 9.668296e-03 2.926607e-07 8.852893e-03
3 8.275365e-03 9.317485e-03 2.907485e-07 8.063670e-03
4 6.059257e-03 6.214134e-03 2.861197e-07 5.207426e-03
5 4.739365e-03 4.831143e-03 2.840246e-07 4.089169e-03
6 3.965198e-03 4.179446e-03 2.811631e-07 3.472200e-03
7 2.928174e-03 3.097434e-03 2.783843e-07 2.454353e-03
8 2.238998e-03 2.164928e-03 2.755426e-07 1.809428e-03
9 2.035560e-03 1.649549e-03 2.723150e-07 1.590060e-03
10 1.827109e-03 1.384519e-03 2.692067e-07 1.431581e-03
11 1.573751e-03 1.255302e-03 2.669442e-07 1.266944e-03
12 1.506543e-03 1.446668e-03 2.654373e-07 1.253681e-03
13 1.363080e-03 1.316154e-03 2.639161e-07 1.122068e-03
14 1.201715e-03 1.059328e-03 2.626342e-07 1.009044e-03
15 8.686153e-04 9.388460e-04 2.618163e-07 7.572158e-04
16 6.949949e-04 7.466731e-04 2.610887e-07 5.863212e-04
17 6.489071e-04 5.825397e-04 2.604900e-07 5.263616e-04
1 2.909406e-02 3.786890e-02 2.896634e-07 2.778588e-02
2 7.636707e-03 8.549578e-03 2.894238e-07 7.588459e-03
3 6.938808e-03 7.817907e-03 2.884444e-07 6.845003e-03
4 5.271323e-03 5.521315e-03 2.842342e-07 4.693324e-03
5 4.091183e-03 3.864739e-03 2.824337e-07 3.410154e-03
6 3.543608e-03 3.439915e-03 2.788831e-07 2.970599e-03
7 2.704753e-03 2.579139e-03 2.751680e-07 2.116471e-03
8 2.012435e-03 2.050533e-03 2.724625e-07 1.615409e-03
9 1.733901e-03 1.559214e-03 2.706425e-07 1.412686e-03
10 1.382369e-03 1.348951e-03 2.690736e-07 1.146442e-03
11 1.193471e-03 1.068544e-03 2.677120e-07 9.707739e-04
12 9.882055e-04 8.806265e-04 2.665341e-07 7.997584e-04
13 9.157057e-04 8.510124e-04 2.654360e-07 7.463750e-04
1 2.726520e-02 3.624020e-02 3.224408e-07 2.573166e-02
2 6.058576e-03 7.409713e-03 3.220988e-07 6.054164e-03
3 5.047690e-03 5.886186e-03 3.181055e-07 4.795489e-03
4 3.925619e-03 4.078966e-03 3.128636e-07 3.395143e-03
5 3.714339e-03 3.015132e-03 3.108665e-07 2.922397e-03
6 3.285526e-03 2.819758e-03 3.069778e-07 2.635266e-03
7 2.632640e-03 2.219329e-03 3.027946e-07 2.110341e-03
8 2.170758e-03 1.678632e-03 3.009498e-07 1.670312e-03
9 1.954732e-03 1.637898e-03 2.981618e-07 1.530003e-03
10 1.671569e-03 1.344568e-03 2.953459e-07 1.303777e-03
11 1.438077e-03 1.333310e-03 2.931280e-07 1.150608e-03
12 1.221025e-03 1.081210e-03 2.910021e-07 9.659619e-04
13 1.184353e-03 9.657898e-04 2.884813e-07 9.311882e-04
14 1.250340e-03 1.075101e-03 2.856552e-07 1.005216e-03
15 1.596174e-03 1.401931e-03 2.827375e-07 1.340005e-03
16 1.625272e-03 1.555606e-03 2.809210e-07 1.372292e-03
17 1.568530e-03 1.787937e-03 2.795717e-07 1.395891e-03
18 1.246854e-03 1.429560e-03 2.784836e-07 1.131126e-03
19 9.941644e-04 1.082929e-03 2.775901e-07 8.616674e-04
20 8.758078e-04 7.229748e-04 2.767785e-07 7.355644e-04
21 6.485244e-04 5.959263e-04 2.761574e-07 5.290278e-04
1 2.608034e-02 3.702202e-02 2.919062e-07 2.500292e-02
2 3.874836e-03 5.644258e-03 2.916844e-07 4.030017e-03
3 3.196708e-03 4.212930e-03 2.895467e-07 3.079228e-03
4 2.635199e-03 2.964424e-03 2.857513e-07 2.218077e-03
5 2.604215e-03 2.204427e-03 2.813088e-07 2.062202e-03
6 2.316825e-03 1.641392e-03 2.785959e-07 1.779769e-03
7 2.003407e-03 1.427059e-03 2.747930e-07 1.548250e-03
8 1.629165e-03 1.421292e-03 2.717635e-07 1.263668e-03
9 1.266118e-03 1.219887e-03 2.701466e-07 1.047592e-03
10 1.198406e-03 1.031060e-03 2.685871e-07 9.808227e-04
11 1.183873e-03 1.121208e-03 2.670633e-07 9.963583e-04
12 1.096566e-03 1.039512e-03 2.655568e-07 9.039615e-04
1 2.725563e-02 4.019579e-02 3.196362e-07 2.666130e-02
2 2.460492e-03 3.247267e-03 3.193551e-07 2.356349e-03
3 1.946631e-03 2.012327e-03 3.167285e-07 1.693615e-03
4 1.959535e-03 1.461340e-03 3.136723e-07 1.536852e-03
5 1.809003e-03 1.499299e-03 3.099929e-07 1.392903e-03
6 1.803051e-03 1.175601e-03 3.054100e-07 1.384414e-03
7 1.777133e-03 1.435074e-03 3.031127e-07 1.397889e-03
8 1.377396e-03 1.450623e-03 3.009280e-07 1.135514e-03
9 1.435485e-03 1.634811e-03 2.981389e-07 1.214914e-03
10 1.663883e-03 1.390889e-03 2.956205e-07 1.342579e-03
11 1.115505e-03 9.130024e-04 2.930676e-07 9.303748e-04
12 1.222800e-03 1.178481e-03 2.906591e-07 9.899990e-04
13 9.523268e-04 1.038962e-03 2.885773e-07 8.044483e-04
1 2.881678e-02 4.449357e-02 3.393974e-07 2.908857e-02
2 2.761715e-03 2.937291e-03 3.387588e-07 2.614730e-03
3 3.173131e-03 3.058972e-03 3.349890e-07 2.719448e-03
4 2.310585e-03 1.958821e-03 3.293043e-07 1.811218e-03
5 1.705996e-03 1.621804e-03 3.251066e-07 1.336682e-03
6 1.278550e-03 1.180925e-03 3.205104e-07 1.033674e-03
7 1.870269e-03 1.464775e-03 3.188370e-07 1.440543e-03
8 1.726668e-03 1.376423e-03 3.149105e-07 1.355842e-03
9 1.584065e-03 1.123048e-03 3.107316e-07 1.246936e-03
10 1.620595e-03 1.070795e-03 3.066489e-07 1.253211e-03
11 1.346826e-03 1.124423e-03 3.047452e-07 1.096799e-03
12 1.210493e-03 9.742343e-04 3.021391e-07 9.714125e-04
13 1.236659e-03 9.863186e-04 3.001580e-07 1.041365e-03
14 1.231896e-03 1.350967e-03 2.985568e-07 1.064268e-03
15 1.098861e-03 9.483735e-04 2.967535e-07 9.447041e-04
16 1.017663e-03 9.351726e-04 2.952701e-07 8.973895e-04
17 9.463971e-04 7.334392e-04 2.938286e-07 7.749318e-04
1 3.102078e-02 4.866417e-02 3.264631e-07 3.181540e-02
2 4.899130e-03 5.470313e-03 3.261043e-07 4.603070e-03
3 4.504674e-03 4.707469e-03 3.241073e-07 4.151047e-03
4 3.466894e-03 2.904433e-03 3.205413e-07 2.764027e-03
5 2.227542e-03 1.804827e-03 3.158647e-07 1.743202e-03
6 1.819584e-03 1.710192e-03 3.133997e-07 1.400954e-03
7 1.526594e-03 1.375347e-03 3.095245e-07 1.166579e-03
8 1.509614e-03 1.279887e-03 3.055555e-07 1.241944e-03
9 1.325741e-03 1.267516e-03 3.019830e-07 1.098636e-03
10 1.266257e-03 1.162579e-03 2.981989e-07 1.011876e-03
11 1.639880e-03 1.278834e-03 2.969097e-07 1.268060e-03
12 1.481920e-03 1.106405e-03 2.942388e-07 1.151940e-03
13 1.488816e-03 9.197002e-04 2.923433e-07 1.136778e-03
14 1.211394e-03 8.129303e-04 2.901917e-07 9.341729e-04
15 1.327253e-03 9.899553e-04 2.875229e-07 1.028593e-03
16 1.019407e-03 8.634252e-04 2.855950e-07 8.375008e-04
17 1.091028e-03 8.683980e-04 2.840169e-07 8.937685e-04
18 1.013039e-03 9.548539e-04 2.827324e-07 8.747151e-04
1 3.321077e-02 5.162155e-02 3.066233e-07 3.397060e-02
2 6.478533e-03 7.329011e-03 3.063221e-07 6.112607e-03
3 5.809696e-03 6.372431e-03 3.055425e-07 5.500837e-03
4 4.354734e-03 4.456793e-03 3.032161e-07 3.815294e-03
5 3.027665e-03 2.951941e-03 3.008774e-07 2.561142e-03
6 2.350613e-03 2.220621e-03 2.991337e-07 1.945188e-03
7 1.934952e-03 1.908066e-03 2.972338e-07 1.658183e-03
8 1.744222e-03 1.525268e-03 2.950901e-07 1.432176e-03
9 1.440078e-03 1.389121e-03 2.932700e-07 1.207035e-03
10 1.534477e-03 1.212760e-03 2.915952e-07 1.259021e-03
11 1.137011e-03 8.798607e-04 2.895997e-07 9.565118e-04
12 1.021742e-03 1.171273e-03 2.873087e-07 8.833734e-04
13 8.897923e-04 1.211589e-03 2.852802e-07 8.102724e-04
1 3.496625e-02 5.170250e-02 3.414454e-07 3.540726e-02
2 7.508887e-03 8.627628e-03 3.410142e-07 7.165457e-03
3 7.153352e-03 8.141542e-03 3.391330e-07 6.770150e-03
4 4.554768e-03 4.676591e-03 3.335912e-07 3.842512e-03
5 3.290191e-03 3.188882e-03 3.316076e-07 2.688210e-03
6 3.276594e-03 2.933775e-03 3.281060e-07 2.606381e-03
7 3.050597e-03 2.530069e-03 3.224690e-07 2.375131e-03
8 2.566787e-03 2.031014e-03 3.179635e-07 1.997628e-03
9 1.875027e-03 1.697341e-03 3.150085e-07 1.434925e-03
10 1.641227e-03 2.191304e-03 3.123494e-07 1.352659e-03
11 1.473856e-03 2.289818e-03 3.101938e-07 1.306982e-03
12 1.287781e-03 1.048608e-03 3.082116e-07 1.031388e-03
13 1.398579e-03 1.064303e-03 3.065691e-07 1.129346e-03
14 1.278111e-03 9.241365e-04 3.050948e-07 1.047273e-03
15 1.222676e-03 1.101814e-03 3.038034e-07 1.040794e-03
16 1.187123e-03 1.093983e-03 3.024782e-07 9.971788e-04
17 1.116715e-03 9.424248e-04 3.010391e-07 9.478610e-04
18 9.733969e-04 8.539016e-04 2.997771e-07 8.357238e-04
1 3.663547e-02 5.001120e-02 3.286550e-07 3.634189e-02
2 8.453672e-03 9.662180e-03 3.282507e-07 8.072248e-03
3 8.128391e-03 9.546114e-03 3.263367e-07 7.729263e-03
4 5.979423e-03 6.406229e-03 3.234416e-07 5.289335e-03
5 4.420091e-03 4.852904e-03 3.214292e-07 3.904534e-03
6 3.814103e-03 4.161319e-03 3.172628e-07 3.336954e-03
7 2.919079e-03 2.685708e-03 3.148231e-07 2.336348e-03
8 2.590589e-03 2.400530e-03 3.105291e-07 2.091388e-03
9 2.304207e-03 1.758833e-03 3.088327e-07 1.792164e-03
10 2.027596e-03 1.573685e-03 3.055592e-07 1.597654e-03
11 1.996070e-03 1.939900e-03 3.030993e-07 1.619935e-03
12 1.503410e-03 1.032834e-03 3.001189e-07 1.181948e-03
13 1.474262e-03 1.109994e-03 2.975229e-07 1.141347e-03
14 1.189123e-03 1.111295e-03 2.953691e-07 9.747375e-04
15 7.613696e-04 8.224893e-04 2.943077e-07 6.228612e-04
16 7.988699e-04 9.712746e-04 2.928498e-07 7.627159e-04
1 3.744547e-02 4.787017e-02 3.385430e-07 3.650895e-02
2 8.588415e-03 9.933844e-03 3.382171e-07 8.249689e-03
3 8.043990e-03 9.877523e-03 3.369966e-07 7.788468e-03
4 5.350205e-03 6.136646e-03 3.327737e-07 4.864747e-03
5 3.560165e-03 3.738240e-03 3.305773e-07 2.996233e-03
6 3.119816e-03 3.154490e-03 3.271919e-07 2.606745e-03
7 2.717336e-03 2.415277e-03 3.224566e-07 2.127067e-03
8 2.350440e-03 1.966990e-03 3.202966e-07 1.847168e-03
9 1.811001e-03 1.439051e-03 3.180359e-07 1.416238e-03
10 1.386256e-03 1.011914e-03 3.166843e-07 1.065126e-03
11 1.236863e-03 8.977338e-04 3.148554e-07 9.810877e-04
12 1.279166e-03 1.287078e-03 3.129683e-07 1.055376e-03
13 1.422951e-03 2.130833e-03 3.111014e-07 1.285707e-03
14 1.344437e-03 1.200485e-03 3.088752e-07 1.083657e-03
15 1.100797e-03 1.155896e-03 3.068931e-07 8.780641e-04
16 1.195496e-03 1.339906e-03 3.048856e-07 1.005068e-03
17 1.091085e-03 9.995692e-04 3.032758e-07 8.961024e-04
18 1.056830e-03 9.621346e-04 3.019844e-07 8.794833e-04
19 8.427680e-04 8.718292e-04 3.010042e-07 7.248588e-04
1 3.655187e-02 4.412305e-02 3.211275e-07 3.529527e-02
2 9.100603e-03 1.047874e-02 3.207066e-07 8.727480e-03
3 8.358260e-03 1.009432e-02 3.189731e-07 7.949316e-03
4 6.823446e-03 7.540880e-03 3.162602e-07 6.155723e-03
5 4.662623e-03 5.310977e-03 3.131873e-07 4.195100e-03
6 3.241079e-03 3.691386e-03 3.102294e-07 2.866450e-03
7 2.376377e-03 2.262476e-03 3.084550e-07 1.907895e-03
8 1.989738e-03 1.881729e-03 3.051496e-07 1.608262e-03
9 1.605194e-03 1.219681e-03 3.015648e-07 1.240698e-03
10 1.418550e-03 1.619520e-03 2.986923e-07 1.142472e-03
11 1.474079e-03 1.673224e-03 2.971587e-07 1.173955e-03
12 1.218111e-03 1.339300e-03 2.948776e-07 9.700363e-04
13 1.459137e-03 8.974714e-04 2.932787e-07 1.107633e-03
14 8.001186e-04 8.700500e-04 2.919330e-07 7.016914e-04
15 8.864215e-04 8.626033e-04 2.905339e-07 7.891969e-04
16 7.716853e-04 8.353621e-04 2.893598e-07 6.602338e-04
1 3.554972e-02 4.020480e-02 3.431532e-07 3.382285e-02
2 8.361042e-03 9.825035e-03 3.427609e-07 8.064331e-03
3 7.888256e-03 9.397206e-03 3.394890e-07 7.379951e-03
4 5.131162e-03 5.532663e-03 3.333901e-07 4.473378e-03
5 3.211258e-03 3.015489e-03 3.296674e-07 2.568183e-03
6 2.843422e-03 2.797870e-03 3.255601e-07 2.358966e-03
7 3.048333e-03 2.359568e-03 3.235676e-07 2.385130e-03
8 2.769072e-03 2.122960e-03 3.203190e-07 2.202278e-03
9 1.972777e-03 1.649692e-03 3.187008e-07 1.560637e-03
10 1.723220e-03 1.178049e-03 3.163428e-07 1.346771e-03
11 1.369130e-03 1.102049e-03 3.138607e-07 1.071706e-03
12 1.250970e-03 1.081833e-03 3.111583e-07 1.007643e-03
13 1.491779e-03 1.629122e-03 3.094429e-07 1.296716e-03
14 1.290327e-03 1.452064e-03 3.076326e-07 1.122139e-03
15 1.426041e-03 1.358035e-03 3.055619e-07 1.187905e-03
16 1.331256e-03 1.299045e-03 3.036772e-07 1.086314e-03
17 1.140717e-03 1.029196e-03 3.024666e-07 9.342161e-04
18 1.001566e-03 9.098186e-04 3.016804e-07 8.516016e-04
19 7.676477e-04 7.363635e-04 3.010537e-07 6.515868e-04
1 3.343162e-02 3.573464e-02 3.131024e-07 3.162273e-02
2 7.751265e-03 9.215202e-03 3.128842e-07 7.515291e-03
3 6.586573e-03 8.264468e-03 3.119266e-07 6.410869e-03
4 5.281909e-03 5.621787e-03 3.088469e-07 4.732828e-03
5 2.943448e-03 2.858346e-03 3.054428e-07 2.470391e-03
6 2.142001e-03 1.988593e-03 3.038864e-07 1.727340e-03
7 1.665754e-03 1.551557e-03 3.012501e-07 1.347523e-03
8 1.333309e-03 1.318159e-03 2.996225e-07 1.063834e-03
9 1.075731e-03 1.162183e-03 2.970934e-07 8.890371e-04
10 1.264415e-03 1.011126e-03 2.955605e-07 9.726034e-04
11 1.126910e-03 8.505476e-04 2.937882e-07 8.700623e-04
1 3.013900e-02 3.304310e-02 3.517364e-07 2.853631e-02
2 6.719356e-03 8.002431e-03 3.513524e-07 6.483840e-03
3 6.203964e-03 7.061292e-03 3.488531e-07 5.660849e-03
4 5.084839e-03 5.001677e-03 3.457855e-07 4.245749e-03
5 4.068107e-03 3.943827e-03 3.420062e-07 3.390815e-03
6 3.117352e-03 3.038012e-03 3.379991e-07 2.611862e-03
7 2.467944e-03 1.972361e-03 3.359552e-07 1.876851e-03
8 2.154524e-03 1.977817e-03 3.304821e-07 1.711570e-03
9 2.018588e-03 2.215477e-03 3.246218e-07 1.687404e-03
10 1.432102e-03 1.391176e-03 3.212954e-07 1.178218e-03
11 1.393322e-03 1.228086e-03 3.178763e-07 1.111614e-03
12 1.309586e-03 9.925018e-04 3.163977e-07 1.021012e-03
13 1.213999e-03 8.908324e-04 3.141186e-07 9.560597e-04
14 1.344669e-03 1.044064e-03 3.118746e-07 1.039131e-03
15 1.043833e-03 8.957288e-04 3.100794e-07 8.505582e-04
16 1.118953e-03 8.856220e-04 3.081689e-07 8.852031e-04
17 9.616810e-04 8.504945e-04 3.062469e-07 8.044377e-04
1 2.654234e-02 3.064177e-02 3.534761e-07 2.526294e-02
2 5.633900e-03 6.730519e-03 3.531696e-07 5.430488e-03
3 4.804576e-03 5.438552e-03 3.513494e-07 4.446404e-03
4 2.963781e-03 2.665117e-03 3.479590e-07 2.384282e-03
5 2.359904e-03 1.981614e-03 3.420775e-07 1.877061e-03
6 2.695256e-03 1.970899e-03 3.397186e-07 2.184797e-03
7 2.427072e-03 1.966981e-03 3.350370e-07 2.021865e-03
8 1.978975e-03 1.634429e-03 3.329911e-07 1.641032e-03
9 1.908537e-03 1.875786e-03 3.293228e-07 1.647909e-03
10 1.444461e-03 1.213159e-03 3.271500e-07 1.155149e-03
11 1.326375e-03 1.968923e-03 3.241092e-07 1.169731e-03
12 1.234431e-03 1.573788e-03 3.222314e-07 1.050418e-03
13 1.229568e-03 1.520721e-03 3.189944e-07 1.039872e-03
14 1.563482e-03 1.689265e-03 3.160907e-07 1.302857e-03
15 1.369332e-03 2.069146e-03 3.132983e-07 1.187448e-03
16 1.324548e-03 1.836710e-03 3.114581e-07 1.140457e-03
17 1.099968e-03 1.182672e-03 3.099528e-07 9.424314e-04
18 1.115722e-03 9.617943e-04 3.086365e-07 8.928135e-04
19 1.009783e-03 8.747927e-04 3.076100e-07 7.902355e-04
1 2.242735e-02 2.922311e-02 3.403036e-07 2.175347e-02
2 4.206620e-03 5.005867e-03 3.400847e-07 4.017134e-03
3 3.449412e-03 3.639291e-03 3.379753e-07 3.070167e-03
4 3.031941e-03 2.227192e-03 3.324930e-07 2.392954e-03
5 1.757937e-03 1.999586e-03 3.290145e-07 1.425123e-03
6 1.487152e-03 1.341867e-03 3.244735e-07 1.167098e-03
7 1.444620e-03 1.431437e-03 3.224018e-07 1.175714e-03
8 1.442337e-03 1.466306e-03 3.188293e-07 1.228486e-03
9 1.852875e-03 1.757481e-03 3.156035e-07 1.623295e-03
10 1.434332e-03 1.457863e-03 3.139650e-07 1.269757e-03
11 1.497166e-03 1.450841e-03 3.114627e-07 1.320201e-03
12 1.458255e-03 1.332456e-03 3.094731e-07 1.275252e-03
13 1.390013e-03 1.500567e-03 3.072613e-07 1.187056e-03
14 1.056161e-03 9.320795e-04 3.051097e-07 8.802434e-04
15 1.135413e-03 9.007661e-04 3.027703e-07 9.321203e-04
16 1.351392e-03 1.528330e-03 3.006794e-07 1.100846e-03
17 1.759996e-03 2.567398e-03 2.990399e-07 1.497018e-03
18 1.586853e-03 2.514492e-03 2.978824e-07 1.395767e-03
19 1.416779e-03 2.018408e-03 2.970785e-07 1.260286e-03
20 1.158732e-03 1.437796e-03 2.964570e-07 1.037551e-03
21 9.353009e-04 1.214249e-03 2.959150e-07 8.255044e-04
22 7.721619e-04 1.001963e-03 2.954189e-07 6.612586e-04
23 6.632629e-04 7.884807e-04 2.949769e-07 5.356379e-04
1 1.837877e-02 2.767924e-02 2.958569e-07 1.860401e-02
2 2.744528e-03 3.274743e-03 2.956985e-07 2.614561e-03
3 2.015932e-03 2.152470e-03 2.944263e-07 1.794679e-03
4 2.372431e-03 1.869267e-03 2.906009e-07 1.852302e-03
5 1.365167e-03 1.296255e-03 2.868375e-07 1.051235e-03
6 1.204134e-03 1.003374e-03 2.835878e-07 9.804174e-04
7 1.139529e-03 1.073885e-03 2.814303e-07 9.408415e-04
8 1.346148e-03 1.467879e-03 2.786116e-07 1.181610e-03
9 1.562839e-03 1.543477e-03 2.761401e-07 1.412088e-03
10 1.480437e-03 1.486029e-03 2.745968e-07 1.301060e-03
11 1.383409e-03 1.453141e-03 2.733216e-07 1.212166e-03
12 1.325961e-03 1.408008e-03 2.721928e-07 1.155805e-03
13 1.122536e-03 1.093910e-03 2.709493e-07 9.544381e-04
14 1.103750e-03 1.447770e-03 2.696954e-07 1.008813e-03
15 8.706137e-04 8.608311e-04 2.685053e-07 7.635691e-04
16 7.817582e-04 6.780045e-04 2.674372e-07 6.488376e-04
17 9.711781e-04 1.061719e-03 2.663576e-07 7.825420e-04
1 1.730854e-02 2.538250e-02 2.036609e-07 1.733916e-02
2 4.887006e-03 1.772435e-02 2.012989e-07 7.353455e-03
3 4.044201e-03 5.575419e-03 1.964183e-07 3.911552e-03
4 3.323813e-03 4.429124e-03 1.878315e-07 3.095940e-03
5 3.574397e-03 3.295257e-03 1.813933e-07 3.050957e-03
6 2.361988e-03 2.240220e-03 1.766757e-07 1.985266e-03
7 2.666795e-03 2.397770e-03 1.725209e-07 2.299695e-03
8 2.542970e-03 2.654364e-03 1.698813e-07 2.095892e-03
9 2.253018e-03 2.380953e-03 1.680161e-07 1.872324e-03
10 2.484756e-03 2.703107e-03 1.662382e-07 2.045536e-03
11 2.083630e-03 2.424324e-03 1.649772e-07 1.728718e-03
12 1.892686e-03 2.213349e-03 1.637371e-07 1.591166e-03
13 1.490727e-03 1.747103e-03 1.627945e-07 1.295666e-03
14 1.455713e-03 1.843933e-03 1.618036e-07 1.288508e-03
15 1.439266e-03 1.729006e-03 1.609527e-07 1.244299e-03
16 1.202934e-03 1.400069e-03 1.604650e-07 1.052859e-03
17 1.030259e-03 1.143384e-03 1.601516e-07 9.039762e-04
18 9.271159e-04 1.001873e-03 1.599135e-07 8.153488e-04
19 7.549455e-04 7.964287e-04 1.597637e-07 6.580474e-04
1 1.850104e-02 2.476595e-02 1.372448e-07 1.696153e-02
2 4.304095e-03 3.704202e-03 1.357679e-07 3.519545e-03
3 5.926054e-03 4.817998e-03 1.325681e-07 4.625844e-03
4 5.283155e-03 3.992406e-03 1.293768e-07 4.097892e-03
5 4.247557e-03 4.044248e-03 1.273363e-07 3.394228e-03
6 3.648023e-03 3.572156e-03 1.256735e-07 2.936740e-03
7 2.976406e-03 3.326536e-03 1.243675e-07 2.445047e-03
8 2.313024e-03 2.689561e-03 1.232779e-07 1.925847e-03
9 1.758079e-03 2.031818e-03 1.223310e-07 1.527554e-03
10 1.613613e-03 1.719157e-03 1.214476e-07 1.399585e-03
11 1.297043e-03 1.345339e-03 1.208651e-07 1.066291e-03
12 1.091038e-03 1.096518e-03 1.204203e-07 8.713206e-04
13 1.003175e-03 9.919710e-04 1.200212e-07 8.010460e-04
14 9.688083e-04 1.025981e-03 1.197043e-07 7.978608e-04
1 2.278951e-02 2.901623e-02 1.254478e-07 1.996644e-02
2 5.287841e-03 5.573153e-03 1.243918e-07 4.787425e-03
3 6.723266e-03 5.736650e-03 1.220101e-07 5.502690e-03
4 5.192737e-03 3.977946e-03 1.200949e-07 4.116111e-03
5 3.992306e-03 3.319546e-03 1.188543e-07 3.225027e-03
6 3.456510e-03 3.073477e-03 1.178953e-07 2.773018e-03
7 2.830756e-03 2.716292e-03 1.172640e-07 2.306036e-03
8 2.492083e-03 2.552104e-03 1.167112e-07 2.028641e-03
9 2.106618e-03 2.264660e-03 1.162446e-07 1.721092e-03
10 1.756927e-03 1.990206e-03 1.158429e-07 1.453208e-03
11 1.511838e-03 1.779126e-03 1.154681e-07 1.265289e-03
12 1.358203e-03 1.631675e-03 1.151120e-07 1.136509e-03
13 1.288325e-03 1.480149e-03 1.147976e-07 1.084202e-03
14 1.214288e-03 1.442876e-03 1.145487e-07 1.041617e-03
15 1.080101e-03 1.358944e-03 1.143635e-07 9.290510e-04
16 1.177098e-03 2.205208e-03 1.141776e-07 1.141394e-03
17 1.003303e-03 1.784118e-03 1.140669e-07 9.257182e-04
18 8.233807e-04 1.042543e-03 1.139955e-07 7.219798e-04
19 7.347239e-04 8.355237e-04 1.139436e-07 6.360642e-04
1 2.788519e-02 3.374054e-02 1.199605e-07 2.432762e-02
2 7.053127e-03 6.114361e-03 1.185546e-07 6.108014e-03
3 8.345890e-03 6.657472e-03 1.165815e-07 6.882829e-03
4 5.877676e-03 4.994721e-03 1.154885e-07 4.919949e-03
5 5.194531e-03 4.181884e-03 1.145248e-07 4.235550e-03
6 4.123591e-03 3.353413e-03 1.138845e-07 3.346252e-03
7 3.512064e-03 3.138564e-03 1.134250e-07 2.845020e-03
8 3.005436e-03 2.870231e-03 1.131024e-07 2.452671e-03
9 2.525049e-03 2.493860e-03 1.128786e-07 2.085620e-03
10 2.140505e-03 2.211818e-03 1.127143e-07 1.793958e-03
11 1.770275e-03 1.913535e-03 1.125829e-07 1.502344e-03
12 1.427252e-03 1.652141e-03 1.124460e-07 1.238157e-03
13 1.235848e-03 1.437035e-03 1.123281e-07 1.055917e-03
14 1.089634e-03 1.239850e-03 1.122357e-07 9.161073e-04
15 9.538808e-04 1.083228e-03 1.121615e-07 8.012853e-04
16 8.449332e-04 9.508124e-04 1.121061e-07 7.167542e-04
1 3.310961e-02 3.667482e-02 1.173414e-07 2.907606e-02
2 7.448343e-03 6.700592e-03 1.161521e-07 6.657287e-03
3 9.098634e-03 6.956730e-03 1.144089e-07 7.770882e-03
4 6.899216e-03 5.716162e-03 1.133888e-07 5.886376e-03
5 5.382845e-03 4.653289e-03 1.125622e-07 4.564065e-03
6 4.320016e-03 3.841299e-03 1.118057e-07 3.576381e-03
7 3.582145e-03 3.381650e-03 1.111525e-07 2.907821e-03
8 2.982674e-03 2.882379e-03 1.106752e-07 2.410449e-03
9 2.595605e-03 2.528945e-03 1.102965e-07 2.087171e-03
10 2.318452e-03 2.245808e-03 1.099983e-07 1.856158e-03
11 2.038099e-03 1.973935e-03 1.097835e-07 1.641663e-03
12 1.766260e-03 1.748327e-03 1.096324e-07 1.446477e-03
13 1.537244e-03 1.562914e-03 1.095226e-07 1.283603e-03
14 1.337831e-03 1.374855e-03 1.094412e-07 1.134734e-03
15 1.146615e-03 1.194791e-03 1.093791e-07 9.805339e-04
16 9.787933e-04 1.030904e-03 1.093284e-07 8.350888e-04
17 8.606107e-04 8.780588e-04 1.092760e-07 7.251121e-04
1 3.905637e-02 3.838336e-02 1.144755e-07 3.442517e-02
2 8.023883e-03 7.923329e-03 1.130514e-07 7.233937e-03
3 1.061342e-02 8.385535e-03 1.115447e-07 9.246218e-03
4 7.645936e-03 6.423395e-03 1.104123e-07 6.516515e-03
5 5.784568e-03 4.745006e-03 1.096883e-07 4.842706e-03
6 4.422585e-03 4.015730e-03 1.092477e-07 3.743710e-03
7 3.579155e-03 3.459887e-03 1.089290e-07 3.066942e-03
8 3.012262e-03 2.981466e-03 1.086828e-07 2.586954e-03
9 2.499682e-03 2.493070e-03 1.085006e-07 2.152182e-03
10 2.082629e-03 2.134984e-03 1.083620e-07 1.800334e-03
11 1.753447e-03 1.857596e-03 1.082497e-07 1.527299e-03
12 1.507273e-03 1.642464e-03 1.081506e-07 1.315743e-03
13 1.323795e-03 1.455916e-03 1.080571e-07 1.144367e-03
14 1.184649e-03 1.300976e-03 1.079649e-07 1.010689e-03
15 1.090896e-03 1.174026e-03 1.078715e-07 9.173097e-04
16 1.014698e-03 1.054830e-03 1.077792e-07 8.539591e-04
17 9.513550e-04 1.197361e-03 1.076896e-07 8.120486e-04
1 4.398021e-02 4.026563e-02 1.158293e-07 3.933924e-02
2 8.776280e-03 8.891660e-03 1.141355e-07 7.650856e-03
3 9.576108e-03 8.018350e-03 1.126271e-07 8.167386e-03
4 7.907924e-03 6.630324e-03 1.113175e-07 6.645603e-03
5 6.422589e-03 5.890903e-03 1.102630e-07 5.370031e-03
6 4.975919e-03 4.267012e-03 1.094846e-07 4.090828e-03
7 3.619707e-03 3.572245e-03 1.089483e-07 2.984344e-03
8 2.806259e-03 2.995099e-03 1.086010e-07 2.382934e-03
9 2.278571e-03 2.522882e-03 1.083717e-07 1.982471e-03
10 1.921135e-03 2.155534e-03 1.082142e-07 1.701289e-03
11 1.627765e-03 1.834247e-03 1.081073e-07 1.464775e-03
12 1.351994e-03 1.530912e-03 1.080351e-07 1.226978e-03
13 1.122437e-03 1.285255e-03 1.079843e-07 1.020944e-03
14 9.446020e-04 1.089101e-03 1.079468e-07 8.584946e-04
15 8.060956e-04 9.279611e-04 1.079175e-07 7.301950e-04
16 6.991292e-04 7.945306e-04 1.078928e-07 6.316055e-04
1 3.577255e-02 3.684769e-02 1.124472e-07 3.276365e-02
2 1.081976e-02 1.360040e-02 1.110470e-07 1.013605e-02
3 1.069684e-02 1.171862e-02 1.093376e-07 9.579022e-03
4 8.005668e-03 8.166612e-03 1.084847e-07 6.976993e-03
5 5.667426e-03 5.022589e-03 1.078817e-07 4.863377e-03
6 4.234667e-03 3.947454e-03 1.073869e-07 3.588562e-03
7 3.245430e-03 3.222947e-03 1.070075e-07 2.790219e-03
8 2.621079e-03 2.716059e-03 1.066865e-07 2.281279e-03
9 2.230501e-03 2.356450e-03 1.064046e-07 1.927574e-03
10 1.901786e-03 2.022649e-03 1.061694e-07 1.625726e-03
11 1.631374e-03 1.752363e-03 1.059750e-07 1.375886e-03
12 1.410615e-03 1.510942e-03 1.058138e-07 1.168376e-03
13 1.216079e-03 1.298639e-03 1.056789e-07 9.914200e-04
14 1.039531e-03 1.109685e-03 1.055663e-07 8.360139e-04
15 8.655758e-04 9.097703e-04 1.054753e-07 6.858912e-04
1 3.641280e-02 4.371112e-02 1.180636e-07 3.508091e-02
2 1.129451e-02 1.548670e-02 1.167397e-07 1.117412e-02
3 1.102425e-02 1.323043e-02 1.153227e-07 1.025425e-02
4 8.868692e-03 9.531072e-03 1.138089e-07 7.872948e-03
5 6.287132e-03 6.054155e-03 1.128266e-07 5.344909e-03
6 4.252587e-03 3.690885e-03 1.122128e-07 3.528178e-03
7 2.969245e-03 2.631998e-03 1.117747e-07 2.420474e-03
8 2.147153e-03 2.069107e-03 1.114333e-07 1.741666e-03
9 1.592170e-03 1.635872e-03 1.112146e-07 1.300886e-03
10 1.273500e-03 1.307290e-03 1.110478e-07 1.036194e-03
11 1.077940e-03 1.098802e-03 1.109057e-07 8.771302e-04
12 9.780213e-04 9.460400e-04 1.107840e-07 8.012738e-04
13 9.269450e-04 1.148810e-03 1.106829e-07 7.843128e-04
1 3.816217e-02 5.113370e-02 1.161621e-07 3.818298e-02
2 1.204826e-02 1.605365e-02 1.146637e-07 1.200272e-02
3 1.220593e-02 1.475844e-02 1.128032e-07 1.163824e-02
4 8.772136e-03 1.018542e-02 1.119398e-07 8.436282e-03
5 6.351501e-03 6.579784e-03 1.111735e-07 5.850841e-03
6 4.788295e-03 4.330505e-03 1.104627e-07 4.168875e-03
7 3.757183e-03 3.279070e-03 1.098765e-07 3.105564e-03
8 2.960493e-03 2.421014e-03 1.094189e-07 2.347008e-03
9 2.315940e-03 1.732355e-03 1.090640e-07 1.782560e-03
10 1.926099e-03 1.250419e-03 1.087410e-07 1.458207e-03
11 1.391266e-03 9.321976e-04 1.085149e-07 1.042327e-03
12 9.362953e-04 7.132201e-04 1.083465e-07 7.121440e-04
13 6.983173e-04 5.909129e-04 1.082074e-07 5.479492e-04
14 5.857637e-04 5.971930e-04 1.080828e-07 4.815262e-04
1 3.952433e-02 5.409926e-02 1.181794e-07 4.023487e-02
2 1.278773e-02 1.584539e-02 1.162986e-07 1.276984e-02
3 1.348549e-02 1.584199e-02 1.142228e-07 1.317966e-02
4 9.817903e-03 1.124397e-02 1.132309e-07 9.783794e-03
5 7.021658e-03 7.076048e-03 1.123986e-07 6.724484e-03
6 4.938535e-03 4.758264e-03 1.117805e-07 4.593984e-03
7 3.604865e-03 3.388133e-03 1.112019e-07 3.209137e-03
8 2.764456e-03 2.171608e-03 1.107813e-07 2.289751e-03
9 1.936777e-03 1.520835e-03 1.105032e-07 1.580043e-03
10 1.515643e-03 1.131562e-03 1.102942e-07 1.180327e-03
11 1.215866e-03 8.725334e-04 1.101361e-07 9.181374e-04
12 9.695559e-04 6.990397e-04 1.100196e-07 7.268440e-04
13 7.710631e-04 5.640164e-04 1.099349e-07 5.823047e-04
1 4.056382e-02 5.247556e-02 1.139014e-07 4.134861e-02
2 1.365060e-02 1.634654e-02 1.119869e-07 1.375570e-02
3 1.454287e-02 1.601397e-02 1.099653e-07 1.424763e-02
4 1.082007e-02 1.125798e-02 1.088067e-07 1.051832e-02
5 7.643672e-03 7.558390e-03 1.079779e-07 7.241946e-03
6 5.400261e-03 5.296330e-03 1.074002e-07 4.944777e-03
7 3.791245e-03 3.608137e-03 1.070122e-07 3.354112e-03
8 2.689088e-03 2.483240e-03 1.067241e-07 2.289983e-03
9 1.945874e-03 1.734623e-03 1.064749e-07 1.597754e-03
10 1.404688e-03 1.240150e-03 1.062853e-07 1.129632e-03
11 1.054220e-03 9.079796e-04 1.061316e-07 8.248992e-04
12 8.085386e-04 6.751284e-04 1.060049e-07 6.219071e-04
13 6.770867e-04 5.418409e-04 1.059011e-07 5.185794e-04
1 4.170211e-02 4.720337e-02 1.139038e-07 4.181538e-02
2 1.457423e-02 1.628803e-02 1.119493e-07 1.462147e-02
3 1.462518e-02 1.639832e-02 1.101518e-07 1.483621e-02
4 1.058810e-02 1.172130e-02 1.091370e-07 1.068101e-02
5 8.060087e-03 8.420115e-03 1.081678e-07 7.748016e-03
6 5.742637e-03 5.696215e-03 1.074086e-07 5.307004e-03
7 4.117032e-03 3.849367e-03 1.068631e-07 3.633321e-03
8 2.894586e-03 2.605784e-03 1.065125e-07 2.459132e-03
9 2.032977e-03 1.753561e-03 1.062703e-07 1.674994e-03
10 1.470510e-03 1.218136e-03 1.060879e-07 1.180922e-03
11 1.088823e-03 8.458817e-04 1.059459e-07 8.497644e-04
12 8.555491e-04 6.273904e-04 1.058286e-07 6.599107e-04
13 7.535590e-04 1.093793e-03 1.057221e-07 6.347088e-04
1 4.152146e-02 4.273168e-02 1.070797e-07 4.169637e-02
2 1.617296e-02 1.735597e-02 1.045075e-07 1.545857e-02
3 1.567342e-02 1.819358e-02 1.029897e-07 1.568219e-02
4 1.128397e-02 1.324596e-02 1.022559e-07 1.150492e-02
5 8.373703e-03 9.455466e-03 1.015324e-07 8.202035e-03
6 6.081853e-03 6.622730e-03 1.009932e-07 5.694066e-03
7 4.380911e-03 4.532145e-03 1.005741e-07 3.914028e-03
8 3.191029e-03 3.044857e-03 1.002353e-07 2.703380e-03
9 2.325337e-03 1.971703e-03 9.996582e-08 1.870626e-03
10 1.711343e-03 1.220792e-03 9.974573e-08 1.321733e-03
11 1.268473e-03 8.779762e-04 9.955940e-08 9.588486e-04
12 9.668524e-04 6.775431e-04 9.939676e-08 7.283269e-04
13 8.143576e-04 6.026303e-04 9.925093e-08 6.238884e-04
1 4.261051e-02 4.606624e-02 1.051222e-07 4.241390e-02
2 1.675036e-02 1.958146e-02 1.027784e-07 1.595810e-02
3 1.654441e-02 1.989175e-02 1.008736e-07 1.624478e-02
4 1.287869e-02 1.529953e-02 9.987560e-08 1.282635e-02
5 8.803518e-03 1.032137e-02 9.921806e-08 8.742577e-03
6 6.101603e-03 6.967477e-03 9.878598e-08 5.945254e-03
7 4.247567e-03 4.672066e-03 9.848577e-08 4.006873e-03
8 2.954984e-03 3.095688e-03 9.826758e-08 2.682304e-03
9 2.101345e-03 2.033587e-03 9.809892e-08 1.811420e-03
10 1.523020e-03 1.317394e-03 9.796103e-08 1.240280e-03
11 1.125701e-03 8.424570e-04 9.784085e-08 8.785444e-04
12 8.545102e-04 6.002374e-04 9.772997e-08 6.569865e-04
13 6.780157e-04 6.440428e-04 9.762083e-08 5.332247e-04
1 4.384258e-02 4.887866e-02 1.050262e-07 4.355325e-02
2 1.682714e-02 2.092067e-02 1.021456e-07 1.606860e-02
3 1.595258e-02 2.025940e-02 1.008582e-07 1.595530e-02
4 1.142898e-02 1.409673e-02 9.997605e-08 1.128508e-02
5 8.396198e-03 9.757347e-03 9.922608e-08 7.984839e-03
6 5.866052e-03 6.479703e-03 9.867844e-08 5.397582e-03
7 4.104942e-03 4.246069e-03 9.829747e-08 3.629058e-03
8 2.906267e-03 2.726828e-03 9.802864e-08 2.457032e-03
9 2.079245e-03 1.713512e-03 9.783444e-08 1.685500e-03
10 1.522203e-03 1.057662e-03 9.769093e-08 1.196906e-03
11 1.127605e-03 8.074598e-04 9.758260e-08 8.760957e-04
12 8.580289e-04 6.927049e-04 9.749708e-08 6.725956e-04
13 6.779078e-04 5.941552e-04 9.742609e-08 5.441699e-04
1 4.643648e-02 5.196262e-02 1.029426e-07 4.586517e-02
2 1.712447e-02 2.181295e-02 1.002543e-07 1.617411e-02
3 1.647992e-02 2.151291e-02 9.897228e-08 1.624395e-02
4 1.219375e-02 1.560989e-02 9.830947e-08 1.213590e-02
5 8.857049e-03 1.068769e-02 9.768243e-08 8.536269e-03
6 6.278045e-03 7.158283e-03 9.720364e-08 5.860173e-03
7 4.433634e-03 4.724047e-03 9.682197e-08 3.995223e-03
8 3.158294e-03 3.046173e-03 9.650897e-08 2.725225e-03
9 2.323456e-03 1.864981e-03 9.621881e-08 1.884282e-03
10 1.771198e-03 1.235716e-03 9.599928e-08 1.364112e-03
11 1.344914e-03 1.011287e-03 9.583770e-08 1.027763e-03
12 1.058754e-03 1.059834e-03 9.571846e-08 8.289897e-04
13 8.466584e-04 9.520817e-04 9.562963e-08 6.800998e-04
14 6.853706e-04 8.063535e-04 9.556369e-08 5.597385e-04
1 4.890816e-02 5.423180e-02 1.006630e-07 4.881336e-02
2 1.677754e-02 2.164806e-02 9.779521e-08 1.580962e-02
3 1.614580e-02 2.154043e-02 9.656202e-08 1.587296e-02
4 1.260985e-02 1.612127e-02 9.582768e-08 1.235387e-02
5 9.250429e-03 1.086367e-02 9.528785e-08 8.609697e-03
6 6.494453e-03 7.180227e-03 9.492298e-08 5.841542e-03
7 4.592209e-03 4.750703e-03 9.467640e-08 3.983961e-03
8 3.259422e-03 3.105976e-03 9.450201e-08 2.732422e-03
9 2.351491e-03 1.995552e-03 9.437107e-08 1.902919e-03
10 1.753302e-03 1.271915e-03 9.426533e-08 1.377497e-03
11 1.325800e-03 8.991304e-04 9.416489e-08 1.030382e-03
12 1.053037e-03 7.814013e-04 9.406519e-08 8.295682e-04
13 7.926370e-04 6.689266e-04 9.399104e-08 6.448361e-04
14 6.619493e-04 5.864232e-04 9.393110e-08 5.415678e-04
