1.001622e+00 1.000468e+00
1.001410e+00 1.000411e+00
1.002618e+00 1.000741e+00
1.003722e+00 1.000968e+00
1.003325e+00 1.000849e+00
1.004922e+00 1.001506e+00
1.006964e+00 1.002261e+00
1.009234e+00 1.003399e+00
1.011907e+00 1.004850e+00
1.013460e+00 1.005846e+00
1.015252e+00 1.007288e+00
1.014527e+00 1.006709e+00
1.014412e+00 1.007208e+00
1.014871e+00 1.007769e+00
1.015553e+00 1.008086e+00
1.013973e+00 1.006588e+00
1.013869e+00 1.007548e+00
1.015510e+00 1.008400e+00
1.014030e+00 1.006221e+00
1.015972e+00 1.008009e+00
1.015513e+00 1.005327e+00
1.013856e+00 1.004606e+00
1.013988e+00 1.004743e+00
1.015594e+00 1.005263e+00
1.013768e+00 1.004561e+00
1.015141e+00 1.005368e+00
1.016463e+00 1.005627e+00
1.015721e+00 1.005366e+00
1.014873e+00 1.005173e+00
1.016915e+00 1.006172e+00
1.015811e+00 1.005455e+00
1.016676e+00 1.005681e+00
1.015760e+00 1.004893e+00
1.016265e+00 1.006295e+00
1.015119e+00 1.005707e+00
1.017724e+00 1.010801e+00
1.017242e+00 1.008388e+00
1.016204e+00 1.008617e+00
1.014065e+00 1.007366e+00
1.013632e+00 1.008106e+00
1.006808e+00 1.002322e+00
1.004674e+00 1.001629e+00
1.003692e+00 1.000940e+00
1.003460e+00 1.000931e+00
1.002959e+00 1.000775e+00
1.002949e+00 1.000836e+00
1.002911e+00 1.000784e+00
1.003062e+00 1.000776e+00
1.003330e+00 1.000846e+00
1.003106e+00 1.000764e+00
1.003068e+00 1.000782e+00
1.002855e+00 1.000655e+00
1.002392e+00 1.000591e+00
1.002094e+00 1.000470e+00
1.002209e+00 1.000504e+00
1.002133e+00 1.000422e+00
1.002025e+00 1.000403e+00
1.002052e+00 1.000423e+00
