13 0
17 0
17 0
17 0
17 0
17 1
15 1
16 3
15 1
15 1
15 3
15 3
15 5
15 5
15 39
15 69
15 59
16 37
19 31
12 41
15 0
16 0
16 0
15 0
15 0
15 1
12 1
13 1
12 5
11 1
11 1
11 5
11 11
12 39
14 29
14 29
14 27
16 35
14 29
15 25
29 0
34 0
27 1
24 31
24 23
13 37
12 34
12 28
16 28
18 30
22 31
22 36
24 38
26 40
22 42
20 39
19 43
22 47
27 61
30 42
29 0
24 0
22 3
23 3
24 7
25 9
25 8
21 8
18 10
17 5
19 1
16 0
17 0
17 0
18 0
19 0
20 0
21 0
21 0
21 0
19 0
21 0
20 0
20 0
20 0
17 0
17 0
16 0
15 0
15 0
14 0
16 0
20 0
23 0
27 0
25 0
21 0
20 0
19 0
18 0
17 0
15 0
12 0
10 0
8 0
10 0
11 0
12 0
12 0
11 0
23 0
12 2
9 0
10 0
8 0
20 0
92 0
29 0
8 0
3 0
3 0
3 0
3 0
3 0
3 0
3 0
3 0
3 0
3 0
3 0
3 0
3 0
3 0
3 0
3 0
3 0
3 0
3 0
3 0
3 0
3 0
3 0
3 0
3 0
3 0
3 0
3 0
3 0
3 0
3 0
3 0
3 0
3 0
3 0
3 0
3 0
3 0
3 0
3 0
3 0
36 0
30 10
33 5
25 3
27 5
20 80
30 68
29 64
21 35
18 38
4 38
8 42
8 44
6 47
3 47
3 47
3 48
3 48
3 48
3 48
