1.000000e+00 0.000000e+00
1.000002e+00 1.000000e+00
1.000002e+00 1.000001e+00
1.000002e+00 1.000001e+00
1.000003e+00 1.000002e+00
1.000003e+00 1.000002e+00
1.000005e+00 1.000002e+00
1.000003e+00 1.000002e+00
1.000003e+00 1.000002e+00
1.000002e+00 1.000002e+00
1.000002e+00 1.000001e+00
1.000002e+00 1.000001e+00
1.000001e+00 1.000001e+00
1.000001e+00 1.000000e+00
1.000001e+00 1.000001e+00
1.000001e+00 1.000001e+00
1.000004e+00 1.000002e+00
1.000012e+00 1.000004e+00
1.000023e+00 1.000007e+00
1.000067e+00 1.000019e+00
1.000000e+00 1.000000e+00
1.000002e+00 1.000001e+00
1.000003e+00 1.000001e+00
1.000004e+00 1.000001e+00
1.000003e+00 1.000001e+00
1.000003e+00 1.000002e+00
1.000009e+00 1.000002e+00
1.000005e+00 1.000002e+00
1.000006e+00 1.000002e+00
1.000005e+00 1.000003e+00
1.000005e+00 1.000003e+00
1.000005e+00 1.000003e+00
1.000006e+00 1.000003e+00
1.000007e+00 1.000003e+00
1.000008e+00 1.000004e+00
1.000009e+00 1.000004e+00
1.000010e+00 1.000003e+00
1.000009e+00 1.000003e+00
1.000011e+00 1.000003e+00
1.000011e+00 1.000002e+00
1.000014e+00 1.000005e+00
1.000006e+00 1.000003e+00
1.000006e+00 1.000003e+00
1.000004e+00 1.000002e+00
1.000019e+00 1.000003e+00
1.000025e+00 1.000006e+00
1.000019e+00 1.000004e+00
1.000002e+00 1.000001e+00
1.000009e+00 1.000002e+00
1.000003e+00 1.000001e+00
1.000003e+00 1.000001e+00
1.000004e+00 1.000002e+00
1.000005e+00 1.000003e+00
1.000004e+00 1.000003e+00
1.000005e+00 1.000003e+00
1.000004e+00 1.000003e+00
1.000004e+00 1.000002e+00
1.000014e+00 1.000003e+00
1.000010e+00 1.000003e+00
1.000004e+00 1.000002e+00
1.000014e+00 1.000005e+00
1.000009e+00 1.000004e+00
1.000006e+00 1.000004e+00
1.000004e+00 1.000003e+00
1.000002e+00 1.000001e+00
1.000003e+00 1.000001e+00
1.000009e+00 1.000004e+00
1.000024e+00 1.000007e+00
1.000006e+00 1.000003e+00
1.000003e+00 1.000002e+00
1.000005e+00 1.000002e+00
1.000003e+00 1.000002e+00
1.000003e+00 1.000002e+00
1.000003e+00 1.000002e+00
1.000004e+00 1.000002e+00
1.000003e+00 1.000002e+00
1.000003e+00 1.000002e+00
1.000003e+00 1.000002e+00
1.000003e+00 1.000002e+00
1.000002e+00 1.000001e+00
1.000003e+00 1.000002e+00
1.000003e+00 1.000002e+00
1.000004e+00 1.000002e+00
1.000003e+00 1.000002e+00
1.000002e+00 1.000002e+00
1.000003e+00 1.000002e+00
1.000003e+00 1.000002e+00
1.000002e+00 1.000002e+00
1.000003e+00 1.000002e+00
1.000002e+00 1.000001e+00
1.000006e+00 1.000002e+00
1.000006e+00 1.000002e+00
1.000001e+00 1.000001e+00
1.000012e+00 1.000002e+00
1.000002e+00 1.000001e+00
1.000003e+00 1.000002e+00
1.000007e+00 1.000002e+00
1.000010e+00 1.000001e+00
1.000003e+00 1.000001e+00
1.000018e+00 1.000003e+00
1.000005e+00 1.000003e+00
1.000004e+00 1.000003e+00
1.000004e+00 1.000002e+00
1.000002e+00 1.000001e+00
1.000002e+00 1.000001e+00
1.000002e+00 1.000001e+00
1.000002e+00 1.000001e+00
1.000002e+00 1.000001e+00
1.000002e+00 1.000001e+00
1.000002e+00 1.000001e+00
1.000090e+00 1.000035e+00
1.000106e+00 1.000027e+00
1.000038e+00 1.000017e+00
1.000166e+00 1.000034e+00
1.000303e+00 1.000054e+00
1.000080e+00 1.000037e+00
1.000022e+00 1.000012e+00
1.000066e+00 1.000022e+00
1.000042e+00 1.000016e+00
1.000040e+00 1.000017e+00
1.000025e+00 1.000012e+00
1.000022e+00 1.000012e+00
1.000019e+00 1.000013e+00
1.000017e+00 1.000011e+00
1.000016e+00 1.000011e+00
1.000015e+00 1.000010e+00
1.000014e+00 1.000010e+00
1.000014e+00 1.000009e+00
1.000013e+00 1.000009e+00
1.000013e+00 1.000009e+00
1.000013e+00 1.000009e+00
1.000013e+00 1.000009e+00
1.000012e+00 1.000009e+00
1.000012e+00 1.000008e+00
1.000012e+00 1.000008e+00
1.000012e+00 1.000008e+00
1.000012e+00 1.000008e+00
1.000012e+00 1.000008e+00
1.000012e+00 1.000008e+00
1.000012e+00 1.000008e+00
1.000012e+00 1.000008e+00
1.000012e+00 1.000008e+00
1.000012e+00 1.000008e+00
1.000012e+00 1.000008e+00
1.000012e+00 1.000008e+00
1.000012e+00 1.000008e+00
1.000012e+00 1.000008e+00
1.000012e+00 1.000008e+00
1.000012e+00 1.000008e+00
1.000012e+00 1.000008e+00
1.000012e+00 1.000008e+00
1.000012e+00 1.000008e+00
1.000012e+00 1.000008e+00
1.000012e+00 1.000008e+00
1.000012e+00 1.000008e+00
1.000012e+00 1.000008e+00
1.000012e+00 1.000008e+00
1.000012e+00 1.000008e+00
1.000012e+00 1.000008e+00
1.000012e+00 1.000008e+00
1.000005e+00 1.000002e+00
1.000010e+00 1.000004e+00
1.000045e+00 1.000007e+00
1.000025e+00 1.000005e+00
1.000027e+00 1.000006e+00
1.000002e+00 1.000000e+00
1.000001e+00 1.000000e+00
1.000006e+00 1.000001e+00
1.000005e+00 1.000002e+00
1.000035e+00 1.000014e+00
1.000029e+00 1.000013e+00
1.000007e+00 1.000003e+00
1.000007e+00 1.000002e+00
1.000004e+00 1.000002e+00
1.000002e+00 1.000001e+00
1.000000e+00 1.000000e+00
1.000000e+00 1.000000e+00
1.000000e+00 1.000000e+00
1.000000e+00 1.000000e+00
1.000000e+00 1.000000e+00
