1 6.446618e-02 1.246130e-01 1.125140e-06 7.240422e-02
2 1.746913e-02 2.755270e-02 8.931648e-07 1.877560e-02
3 1.558689e-02 2.474150e-02 7.321023e-07 1.755734e-02
4 1.065267e-02 1.591876e-02 6.004301e-07 1.148375e-02
5 1.665685e-02 2.754142e-02 5.828717e-07 1.866620e-02
6 5.785515e-03 1.012863e-02 4.443790e-07 6.202306e-03
7 1.870471e-02 3.141311e-02 4.164589e-07 2.084678e-02
8 5.750477e-03 1.060064e-02 3.629712e-07 6.237251e-03
9 1.250995e-02 2.115747e-02 3.517048e-07 1.392982e-02
10 4.403136e-03 6.437057e-03 2.945291e-07 4.739052e-03
11 1.807561e-02 2.611259e-02 2.874442e-07 1.979046e-02
12 3.945578e-03 6.236652e-03 2.489823e-07 4.250212e-03
13 1.480477e-02 2.544310e-02 2.380579e-07 1.620972e-02
14 4.462277e-03 7.654685e-03 2.206397e-07 4.876164e-03
15 6.680982e-03 1.148217e-02 2.145094e-07 7.302436e-03
16 6.891518e-03 1.203825e-02 2.036306e-07 7.565646e-03
17 2.389605e-03 6.229087e-03 1.899026e-07 2.850002e-03
18 8.718158e-03 1.674425e-02 1.839361e-07 9.761739e-03
19 4.055463e-03 1.014362e-02 1.757466e-07 4.742721e-03
20 3.011372e-03 8.429384e-03 1.709691e-07 3.726575e-03
21 3.965152e-03 1.132013e-02 1.654983e-07 4.890836e-03
22 2.758161e-03 7.996572e-03 1.601272e-07 3.434963e-03
23 3.690003e-03 1.193297e-02 1.563022e-07 4.863582e-03
24 2.631805e-03 6.263387e-03 1.522017e-07 3.022476e-03
25 4.504999e-03 1.615559e-02 1.517011e-07 6.359763e-03
26 2.521601e-03 3.987203e-03 1.462385e-07 2.668403e-03
27 6.676874e-03 2.243806e-02 1.450243e-07 9.148913e-03
28 2.869947e-03 5.239874e-03 1.424287e-07 3.141482e-03
29 4.880939e-03 1.498613e-02 1.412758e-07 6.396077e-03
30 3.236541e-03 6.886167e-03 1.395320e-07 3.657018e-03
31 3.533637e-03 8.768572e-03 1.381008e-07 4.182219e-03
32 2.934737e-03 5.670716e-03 1.367230e-07 3.244518e-03
33 3.953316e-03 9.696331e-03 1.357506e-07 4.717463e-03
34 2.858303e-03 4.184561e-03 1.344755e-07 3.040783e-03
35 4.977484e-03 1.079482e-02 1.341907e-07 5.929403e-03
36 2.222426e-03 2.790248e-03 1.326895e-07 2.338228e-03
37 6.201231e-03 1.239761e-02 1.322483e-07 7.297563e-03
38 2.628407e-03 4.200445e-03 1.315745e-07 2.856656e-03
39 3.918567e-03 6.836485e-03 1.311683e-07 4.447120e-03
40 2.089243e-03 3.250848e-03 1.305794e-07 2.265437e-03
41 4.474596e-03 7.332713e-03 1.304773e-07 5.109047e-03
42 1.784914e-03 2.328074e-03 1.298182e-07 1.893771e-03
43 4.433781e-03 6.601771e-03 1.297739e-07 5.047372e-03
44 1.496508e-03 1.838454e-03 1.292956e-07 1.581697e-03
45 3.652412e-03 5.367930e-03 1.292085e-07 4.149224e-03
46 1.347242e-03 1.689408e-03 1.289620e-07 1.429359e-03
47 2.641715e-03 4.362312e-03 1.288775e-07 3.054752e-03
48 1.240241e-03 1.541021e-03 1.287572e-07 1.323356e-03
49 1.893000e-03 2.975503e-03 1.286900e-07 2.163454e-03
50 1.144127e-03 1.486107e-03 1.286323e-07 1.231570e-03
51 1.404792e-03 2.014099e-03 1.285902e-07 1.567864e-03
52 1.063811e-03 1.599577e-03 1.285546e-07 1.157079e-03
53 1.042206e-03 1.829557e-03 1.285237e-07 1.145018e-03
54 8.561882e-04 1.288413e-03 1.284997e-07 9.425830e-04
55 7.818381e-04 1.377731e-03 1.284824e-07 8.765717e-04
56 6.791268e-04 1.243768e-03 1.284696e-07 7.670685e-04
1 2.345818e-02 4.051522e-02 4.700824e-05 2.614894e-02
2 5.754054e-03 1.754036e-02 3.692483e-06 7.890002e-03
3 9.345151e-03 2.102864e-02 2.536447e-06 1.104084e-02
4 4.598964e-03 1.074013e-02 1.804479e-06 5.400142e-03
5 4.127534e-03 1.004517e-02 1.169648e-06 4.827133e-03
6 4.372493e-03 8.279251e-03 6.553527e-07 4.831534e-03
7 3.027904e-03 5.449941e-03 3.979516e-07 3.410537e-03
8 3.516573e-03 4.907084e-03 2.863734e-07 3.801040e-03
9 2.421579e-03 5.615346e-03 2.095449e-07 3.059999e-03
10 2.269673e-03 7.186258e-03 1.786376e-07 2.903496e-03
11 2.504049e-03 5.237407e-03 1.501033e-07 3.036661e-03
12 4.738294e-03 1.324225e-02 1.417401e-07 6.590376e-03
13 2.271956e-03 3.759704e-03 1.339722e-07 2.582149e-03
14 4.335408e-03 1.000740e-02 1.318959e-07 5.425296e-03
15 1.473544e-03 2.366740e-03 1.276895e-07 1.672358e-03
16 5.980993e-03 1.542558e-02 1.268759e-07 7.635514e-03
17 1.786538e-03 2.958614e-03 1.257882e-07 2.049936e-03
18 3.739676e-03 9.915510e-03 1.254167e-07 4.737127e-03
19 2.206911e-03 4.609043e-03 1.250286e-07 2.575027e-03
20 2.291441e-03 4.705009e-03 1.247857e-07 2.717591e-03
21 1.610929e-03 3.129978e-03 1.246332e-07 1.845650e-03
22 1.737097e-03 3.551705e-03 1.245403e-07 2.017461e-03
23 1.223064e-03 2.097667e-03 1.244692e-07 1.376326e-03
24 1.266823e-03 2.154516e-03 1.244182e-07 1.423159e-03
25 9.738932e-04 1.952669e-03 1.243770e-07 1.120623e-03
26 8.725407e-04 1.448970e-03 1.243546e-07 1.018498e-03
27 6.342402e-04 1.142381e-03 1.243389e-07 7.432407e-04
28 5.157246e-04 9.196905e-04 1.243284e-07 6.130692e-04
29 4.052954e-04 8.596026e-04 1.243202e-07 4.917800e-04
1 2.257310e-02 3.801535e-02 5.512515e-06 2.457350e-02
2 2.946168e-03 5.630570e-03 2.577376e-06 3.137232e-03
3 1.399031e-02 2.515957e-02 2.297586e-06 1.615401e-02
4 7.481581e-03 1.432532e-02 1.499419e-06 8.453638e-03
5 4.268834e-03 9.087030e-03 7.746503e-07 4.881298e-03
6 4.776722e-03 7.444921e-03 4.425228e-07 5.271212e-03
7 3.016356e-03 5.536080e-03 3.492117e-07 3.419319e-03
8 3.579790e-03 5.467534e-03 2.454646e-07 3.934244e-03
9 2.817686e-03 4.815484e-03 1.797935e-07 3.074683e-03
10 2.838018e-03 5.583805e-03 1.519268e-07 3.475863e-03
11 2.053703e-03 4.096839e-03 1.312186e-07 2.389376e-03
12 2.175732e-03 4.348523e-03 1.204344e-07 2.849978e-03
13 1.687486e-03 4.372393e-03 1.149462e-07 2.213535e-03
14 2.669603e-03 5.226395e-03 1.122474e-07 3.209479e-03
15 1.749972e-03 4.300775e-03 1.107813e-07 2.139180e-03
16 2.967658e-03 5.796941e-03 1.100465e-07 3.486278e-03
17 1.371140e-03 3.254843e-03 1.095470e-07 1.640626e-03
18 2.996197e-03 6.324899e-03 1.093457e-07 3.506612e-03
19 9.787596e-04 1.959291e-03 1.091144e-07 1.109281e-03
20 2.623605e-03 5.725125e-03 1.090547e-07 3.066813e-03
21 7.505817e-04 1.308789e-03 1.089618e-07 8.362652e-04
22 1.505593e-03 2.716986e-03 1.089337e-07 1.705112e-03
23 6.927121e-04 1.304668e-03 1.089167e-07 7.831020e-04
24 7.371672e-04 1.430169e-03 1.089053e-07 8.469549e-04
25 5.199528e-04 1.025285e-03 1.088962e-07 6.056046e-04
1 2.379029e-02 3.808244e-02 5.505410e-06 2.541887e-02
2 3.377700e-03 5.640495e-03 2.561972e-06 3.494650e-03
3 1.576686e-02 2.533002e-02 1.855946e-06 1.741335e-02
4 4.886334e-03 1.012757e-02 9.252666e-07 5.500163e-03
5 8.539866e-03 1.431197e-02 6.726659e-07 9.452138e-03
6 3.752552e-03 7.978246e-03 4.269719e-07 4.509338e-03
7 2.624165e-03 4.912099e-03 2.822849e-07 2.976267e-03
8 2.753179e-03 4.951959e-03 2.043309e-07 3.131583e-03
9 2.497815e-03 4.495919e-03 1.611787e-07 2.765214e-03
10 1.476211e-03 3.783405e-03 1.490698e-07 1.765685e-03
11 1.664543e-03 5.092248e-03 1.307124e-07 2.148660e-03
12 1.315505e-03 3.217988e-03 1.202977e-07 1.609883e-03
13 1.838524e-03 6.695735e-03 1.161960e-07 2.893949e-03
14 1.081418e-03 2.493017e-03 1.127086e-07 1.255238e-03
15 3.685050e-03 1.080238e-02 1.116939e-07 4.868184e-03
16 1.372680e-03 3.541320e-03 1.107788e-07 1.664755e-03
17 2.414668e-03 6.337300e-03 1.103678e-07 2.981823e-03
18 1.839369e-03 3.804165e-03 1.099791e-07 2.060038e-03
19 2.639816e-03 5.872441e-03 1.098082e-07 3.053667e-03
20 1.063482e-03 1.908360e-03 1.096494e-07 1.198797e-03
21 1.982482e-03 3.582710e-03 1.096005e-07 2.249918e-03
22 8.698584e-04 1.821470e-03 1.095633e-07 1.036644e-03
23 1.187083e-03 2.269358e-03 1.095252e-07 1.378396e-03
24 1.061814e-03 2.305674e-03 1.094812e-07 1.250265e-03
25 5.975586e-04 1.183349e-03 1.094656e-07 7.031025e-04
26 4.159333e-04 7.368304e-04 1.094563e-07 4.873820e-04
27 4.441568e-04 1.057707e-03 1.094416e-07 5.954229e-04
1 2.407152e-02 3.813013e-02 5.449603e-06 2.556328e-02
2 4.069883e-03 5.698563e-03 3.484083e-06 4.150874e-03
3 3.056561e-03 7.599044e-03 2.356112e-06 3.497978e-03
4 3.517977e-03 9.513627e-03 1.495729e-06 4.313649e-03
5 3.896712e-03 9.972854e-03 8.519365e-07 4.800414e-03
6 4.254249e-03 8.104785e-03 4.910107e-07 4.860708e-03
7 2.895013e-03 5.387202e-03 3.131465e-07 3.285787e-03
8 4.184682e-03 7.642387e-03 2.242021e-07 4.609407e-03
9 2.449762e-03 3.647194e-03 1.971167e-07 2.639939e-03
10 2.906072e-03 4.874553e-03 1.787714e-07 3.141671e-03
11 3.365020e-03 5.506315e-03 1.486778e-07 3.628761e-03
12 1.755450e-03 2.974711e-03 1.292281e-07 1.952015e-03
13 2.545699e-03 7.864214e-03 1.248239e-07 3.441016e-03
14 1.254737e-03 1.658228e-03 1.154543e-07 1.338007e-03
15 3.335459e-03 1.249651e-02 1.139404e-07 5.047929e-03
16 1.909392e-03 3.132034e-03 1.127184e-07 2.153987e-03
17 1.458546e-03 4.643644e-03 1.120201e-07 1.991361e-03
18 1.249645e-03 3.378555e-03 1.116404e-07 1.553879e-03
19 1.705884e-03 4.314648e-03 1.114541e-07 2.092423e-03
20 1.134353e-03 2.471335e-03 1.113417e-07 1.317162e-03
21 1.562307e-03 3.322323e-03 1.112854e-07 1.821847e-03
22 9.464971e-04 1.655298e-03 1.112532e-07 1.070084e-03
23 1.057401e-03 1.807867e-03 1.112360e-07 1.198146e-03
24 6.803049e-04 1.050628e-03 1.112262e-07 7.655297e-04
25 5.857580e-04 9.319946e-04 1.112188e-07 6.685202e-04
26 4.825286e-04 9.687866e-04 1.112112e-07 5.800787e-04
1 2.215591e-02 3.924934e-02 6.093419e-06 2.382537e-02
2 3.917092e-03 5.655610e-03 2.634136e-06 4.118211e-03
3 1.102990e-02 2.330521e-02 2.091487e-06 1.275798e-02
4 5.734109e-03 1.194511e-02 1.032067e-06 6.519292e-03
5 3.017997e-03 5.733593e-03 5.729269e-07 3.451503e-03
6 6.592143e-03 1.171331e-02 3.703523e-07 7.245606e-03
7 2.057447e-03 4.762042e-03 2.522518e-07 2.356662e-03
8 5.791980e-03 8.820273e-03 1.931232e-07 6.370037e-03
9 2.145201e-03 3.126795e-03 1.538233e-07 2.313067e-03
10 4.033850e-03 7.539418e-03 1.394696e-07 4.516928e-03
11 1.548477e-03 3.841549e-03 1.270505e-07 1.906666e-03
12 1.643899e-03 5.256400e-03 1.209922e-07 2.310028e-03
13 9.217761e-04 3.459857e-03 1.176502e-07 1.432690e-03
14 2.133779e-03 7.850678e-03 1.165571e-07 3.145366e-03
15 1.598797e-03 2.447505e-03 1.150460e-07 1.799997e-03
16 3.946761e-03 9.993970e-03 1.146186e-07 4.726394e-03
17 2.081668e-03 3.457018e-03 1.143642e-07 2.303368e-03
18 1.908088e-03 4.270835e-03 1.141097e-07 2.240295e-03
19 1.458156e-03 3.129963e-03 1.139561e-07 1.699110e-03
20 1.706601e-03 3.481285e-03 1.138680e-07 1.981364e-03
21 1.173289e-03 2.204486e-03 1.138151e-07 1.345081e-03
22 1.325377e-03 2.315066e-03 1.137849e-07 1.510058e-03
23 8.821696e-04 1.390853e-03 1.137681e-07 9.983913e-04
24 7.993652e-04 1.330926e-03 1.137586e-07 9.043417e-04
25 5.462826e-04 9.302635e-04 1.137531e-07 6.179054e-04
1 2.104338e-02 3.820370e-02 1.150615e-05 2.276945e-02
2 5.293537e-03 8.745855e-03 3.986769e-06 5.693628e-03
3 4.342089e-03 9.947638e-03 1.760083e-06 5.006754e-03
4 6.629139e-03 1.765988e-02 9.339687e-07 8.013708e-03
5 3.093969e-03 7.531496e-03 5.204852e-07 3.795414e-03
6 5.837467e-03 1.077762e-02 3.379117e-07 6.545505e-03
7 2.090935e-03 4.768333e-03 2.378776e-07 2.567744e-03
8 5.161244e-03 9.885870e-03 1.842464e-07 5.850052e-03
9 1.414400e-03 3.538930e-03 1.520098e-07 1.687661e-03
10 3.735769e-03 7.024321e-03 1.373987e-07 4.370754e-03
11 1.012217e-03 2.373413e-03 1.270881e-07 1.262476e-03
12 2.439977e-03 9.200490e-03 1.270116e-07 4.037960e-03
13 8.896807e-04 1.591060e-03 1.201682e-07 9.931631e-04
14 4.800343e-03 1.324100e-02 1.193925e-07 6.350332e-03
15 1.291914e-03 2.524907e-03 1.185375e-07 1.462564e-03
16 3.316200e-03 7.936710e-03 1.184014e-07 4.044278e-03
17 8.932966e-04 1.429660e-03 1.178609e-07 9.728630e-04
18 3.258685e-03 6.858088e-03 1.178381e-07 3.832598e-03
19 6.803510e-04 1.036075e-03 1.176096e-07 7.380370e-04
20 2.140558e-03 3.892052e-03 1.175685e-07 2.455921e-03
21 6.451607e-04 1.013866e-03 1.175319e-07 7.132073e-04
22 1.122826e-03 1.820222e-03 1.175173e-07 1.280452e-03
23 5.687064e-04 9.372894e-04 1.175094e-07 6.419537e-04
24 5.241346e-04 1.087423e-03 1.175049e-07 6.166491e-04
25 3.429367e-04 5.753444e-04 1.175021e-07 3.871157e-04
1 2.107318e-02 3.822405e-02 2.828968e-05 2.273165e-02
2 8.288800e-03 1.401431e-02 1.813106e-05 8.896767e-03
3 7.431604e-03 1.087522e-02 2.781688e-06 7.666987e-03
4 6.411171e-03 1.565321e-02 1.698398e-06 7.561548e-03
5 4.273237e-03 9.719770e-03 8.771330e-07 4.918341e-03
6 4.699029e-03 1.022675e-02 6.002162e-07 5.573903e-03
7 3.077973e-03 7.257545e-03 3.817973e-07 3.642461e-03
8 3.008465e-03 6.935723e-03 2.649488e-07 3.639879e-03
9 3.203504e-03 5.949873e-03 2.154479e-07 3.797062e-03
10 1.902775e-03 4.685638e-03 1.731983e-07 2.311021e-03
11 1.546281e-03 4.027913e-03 1.489434e-07 1.901054e-03
12 1.591571e-03 5.354384e-03 1.370742e-07 2.302671e-03
13 1.049903e-03 3.326098e-03 1.303320e-07 1.496109e-03
14 2.472696e-03 7.359828e-03 1.277410e-07 3.503071e-03
15 1.065679e-03 2.590678e-03 1.252696e-07 1.308251e-03
16 3.774502e-03 1.059819e-02 1.245141e-07 5.131527e-03
17 1.453622e-03 3.868749e-03 1.237419e-07 1.846810e-03
18 2.227007e-03 5.840913e-03 1.233252e-07 2.920342e-03
19 1.189630e-03 2.898588e-03 1.229653e-07 1.418232e-03
20 2.315135e-03 5.954239e-03 1.228070e-07 2.940702e-03
21 9.642638e-04 1.927988e-03 1.226165e-07 1.090414e-03
22 1.980211e-03 4.905954e-03 1.225391e-07 2.403000e-03
23 1.197870e-03 1.622285e-03 1.224551e-07 1.309525e-03
24 1.697221e-03 2.760313e-03 1.224026e-07 1.909042e-03
25 8.404200e-04 1.323701e-03 1.223785e-07 9.532371e-04
26 6.902591e-04 1.221453e-03 1.223665e-07 8.063652e-04
27 4.441571e-04 8.422375e-04 1.223593e-07 5.185350e-04
1 3.749571e-02 5.021576e-02 2.165813e-05 3.916964e-02
2 6.604034e-03 1.371579e-02 1.057706e-05 7.456909e-03
3 4.619303e-03 7.916598e-03 6.463688e-06 5.047016e-03
4 4.311830e-03 8.449598e-03 4.851964e-06 4.699050e-03
5 4.424598e-03 9.464747e-03 3.594897e-06 4.918223e-03
6 4.425340e-03 1.047895e-02 2.919641e-06 5.115012e-03
7 4.469522e-03 1.119761e-02 2.074785e-06 5.388208e-03
8 4.441150e-03 1.106955e-02 9.726294e-07 5.468795e-03
9 4.833050e-03 9.960778e-03 6.207043e-07 5.066490e-03
10 3.392923e-03 7.086434e-03 4.555421e-07 3.960180e-03
11 2.824647e-03 4.795856e-03 3.118254e-07 3.142834e-03
12 2.214228e-03 4.117863e-03 2.271409e-07 2.407976e-03
13 2.095599e-03 5.437634e-03 1.939786e-07 2.445443e-03
14 1.590036e-03 5.420478e-03 1.649465e-07 2.020853e-03
15 1.226220e-03 3.446386e-03 1.480382e-07 1.505670e-03
16 1.889632e-03 6.552034e-03 1.406808e-07 2.838639e-03
17 1.046230e-03 2.556630e-03 1.351981e-07 1.335434e-03
18 3.534176e-03 1.037682e-02 1.334804e-07 5.032524e-03
19 1.513610e-03 3.842468e-03 1.317262e-07 1.967548e-03
20 2.302046e-03 6.523930e-03 1.308063e-07 3.108763e-03
21 1.363882e-03 2.882630e-03 1.300168e-07 1.611775e-03
22 3.062685e-03 7.459115e-03 1.296746e-07 3.749701e-03
23 1.733663e-03 4.087498e-03 1.293138e-07 2.126105e-03
24 1.597816e-03 4.110887e-03 1.290721e-07 1.969095e-03
25 1.458408e-03 3.434082e-03 1.289087e-07 1.792688e-03
26 1.322463e-03 3.360452e-03 1.287993e-07 1.615210e-03
27 1.176894e-03 2.618738e-03 1.287280e-07 1.418025e-03
28 1.013203e-03 2.350225e-03 1.286833e-07 1.212827e-03
29 8.400167e-04 1.708012e-03 1.286560e-07 9.928183e-04
30 6.702397e-04 1.259653e-03 1.286391e-07 7.851322e-04
31 5.102390e-04 9.186790e-04 1.286282e-07 5.932672e-04
1 4.915287e-02 6.295168e-02 9.818467e-05 5.143077e-02
2 1.297631e-02 2.659907e-02 8.436651e-05 1.503113e-02
3 1.288677e-02 2.453698e-02 7.213521e-05 1.500020e-02
4 1.294384e-02 2.256366e-02 6.547267e-05 1.481207e-02
5 1.348014e-02 2.141505e-02 6.021025e-05 1.488134e-02
6 1.576392e-02 2.762842e-02 3.791281e-05 1.756935e-02
7 9.332978e-03 1.585530e-02 3.111595e-05 1.039541e-02
8 9.416312e-03 1.418283e-02 2.439685e-05 1.001261e-02
9 8.932290e-03 1.307009e-02 7.713789e-06 9.532904e-03
10 4.696620e-03 1.024464e-02 4.891186e-06 5.349380e-03
11 4.835128e-03 1.229248e-02 2.283615e-06 5.832845e-03
12 4.639381e-03 9.953693e-03 1.046558e-06 5.297235e-03
13 3.763352e-03 9.261770e-03 7.191108e-07 4.116788e-03
14 3.353365e-03 7.276137e-03 4.548856e-07 3.870286e-03
15 2.234971e-03 6.107108e-03 3.096937e-07 2.598155e-03
16 2.485461e-03 5.937533e-03 2.366044e-07 2.999789e-03
17 1.403069e-03 3.230315e-03 1.892537e-07 1.608170e-03
18 2.190405e-03 8.052881e-03 1.710840e-07 2.807616e-03
19 8.401321e-04 1.848708e-03 1.528685e-07 1.075045e-03
20 3.481061e-03 1.139096e-02 1.481915e-07 5.519622e-03
21 1.296258e-03 3.056368e-03 1.435118e-07 1.682207e-03
22 2.691563e-03 8.300554e-03 1.418855e-07 3.907466e-03
23 1.130159e-03 2.308906e-03 1.395902e-07 1.360043e-03
24 3.719151e-03 9.758433e-03 1.389129e-07 4.879219e-03
25 1.741455e-03 3.670847e-03 1.382044e-07 2.073720e-03
26 1.984798e-03 5.278430e-03 1.377235e-07 2.585115e-03
27 1.382089e-03 2.945699e-03 1.373555e-07 1.666984e-03
28 1.924611e-03 4.918040e-03 1.371248e-07 2.454496e-03
29 1.121711e-03 2.232202e-03 1.369398e-07 1.330681e-03
30 1.647173e-03 3.839097e-03 1.368277e-07 2.041102e-03
31 9.300720e-04 1.736596e-03 1.367491e-07 1.093582e-03
32 1.169068e-03 2.339001e-03 1.367017e-07 1.401716e-03
33 7.544429e-04 1.320222e-03 1.366733e-07 8.832369e-04
34 7.048044e-04 1.317041e-03 1.366560e-07 8.271948e-04
35 5.110458e-04 1.028488e-03 1.366452e-07 5.950436e-04
1 5.678261e-02 7.438616e-02 1.325704e-04 5.957839e-02
2 1.854527e-02 3.119802e-02 1.189929e-04 2.026491e-02
3 1.944456e-02 3.322813e-02 1.038489e-04 2.161262e-02
4 2.032347e-02 2.893350e-02 7.000562e-05 2.176965e-02
5 1.266369e-02 2.224447e-02 5.318521e-05 1.366682e-02
6 1.154282e-02 1.917302e-02 3.359426e-05 1.227779e-02
7 1.078816e-02 1.485966e-02 2.584013e-05 1.123855e-02
8 1.353073e-02 1.601748e-02 2.376944e-05 1.376852e-02
9 1.401498e-02 1.787601e-02 2.151264e-05 1.431223e-02
10 1.515315e-02 2.213805e-02 1.275474e-05 1.559338e-02
11 7.277225e-03 1.293974e-02 1.125113e-05 7.769499e-03
12 8.699230e-03 1.364919e-02 3.059814e-06 9.061904e-03
13 3.639885e-03 7.432190e-03 1.797679e-06 4.098333e-03
14 4.770173e-03 9.905053e-03 1.283103e-06 5.369860e-03
15 4.687920e-03 9.629851e-03 7.143339e-07 5.305335e-03
16 3.078103e-03 1.012825e-02 4.560542e-07 3.678319e-03
17 3.569229e-03 8.165555e-03 3.199365e-07 4.448274e-03
18 1.803718e-03 5.124860e-03 2.369912e-07 2.145491e-03
19 2.984672e-03 8.369132e-03 2.195383e-07 3.488266e-03
20 2.347674e-03 7.276421e-03 1.916804e-07 2.861816e-03
21 1.159892e-03 2.227485e-03 1.687593e-07 1.342941e-03
22 2.873630e-03 9.570028e-03 1.673669e-07 4.341175e-03
23 1.031072e-03 2.044942e-03 1.538649e-07 1.200687e-03
24 4.182518e-03 1.268785e-02 1.520644e-07 6.067065e-03
25 1.533620e-03 3.254880e-03 1.500881e-07 1.839488e-03
26 2.565121e-03 7.633373e-03 1.492773e-07 3.537094e-03
27 1.268552e-03 2.362056e-03 1.482080e-07 1.445144e-03
28 2.767273e-03 7.805293e-03 1.479807e-07 3.680503e-03
29 1.022657e-03 1.697645e-03 1.472895e-07 1.139458e-03
30 2.428564e-03 6.248756e-03 1.471263e-07 3.108012e-03
31 8.457557e-04 1.486605e-03 1.468540e-07 9.590060e-04
32 1.738858e-03 3.976151e-03 1.467450e-07 2.148893e-03
33 8.583750e-04 1.435981e-03 1.466542e-07 9.696014e-04
34 1.242659e-03 2.168817e-03 1.465930e-07 1.404841e-03
35 7.565078e-04 1.329381e-03 1.465591e-07 8.529527e-04
36 6.765661e-04 1.363033e-03 1.465391e-07 7.891128e-04
37 4.954936e-04 1.038006e-03 1.465260e-07 5.790838e-04
1 1.568954e-03 1.711092e-03 1.469899e-07 1.707910e-03
2 1.436497e-03 1.946009e-03 1.469494e-07 1.573235e-03
3 9.535810e-04 1.346627e-03 1.469255e-07 1.040284e-03
4 6.844037e-04 9.682213e-04 1.469101e-07 7.461926e-04
5 5.075847e-04 7.515919e-04 1.468993e-07 5.573546e-04
6 3.936071e-04 5.947696e-04 1.468913e-07 4.382882e-04
1 8.469543e-04 1.329826e-03 1.464557e-07 9.445434e-04
2 6.000968e-04 7.715476e-04 1.464485e-07 6.486409e-04
3 3.783140e-04 6.388935e-04 1.464441e-07 4.143033e-04
1 5.837466e-04 8.773272e-04 1.464163e-07 6.711157e-04
2 5.700171e-04 9.399301e-04 1.464095e-07 6.565572e-04
3 3.700747e-04 6.485603e-04 1.464054e-07 4.290279e-04
1 3.105482e-04 5.542420e-04 1.464043e-07 3.867419e-04
2 3.288871e-04 6.510599e-04 1.464007e-07 4.009597e-04
3 2.429193e-04 5.564516e-04 1.463977e-07 3.070316e-04
1 1.684114e-04 3.920631e-04 1.463961e-07 2.103880e-04
2 1.955097e-04 5.328064e-04 1.463936e-07 2.695278e-04
3 1.622493e-04 4.915518e-04 1.463913e-07 2.365896e-04
1 1.479950e-04 2.536565e-04 1.463868e-07 1.759393e-04
2 1.466871e-04 4.240477e-04 1.463847e-07 2.206507e-04
3 1.246412e-04 3.975516e-04 1.463829e-07 1.994909e-04
1 2.179023e-04 4.435603e-04 1.463813e-07 2.626101e-04
2 1.363616e-04 3.834637e-04 1.463797e-07 2.018591e-04
3 1.142004e-04 3.670209e-04 1.463782e-07 1.837144e-04
1 2.976508e-04 6.375281e-04 1.463761e-07 3.636703e-04
2 1.479352e-04 3.976782e-04 1.463746e-07 2.124074e-04
3 1.159456e-04 3.651073e-04 1.463733e-07 1.825898e-04
1 3.666485e-04 7.774137e-04 1.463720e-07 4.491869e-04
2 1.651996e-04 4.480908e-04 1.463706e-07 2.288717e-04
3 1.206454e-04 3.683120e-04 1.463692e-07 1.850629e-04
1 4.188768e-04 8.755599e-04 1.463681e-07 5.129270e-04
2 1.809439e-04 4.775166e-04 1.463666e-07 2.439820e-04
3 1.275616e-04 3.787433e-04 1.463653e-07 1.898658e-04
1 4.532318e-04 9.382635e-04 1.463641e-07 5.545487e-04
2 1.931172e-04 4.848747e-04 1.463626e-07 2.548666e-04
3 1.354735e-04 3.953358e-04 1.463613e-07 1.961180e-04
1 4.700372e-04 9.701122e-04 1.463601e-07 5.748969e-04
2 2.013166e-04 4.720368e-04 1.463586e-07 2.613130e-04
3 1.434606e-04 4.165964e-04 1.463571e-07 2.030787e-04
1 4.702068e-04 9.730947e-04 1.463559e-07 5.751419e-04
2 2.058936e-04 4.395637e-04 1.463543e-07 2.640276e-04
3 1.506126e-04 4.384131e-04 1.463527e-07 2.098073e-04
1 4.554622e-04 9.516690e-04 1.463516e-07 5.572326e-04
2 2.072412e-04 4.516757e-04 1.463498e-07 2.643741e-04
3 1.548930e-04 4.519151e-04 1.463482e-07 2.144985e-04
1 4.870191e-03 1.822639e-02 1.414667e-07 6.666778e-03
2 3.730312e-03 7.313159e-03 1.346228e-07 4.449502e-03
3 3.034726e-03 1.069479e-02 1.311906e-07 4.037197e-03
4 2.446803e-03 5.726591e-03 1.272962e-07 2.989100e-03
5 3.376379e-03 9.346166e-03 1.246650e-07 4.253881e-03
6 3.045970e-03 6.832043e-03 1.224954e-07 3.623903e-03
7 2.765446e-03 6.993419e-03 1.208162e-07 3.465373e-03
8 2.864968e-03 6.483586e-03 1.193638e-07 3.379268e-03
9 3.032025e-03 6.421556e-03 1.188408e-07 3.517844e-03
10 3.003490e-03 6.549945e-03 1.176843e-07 3.551081e-03
11 2.340382e-03 4.591698e-03 1.167773e-07 2.734679e-03
12 2.869786e-03 5.937270e-03 1.159425e-07 3.366947e-03
13 2.581560e-03 5.129218e-03 1.152646e-07 2.975987e-03
14 2.004576e-03 3.928471e-03 1.147485e-07 2.344628e-03
15 2.682493e-03 5.136251e-03 1.142327e-07 3.078285e-03
16 2.469613e-03 4.390494e-03 1.138009e-07 2.749818e-03
17 1.877876e-03 3.400507e-03 1.134726e-07 2.147089e-03
18 2.482755e-03 4.074179e-03 1.131890e-07 2.865022e-03
19 1.902097e-03 3.611559e-03 1.129111e-07 2.167130e-03
20 1.749962e-03 2.975409e-03 1.126733e-07 2.008929e-03
21 1.804316e-03 2.848018e-03 1.124427e-07 2.070843e-03
22 1.788970e-03 2.562546e-03 1.122339e-07 2.047450e-03
23 1.655704e-03 2.403955e-03 1.120519e-07 1.876288e-03
24 1.225011e-03 2.102377e-03 1.119165e-07 1.430805e-03
25 1.414614e-03 2.370340e-03 1.117770e-07 1.632169e-03
26 1.454905e-03 2.326659e-03 1.116479e-07 1.680892e-03
27 1.280674e-03 2.126485e-03 1.115338e-07 1.471607e-03
28 1.249287e-03 2.055806e-03 1.114292e-07 1.429133e-03
29 1.027998e-03 1.890025e-03 1.113471e-07 1.173850e-03
30 1.132823e-03 2.079281e-03 1.112623e-07 1.297785e-03
31 1.191932e-03 1.941583e-03 1.111807e-07 1.374416e-03
32 1.032403e-03 1.885438e-03 1.111092e-07 1.174226e-03
33 9.651881e-04 1.759626e-03 1.110434e-07 1.108740e-03
34 9.300328e-04 1.634772e-03 1.109814e-07 1.069369e-03
35 9.169659e-04 1.537959e-03 1.109237e-07 1.051891e-03
36 7.646744e-04 1.423539e-03 1.108781e-07 8.550688e-04
37 8.403867e-04 1.532490e-03 1.108291e-07 9.519187e-04
38 8.864644e-04 1.375138e-03 1.107800e-07 1.010346e-03
39 7.762218e-04 1.258982e-03 1.107390e-07 8.624064e-04
40 7.662128e-04 1.351841e-03 1.106997e-07 8.533079e-04
41 7.413818e-04 1.297952e-03 1.106630e-07 8.223592e-04
1 3.449952e-03 4.985066e-03 1.101531e-07 3.805799e-03
2 3.828987e-03 5.835651e-03 1.093307e-07 4.326287e-03
3 3.579345e-03 5.149075e-03 1.086526e-07 4.045464e-03
4 3.204709e-03 5.249858e-03 1.080482e-07 3.632778e-03
5 3.383944e-03 4.905657e-03 1.074816e-07 3.837992e-03
6 2.715478e-03 4.892657e-03 1.070113e-07 3.119773e-03
7 3.079084e-03 5.192220e-03 1.065005e-07 3.593969e-03
8 3.011308e-03 5.310165e-03 1.062060e-07 3.375829e-03
9 2.863708e-03 5.135012e-03 1.057764e-07 3.324767e-03
10 2.545785e-03 4.987574e-03 1.054053e-07 2.964093e-03
11 2.481041e-03 4.591510e-03 1.050743e-07 2.891206e-03
12 2.316220e-03 4.572235e-03 1.047785e-07 2.702376e-03
13 2.183961e-03 4.234890e-03 1.045131e-07 2.559702e-03
14 2.073701e-03 4.120487e-03 1.042737e-07 2.433020e-03
15 2.014964e-03 4.006017e-03 1.040554e-07 2.347651e-03
16 1.955846e-03 3.735092e-03 1.038572e-07 2.251754e-03
17 1.830640e-03 3.680675e-03 1.036804e-07 2.118314e-03
18 1.732847e-03 3.386350e-03 1.035210e-07 2.013312e-03
19 1.646100e-03 3.371350e-03 1.033778e-07 1.908672e-03
20 1.554857e-03 3.071178e-03 1.032493e-07 1.799394e-03
21 1.477638e-03 3.055011e-03 1.031337e-07 1.705464e-03
22 1.418935e-03 2.779784e-03 1.030291e-07 1.627296e-03
23 1.351238e-03 2.759973e-03 1.029348e-07 1.543131e-03
24 1.302505e-03 2.499943e-03 1.028491e-07 1.478465e-03
25 1.238885e-03 2.442096e-03 1.027715e-07 1.400557e-03
26 1.186770e-03 2.283010e-03 1.027010e-07 1.334584e-03
27 1.135495e-03 2.190208e-03 1.026369e-07 1.271945e-03
28 1.087246e-03 2.115428e-03 1.025788e-07 1.213732e-03
29 1.048387e-03 1.862693e-03 1.025259e-07 1.164616e-03
30 9.834944e-04 1.864541e-03 1.024781e-07 1.091370e-03
31 9.395731e-04 1.793362e-03 1.024348e-07 1.039565e-03
32 9.068784e-04 1.558936e-03 1.023951e-07 9.974373e-04
33 8.625166e-04 1.563357e-03 1.023589e-07 9.441197e-04
34 8.260240e-04 1.456039e-03 1.023258e-07 8.997849e-04
1 4.766507e-03 1.012401e-02 1.038142e-07 5.253996e-03
2 2.927809e-03 4.937335e-03 1.033820e-07 3.191186e-03
3 3.148155e-03 5.310594e-03 1.030373e-07 3.425173e-03
4 2.680592e-03 4.425727e-03 1.027241e-07 2.903513e-03
5 2.817632e-03 4.664413e-03 1.024077e-07 2.995196e-03
6 2.752060e-03 4.482740e-03 1.021082e-07 3.019379e-03
7 2.914278e-03 4.932473e-03 1.017268e-07 3.063825e-03
8 2.629267e-03 4.688551e-03 1.014621e-07 2.812163e-03
9 2.405611e-03 4.224470e-03 1.012312e-07 2.631910e-03
10 2.366969e-03 3.676221e-03 1.010240e-07 2.578010e-03
11 1.894573e-03 3.229208e-03 1.008353e-07 2.005012e-03
12 2.274740e-03 3.641359e-03 1.006384e-07 2.402351e-03
13 1.962331e-03 3.415346e-03 1.004878e-07 2.097961e-03
14 1.690968e-03 3.155548e-03 1.003705e-07 1.859035e-03
15 1.359725e-03 2.492350e-03 1.002789e-07 1.475347e-03
16 1.716924e-03 2.023094e-03 1.001470e-07 1.756671e-03
17 1.269973e-03 1.737773e-03 1.001005e-07 1.328318e-03
18 8.865418e-04 1.277650e-03 1.000528e-07 9.337212e-04
19 7.466726e-04 1.234297e-03 1.000173e-07 7.988925e-04
20 6.386665e-04 1.159121e-03 9.998911e-08 6.954844e-04
1 3.068803e-03 6.951462e-03 9.977027e-08 3.606811e-03
2 1.465752e-03 2.531555e-03 9.965320e-08 1.617532e-03
3 1.740985e-03 2.760468e-03 9.955299e-08 1.884038e-03
4 1.378569e-03 2.340101e-03 9.946676e-08 1.478748e-03
5 1.186527e-03 2.101343e-03 9.939871e-08 1.289771e-03
6 1.029680e-03 1.926725e-03 9.934036e-08 1.142768e-03
7 9.159530e-04 1.828835e-03 9.928940e-08 1.042460e-03
8 8.601294e-04 1.665885e-03 9.924262e-08 9.871816e-04
9 7.904106e-04 1.640479e-03 9.920044e-08 9.179338e-04
10 7.541761e-04 1.586125e-03 9.916175e-08 8.779792e-04
1 2.221336e-03 4.056635e-03 9.850382e-08 2.537803e-03
2 1.064922e-03 1.747028e-03 9.845511e-08 1.171493e-03
3 1.338811e-03 2.322498e-03 9.841374e-08 1.483722e-03
4 9.638528e-04 1.728583e-03 9.837892e-08 1.056638e-03
5 8.535417e-04 1.580517e-03 9.834938e-08 9.348335e-04
6 7.203759e-04 1.456554e-03 9.832377e-08 7.993135e-04
7 6.069379e-04 1.262248e-03 9.830273e-08 6.832631e-04
1 2.089460e-03 3.740246e-03 9.828923e-08 2.388801e-03
2 8.864103e-04 1.286117e-03 9.826291e-08 9.661475e-04
3 1.194909e-03 1.938482e-03 9.824140e-08 1.310521e-03
4 7.744525e-04 1.126138e-03 9.822531e-08 8.315007e-04
5 6.607889e-04 9.448253e-04 9.821283e-08 7.084771e-04
6 5.338711e-04 8.727906e-04 9.820210e-08 5.771426e-04
1 1.897227e-03 3.654526e-03 9.820283e-08 2.178540e-03
2 8.000415e-04 1.266604e-03 9.818681e-08 8.748544e-04
3 9.970285e-04 1.600882e-03 9.817527e-08 1.096452e-03
4 6.534887e-04 9.832709e-04 9.816611e-08 7.105017e-04
5 5.750788e-04 8.906964e-04 9.815793e-08 6.248621e-04
6 4.717397e-04 7.491109e-04 9.815055e-08 5.130323e-04
1 1.773455e-03 3.512739e-03 9.815283e-08 2.060931e-03
2 7.504835e-04 1.249076e-03 9.814183e-08 8.312716e-04
3 8.706842e-04 1.415810e-03 9.813367e-08 9.668075e-04
4 5.922184e-04 9.413178e-04 9.812711e-08 6.494501e-04
1 1.464093e-03 2.864734e-03 9.813161e-08 1.693404e-03
2 7.216343e-04 1.225887e-03 9.812372e-08 8.093634e-04
3 6.837146e-04 1.153383e-03 9.811744e-08 7.595288e-04
4 4.844538e-04 7.912272e-04 9.811272e-08 5.306572e-04
1 1.305955e-03 2.460231e-03 9.811121e-08 1.490582e-03
2 6.408832e-04 1.131862e-03 9.810541e-08 7.217186e-04
3 5.713781e-04 9.768832e-04 9.810011e-08 6.378933e-04
4 4.354056e-04 6.546995e-04 9.809515e-08 4.817028e-04
1 1.184828e-03 2.194437e-03 9.809067e-08 1.337724e-03
2 6.117801e-04 1.093400e-03 9.808481e-08 6.899466e-04
3 4.955038e-04 8.419731e-04 9.808018e-08 5.515228e-04
4 3.609513e-04 5.393056e-04 9.807652e-08 3.977950e-04
1 1.077476e-03 1.971041e-03 9.806925e-08 1.210503e-03
2 5.366339e-04 9.883573e-04 9.806513e-08 6.048591e-04
3 4.209493e-04 7.185201e-04 9.806170e-08 4.677363e-04
4 3.108659e-04 4.674901e-04 9.805883e-08 3.432611e-04
1 9.818216e-04 1.796281e-03 9.806236e-08 1.100895e-03
2 4.804396e-04 8.873533e-04 9.805903e-08 5.423920e-04
3 3.689267e-04 6.093603e-04 9.805605e-08 4.110537e-04
4 2.966500e-04 4.960789e-04 9.805298e-08 3.314916e-04
1 9.129887e-04 1.711564e-03 9.805977e-08 1.025093e-03
2 4.743320e-04 8.318603e-04 9.805567e-08 5.356206e-04
3 3.530661e-04 5.367529e-04 9.805232e-08 3.909431e-04
4 2.548554e-04 4.215661e-04 9.804988e-08 2.802259e-04
1 8.586960e-04 1.587464e-03 9.804682e-08 9.614538e-04
2 4.105187e-04 7.294183e-04 9.804401e-08 4.608397e-04
3 3.271717e-04 5.169973e-04 9.804104e-08 3.633482e-04
1 7.817926e-04 1.401087e-03 9.803592e-08 8.673694e-04
2 3.837495e-04 6.495907e-04 9.803264e-08 4.318751e-04
3 2.932786e-04 5.132137e-04 9.802971e-08 3.288917e-04
1 7.425091e-04 1.266917e-03 9.802427e-08 8.143370e-04
2 3.404168e-04 5.381834e-04 9.802130e-08 3.838872e-04
3 2.421354e-04 4.318791e-04 9.801910e-08 2.709153e-04
1 7.182955e-04 1.151375e-03 9.801613e-08 7.750992e-04
2 2.684620e-04 4.240427e-04 9.801427e-08 2.985827e-04
3 2.117915e-04 3.662054e-04 9.801254e-08 2.350737e-04
1 7.052292e-04 1.052316e-03 9.801472e-08 7.467817e-04
2 2.554678e-04 4.136818e-04 9.801272e-08 2.848074e-04
3 2.198234e-04 4.319983e-04 9.801056e-08 2.489039e-04
1 7.002918e-04 1.004809e-03 9.801135e-08 7.328856e-04
2 2.638491e-04 4.847451e-04 9.800888e-08 2.983079e-04
3 2.021783e-04 4.263378e-04 9.800683e-08 2.312687e-04
1 6.972721e-04 9.555495e-04 9.800340e-08 7.242005e-04
2 2.254321e-04 4.124378e-04 9.800159e-08 2.541379e-04
3 1.673559e-04 3.410892e-04 9.800015e-08 1.901058e-04
1 6.940285e-04 8.995205e-04 9.800179e-08 7.149137e-04
2 2.007607e-04 3.608235e-04 9.800034e-08 2.253857e-04
3 1.637679e-04 3.385574e-04 9.799895e-08 1.871748e-04
1 6.924388e-04 8.757164e-04 9.800147e-08 7.092717e-04
2 2.014335e-04 3.804317e-04 9.799987e-08 2.278746e-04
3 1.679052e-04 3.571049e-04 9.799831e-08 1.942375e-04
1 6.918412e-04 8.715377e-04 9.799194e-08 7.064065e-04
2 1.959278e-04 3.744340e-04 9.799029e-08 2.225100e-04
3 1.659676e-04 3.543819e-04 9.798872e-08 1.926420e-04
1 6.914617e-04 8.623150e-04 9.799254e-08 7.044853e-04
2 1.926089e-04 3.767454e-04 9.799089e-08 2.198690e-04
3 1.528092e-04 3.310318e-04 9.798953e-08 1.767406e-04
