1.000021e+00 1.000002e+00
1.000035e+00 1.000011e+00
1.000029e+00 1.000007e+00
1.000026e+00 1.000007e+00
1.000024e+00 1.000007e+00
1.000028e+00 1.000008e+00
1.000028e+00 1.000009e+00
1.000036e+00 1.000011e+00
1.000045e+00 1.000014e+00
1.000059e+00 1.000018e+00
1.000074e+00 1.000022e+00
1.000068e+00 1.000022e+00
1.000069e+00 1.000023e+00
1.000071e+00 1.000024e+00
1.000071e+00 1.000024e+00
1.000070e+00 1.000024e+00
1.000070e+00 1.000023e+00
1.000070e+00 1.000023e+00
1.000070e+00 1.000023e+00
1.000070e+00 1.000023e+00
1.000070e+00 1.000023e+00
1.000070e+00 1.000023e+00
1.000070e+00 1.000023e+00
1.000070e+00 1.000023e+00
1.000070e+00 1.000023e+00
1.000032e+00 1.000006e+00
1.000029e+00 1.000006e+00
1.000022e+00 1.000004e+00
1.000023e+00 1.000004e+00
1.000023e+00 1.000004e+00
1.000023e+00 1.000004e+00
1.000023e+00 1.000004e+00
1.000023e+00 1.000004e+00
1.000023e+00 1.000004e+00
1.000023e+00 1.000004e+00
1.000022e+00 1.000003e+00
1.000022e+00 1.000003e+00
1.000022e+00 1.000003e+00
1.000022e+00 1.000003e+00
1.000022e+00 1.000003e+00
1.000022e+00 1.000003e+00
1.000022e+00 1.000003e+00
1.000022e+00 1.000003e+00
1.000022e+00 1.000003e+00
1.000022e+00 1.000003e+00
1.000022e+00 1.000003e+00
1.000022e+00 1.000003e+00
1.000022e+00 1.000003e+00
1.000022e+00 1.000003e+00
1.000022e+00 1.000003e+00
