9 141
11 143
10 151
9 183
5 182
7 167
7 178
8 179
8 172
7 167
4 180
4 183
7 168
8 178
7 179
7 167
4 183
4 171
7 167
7 170
8 182
7 174
4 165
4 172
8 173
7 172
7 161
8 172
4 169
4 186
8 161
7 161
8 160
7 164
4 177
4 168
9 154
7 167
7 173
8 159
4 166
7 166
7 159
7 148
7 165
8 140
4 162
7 165
7 160
8 141
7 158
7 163
4 163
4 164
8 159
9 154
7 141
7 155
4 153
8 158
7 155
7 153
4 163
8 140
4 146
4 152
4 166
8 147
4 156
9 117
4 112
7 148
9 151
7 117
7 149
8 148
4 138
4 123
7 153
8 130
8 144
7 155
4 165
7 106
8 152
7 151
7 121
7 156
4 165
4 163
9 122
7 156
9 128
7 147
4 157
4 167
9 113
7 147
7 148
8 96
4 115
4 146
7 148
8 126
7 150
9 124
4 120
4 106
8 151
9 115
8 142
7 148
4 149
8 114
7 146
7 147
8 97
7 141
4 144
4 143
4 151
9 145
10 125
8 138
4 144
4 145
10 124
8 139
7 143
9 97
4 98
7 137
7 138
9 99
7 143
7 140
7 93
4 97
7 132
10 133
8 128
7 142
4 147
4 147
9 128
4 139
4 142
10 105
7 138
4 142
9 95
7 131
7 139
8 122
4 137
4 157
7 148
21 107
7 137
10 130
4 125
4 116
8 146
4 149
18 147
4 152
4 158
10 135
8 151
7 151
9 139
4 160
4 166
7 160
9 163
4 176
4 183
4 185
11 194
7 196
4 198
4 204
9 243
4 251
4 253
9 331
4 336
7 344
4 343
10 420
4 419
4 422
14 402
8 399
9 408
8 392
4 404
6 404
8 416
8 406
9 406
8 404
4 401
4 413
10 391
9 408
9 403
9 403
4 401
4 402
9 410
10 409
9 418
10 402
4 408
4 408
9 418
9 416
8 416
4 415
4 415
4 421
4 416
10 420
11 421
10 411
4 420
4 423
10 433
11 423
4 417
4 419
10 417
4 416
4 421
10 435
11 441
4 443
4 446
4 443
4 449
4 452
14 446
11 478
4 478
4 479
4 472
8 463
10 479
4 478
4 477
4 477
4 477
11 481
4 482
4 480
4 481
4 477
14 480
4 485
4 480
12 484
4 485
4 484
4 482
4 471
18 474
13 475
4 473
11 470
4 469
4 468
4 467
18 461
4 464
4 464
4 469
10 486
4 485
4 480
4 472
4 474
4 468
20 465
4 460
4 458
4 462
4 461
4 457
4 463
4 464
25 447
4 442
4 441
15 440
4 440
4 441
4 444
4 447
4 446
30 446
4 446
4 444
4 441
13 424
22 436
4 438
4 438
20 448
4 449
4 449
4 447
4 442
4 445
4 443
4 442
4 439
4 441
4 431
4 426
4 430
28 430
4 429
5 429
4 429
4 430
27 436
64 442
10 439
4 445
4 448
4 451
4 449
6 452
4 450
4 452
4 449
4 451
4 449
4 454
10 450
45 447
6 444
37 456
4 454
4 458
4 460
5 456
4 450
4 447
4 447
4 445
4 443
4 443
4 444
4 446
20 444
4 442
4 443
4 442
4 445
28 455
45 457
7 460
5 462
4 461
4 460
4 458
4 457
7 449
4 451
4 449
4 448
10 450
14 445
5 439
24 449
39 459
19 455
6 456
4 458
4 459
4 454
4 458
36 453
4 452
4 451
4 450
4 450
4 450
4 451
4 451
4 449
40 451
4 451
8 447
10 450
35 456
73 481
52 495
17 487
4 489
4 490
35 485
4 482
4 480
4 483
4 485
4 482
4 484
4 490
23 481
4 478
4 478
4 479
4 477
19 485
33 489
4 486
4 486
4 485
4 488
4 489
4 487
4 492
4 494
