1.000356e+00 1.000072e+00
1.000162e+00 1.000047e+00
1.000221e+00 1.000085e+00
1.000935e+00 1.000443e+00
1.001277e+00 1.000610e+00
1.001174e+00 1.000611e+00
1.001626e+00 1.000889e+00
1.001423e+00 1.000804e+00
1.001545e+00 1.000916e+00
1.001738e+00 1.001026e+00
1.002009e+00 1.001166e+00
1.002086e+00 1.001168e+00
1.001956e+00 1.001144e+00
1.001666e+00 1.000957e+00
1.001646e+00 1.000958e+00
1.001864e+00 1.001076e+00
1.002052e+00 1.001160e+00
1.002202e+00 1.001213e+00
1.001877e+00 1.001104e+00
1.001824e+00 1.001059e+00
1.001625e+00 1.000964e+00
1.002126e+00 1.001254e+00
1.002230e+00 1.001269e+00
1.002571e+00 1.001433e+00
1.001717e+00 1.001013e+00
1.001813e+00 1.001060e+00
1.001609e+00 1.000953e+00
1.001982e+00 1.001182e+00
1.002506e+00 1.001475e+00
1.002750e+00 1.001509e+00
1.001835e+00 1.001083e+00
1.002244e+00 1.001359e+00
1.001624e+00 1.000966e+00
1.001837e+00 1.001109e+00
1.002313e+00 1.001339e+00
1.002677e+00 1.001576e+00
1.001749e+00 1.001042e+00
1.002021e+00 1.001239e+00
1.001952e+00 1.001149e+00
1.001660e+00 1.001012e+00
1.002308e+00 1.001411e+00
1.002245e+00 1.001374e+00
1.001912e+00 1.001093e+00
1.001812e+00 1.001110e+00
1.002385e+00 1.001473e+00
1.001626e+00 1.000991e+00
1.002401e+00 1.001457e+00
1.002016e+00 1.001243e+00
1.002463e+00 1.001502e+00
1.001574e+00 1.000970e+00
1.002013e+00 1.001255e+00
1.001880e+00 1.001111e+00
1.002112e+00 1.001264e+00
1.002864e+00 1.001778e+00
1.002504e+00 1.001536e+00
1.001735e+00 1.001074e+00
1.001888e+00 1.001187e+00
1.002351e+00 1.001482e+00
1.002857e+00 1.001757e+00
1.001692e+00 1.001055e+00
1.001939e+00 1.001215e+00
1.002557e+00 1.001601e+00
1.003728e+00 1.002150e+00
1.001681e+00 1.001052e+00
1.002584e+00 1.001649e+00
1.002842e+00 1.001745e+00
1.004017e+00 1.002262e+00
1.001873e+00 1.001153e+00
1.003254e+00 1.001999e+00
1.002076e+00 1.001282e+00
1.002495e+00 1.001542e+00
1.002350e+00 1.001509e+00
1.001803e+00 1.001121e+00
1.002046e+00 1.001313e+00
1.002472e+00 1.001590e+00
1.001888e+00 1.001198e+00
1.002572e+00 1.001661e+00
1.002903e+00 1.001737e+00
1.002702e+00 1.001718e+00
1.001992e+00 1.001255e+00
1.002163e+00 1.001409e+00
1.002713e+00 1.001717e+00
1.003122e+00 1.001941e+00
1.001547e+00 1.000996e+00
1.002225e+00 1.001452e+00
1.002346e+00 1.001445e+00
1.001589e+00 1.001036e+00
1.002303e+00 1.001499e+00
1.002968e+00 1.001873e+00
1.003299e+00 1.002058e+00
1.002035e+00 1.001322e+00
1.002505e+00 1.001625e+00
1.001916e+00 1.001250e+00
1.002087e+00 1.001371e+00
1.002522e+00 1.001566e+00
1.002998e+00 1.001825e+00
1.002041e+00 1.001326e+00
1.002224e+00 1.001462e+00
1.002623e+00 1.001709e+00
1.001818e+00 1.001203e+00
1.002509e+00 1.001674e+00
1.003014e+00 1.001878e+00
1.002759e+00 1.001741e+00
1.001785e+00 1.001191e+00
1.002458e+00 1.001630e+00
1.001943e+00 1.001295e+00
1.002461e+00 1.001616e+00
1.002962e+00 1.001873e+00
1.002669e+00 1.001729e+00
1.002045e+00 1.001380e+00
1.002231e+00 1.001503e+00
1.002711e+00 1.001803e+00
1.003293e+00 1.002168e+00
1.002194e+00 1.001478e+00
1.002391e+00 1.001609e+00
1.002862e+00 1.001890e+00
1.001922e+00 1.001300e+00
1.002501e+00 1.001692e+00
1.002985e+00 1.001947e+00
1.003498e+00 1.002276e+00
1.004864e+00 1.003115e+00
1.002703e+00 1.001798e+00
1.002147e+00 1.001470e+00
1.002250e+00 1.001546e+00
1.002637e+00 1.001682e+00
1.003091e+00 1.001989e+00
1.002222e+00 1.001507e+00
1.002383e+00 1.001626e+00
1.003087e+00 1.002081e+00
1.002257e+00 1.001535e+00
1.002918e+00 1.001990e+00
1.002620e+00 1.001796e+00
1.003300e+00 1.002248e+00
1.002167e+00 1.001488e+00
1.002763e+00 1.001912e+00
1.003375e+00 1.002265e+00
1.001800e+00 1.001246e+00
1.002649e+00 1.001844e+00
1.002942e+00 1.002024e+00
1.002299e+00 1.001578e+00
1.002450e+00 1.001707e+00
1.003089e+00 1.002138e+00
1.003739e+00 1.002561e+00
1.004220e+00 1.002849e+00
1.002346e+00 1.001620e+00
1.003789e+00 1.002595e+00
1.005330e+00 1.003638e+00
1.003672e+00 1.002500e+00
1.003167e+00 1.002218e+00
1.003636e+00 1.002431e+00
1.002416e+00 1.001642e+00
1.002895e+00 1.002003e+00
1.003355e+00 1.002097e+00
1.002451e+00 1.001640e+00
1.003116e+00 1.002113e+00
1.003498e+00 1.002152e+00
1.003692e+00 1.002160e+00
1.003057e+00 1.002016e+00
1.003325e+00 1.002174e+00
1.002583e+00 1.001654e+00
1.003250e+00 1.002064e+00
1.003695e+00 1.002198e+00
1.003617e+00 1.002279e+00
1.004762e+00 1.002811e+00
1.002856e+00 1.001767e+00
1.004268e+00 1.002637e+00
1.005061e+00 1.003178e+00
1.003080e+00 1.001880e+00
1.003189e+00 1.001984e+00
1.003996e+00 1.002460e+00
1.002530e+00 1.001537e+00
1.004007e+00 1.002441e+00
1.004726e+00 1.002899e+00
1.004359e+00 1.002665e+00
1.002765e+00 1.001676e+00
1.004131e+00 1.002517e+00
1.005463e+00 1.003283e+00
1.006974e+00 1.004251e+00
1.003917e+00 1.002362e+00
1.003865e+00 1.002354e+00
1.005109e+00 1.003063e+00
1.006322e+00 1.003808e+00
1.003865e+00 1.002333e+00
1.005455e+00 1.003321e+00
1.005950e+00 1.003627e+00
1.003776e+00 1.002312e+00
1.005376e+00 1.003295e+00
1.005742e+00 1.003522e+00
1.007193e+00 1.004452e+00
1.005660e+00 1.003544e+00
1.006460e+00 1.004046e+00
1.007220e+00 1.004524e+00
1.001942e+00 1.000472e+00
1.001685e+00 1.000677e+00
1.001478e+00 1.000540e+00
1.001296e+00 1.000483e+00
1.001212e+00 1.000601e+00
1.001239e+00 1.000516e+00
1.001312e+00 1.000420e+00
1.001265e+00 1.000392e+00
1.001211e+00 1.000394e+00
1.001162e+00 1.000402e+00
1.001077e+00 1.000662e+00
1.001256e+00 1.000552e+00
1.001248e+00 1.000491e+00
1.001277e+00 1.000461e+00
1.001255e+00 1.000468e+00
1.001246e+00 1.000485e+00
1.001244e+00 1.000794e+00
1.001426e+00 1.000637e+00
1.001344e+00 1.000601e+00
1.001345e+00 1.000595e+00
1.001366e+00 1.000677e+00
1.001391e+00 1.000571e+00
1.001508e+00 1.000964e+00
1.001795e+00 1.000964e+00
1.001638e+00 1.000730e+00
1.001622e+00 1.000954e+00
1.001747e+00 1.001104e+00
1.002701e+00 1.001574e+00
1.003000e+00 1.001351e+00
1.003229e+00 1.001410e+00
1.004325e+00 1.001938e+00
1.003445e+00 1.001428e+00
1.002854e+00 1.001138e+00
1.002599e+00 1.001468e+00
1.002619e+00 1.001666e+00
1.003175e+00 1.001688e+00
1.002891e+00 1.001267e+00
1.002727e+00 1.001147e+00
1.003362e+00 1.002075e+00
1.004615e+00 1.002024e+00
1.004107e+00 1.001630e+00
1.004078e+00 1.002435e+00
1.005248e+00 1.002283e+00
1.004592e+00 1.001957e+00
1.004154e+00 1.001819e+00
1.004695e+00 1.003013e+00
1.005389e+00 1.003328e+00
1.005868e+00 1.002583e+00
1.006948e+00 1.003028e+00
1.008185e+00 1.003508e+00
1.006978e+00 1.002846e+00
1.006231e+00 1.003628e+00
1.006327e+00 1.003858e+00
1.006911e+00 1.003629e+00
1.008000e+00 1.003507e+00
1.008503e+00 1.003663e+00
1.008057e+00 1.003456e+00
1.008843e+00 1.005475e+00
1.009547e+00 1.005809e+00
1.009772e+00 1.004373e+00
1.011012e+00 1.006701e+00
1.010440e+00 1.004537e+00
1.011560e+00 1.007000e+00
1.012771e+00 1.005581e+00
1.013261e+00 1.006259e+00
1.013698e+00 1.005942e+00
1.012471e+00 1.005541e+00
1.013334e+00 1.008359e+00
1.014732e+00 1.009014e+00
1.014258e+00 1.006314e+00
1.014866e+00 1.009153e+00
1.015379e+00 1.006801e+00
1.016823e+00 1.007286e+00
1.017604e+00 1.007771e+00
1.015585e+00 1.006863e+00
1.015463e+00 1.009192e+00
1.015528e+00 1.009576e+00
1.014870e+00 1.006563e+00
1.015838e+00 1.009658e+00
1.016769e+00 1.007462e+00
1.017733e+00 1.007959e+00
1.015938e+00 1.007202e+00
1.016169e+00 1.010279e+00
1.016910e+00 1.008684e+00
1.017980e+00 1.008130e+00
1.017835e+00 1.008143e+00
1.019169e+00 1.011973e+00
1.020327e+00 1.009143e+00
1.020930e+00 1.012959e+00
1.021528e+00 1.010797e+00
1.022873e+00 1.010139e+00
1.021007e+00 1.009417e+00
1.021398e+00 1.013691e+00
1.022443e+00 1.014328e+00
1.023153e+00 1.014674e+00
1.023851e+00 1.011687e+00
1.025044e+00 1.011335e+00
1.026205e+00 1.011811e+00
1.027637e+00 1.016783e+00
1.025395e+00 1.011496e+00
1.025639e+00 1.016157e+00
1.026346e+00 1.016512e+00
1.025664e+00 1.011516e+00
1.026771e+00 1.016433e+00
1.027951e+00 1.012429e+00
1.028948e+00 1.012921e+00
1.029527e+00 1.018100e+00
1.029909e+00 1.013392e+00
1.026686e+00 1.012182e+00
1.027300e+00 1.017449e+00
1.028505e+00 1.013073e+00
1.029867e+00 1.016111e+00
1.029344e+00 1.013390e+00
1.027322e+00 1.012448e+00
1.028306e+00 1.017774e+00
1.029398e+00 1.013316e+00
1.027953e+00 1.013018e+00
1.028792e+00 1.018466e+00
1.029371e+00 1.014817e+00
1.030093e+00 1.015331e+00
1.031214e+00 1.014412e+00
1.032319e+00 1.015737e+00
1.033589e+00 1.020824e+00
1.034964e+00 1.021210e+00
1.035197e+00 1.016137e+00
1.035468e+00 1.017157e+00
1.036832e+00 1.020329e+00
1.038254e+00 1.018334e+00
1.039246e+00 1.017880e+00
1.036007e+00 1.016852e+00
1.036609e+00 1.023528e+00
1.037229e+00 1.017314e+00
1.038668e+00 1.017817e+00
1.039808e+00 1.018326e+00
1.037410e+00 1.017493e+00
1.029100e+00 1.013708e+00
1.028494e+00 1.018752e+00
1.028828e+00 1.013661e+00
1.030126e+00 1.014176e+00
1.031394e+00 1.014683e+00
1.032339e+00 1.015170e+00
1.033229e+00 1.015605e+00
1.033743e+00 1.021508e+00
1.034046e+00 1.016078e+00
1.035416e+00 1.022394e+00
1.036611e+00 1.017082e+00
1.037624e+00 1.017535e+00
1.038997e+00 1.024264e+00
1.038985e+00 1.017979e+00
1.032777e+00 1.015329e+00
1.033366e+00 1.021187e+00
1.030733e+00 1.013779e+00
1.031239e+00 1.019463e+00
1.031871e+00 1.014631e+00
1.031902e+00 1.014869e+00
1.031804e+00 1.015095e+00
1.032300e+00 1.020313e+00
1.032959e+00 1.015966e+00
1.034377e+00 1.022257e+00
1.035675e+00 1.016974e+00
1.036277e+00 1.017943e+00
1.036916e+00 1.017471e+00
1.038201e+00 1.017981e+00
1.039425e+00 1.018486e+00
1.038051e+00 1.018093e+00
1.039337e+00 1.025232e+00
1.039885e+00 1.018854e+00
1.040568e+00 1.020934e+00
1.041630e+00 1.019602e+00
1.038635e+00 1.018744e+00
1.033940e+00 1.016721e+00
1.034306e+00 1.022823e+00
1.034907e+00 1.017137e+00
1.035509e+00 1.017382e+00
1.036745e+00 1.017890e+00
1.037890e+00 1.018392e+00
1.038939e+00 1.018885e+00
1.039175e+00 1.019361e+00
1.039852e+00 1.026401e+00
1.040487e+00 1.021992e+00
1.041747e+00 1.020354e+00
1.042732e+00 1.020674e+00
1.043645e+00 1.021387e+00
1.044613e+00 1.021322e+00
1.041930e+00 1.020537e+00
1.038165e+00 1.018820e+00
1.037685e+00 1.025185e+00
1.038495e+00 1.018977e+00
1.039761e+00 1.019485e+00
1.040906e+00 1.019978e+00
1.041382e+00 1.020211e+00
1.041566e+00 1.020442e+00
1.038184e+00 1.019467e+00
1.039040e+00 1.025674e+00
1.040291e+00 1.020145e+00
1.041539e+00 1.020652e+00
1.042172e+00 1.027060e+00
1.042760e+00 1.021154e+00
1.044003e+00 1.021662e+00
1.045149e+00 1.022159e+00
1.046078e+00 1.022643e+00
1.042932e+00 1.021415e+00
1.043437e+00 1.028479e+00
1.043925e+00 1.021987e+00
1.044978e+00 1.021815e+00
1.041949e+00 1.020660e+00
1.033182e+00 1.016942e+00
1.028032e+00 1.018640e+00
1.027424e+00 1.017950e+00
1.028045e+00 1.015730e+00
1.028933e+00 1.014303e+00
1.025844e+00 1.012811e+00
1.026115e+00 1.017131e+00
1.026856e+00 1.013475e+00
1.027398e+00 1.017819e+00
1.027855e+00 1.013972e+00
1.028885e+00 1.014459e+00
1.030140e+00 1.019002e+00
1.031140e+00 1.015464e+00
1.029254e+00 1.014999e+00
1.029714e+00 1.019844e+00
1.030318e+00 1.019154e+00
1.031493e+00 1.015868e+00
1.032671e+00 1.019588e+00
1.032074e+00 1.016150e+00
1.029165e+00 1.015113e+00
1.029391e+00 1.020021e+00
1.029764e+00 1.019889e+00
1.030915e+00 1.015772e+00
1.032081e+00 1.016272e+00
1.033143e+00 1.016766e+00
1.033911e+00 1.017260e+00
1.034117e+00 1.018257e+00
1.034756e+00 1.023051e+00
