9 147
9 143
9 146
10 186
11 184
8 189
7 189
7 187
7 178
7 173
5 173
6 185
6 191
7 175
7 177
7 173
5 177
5 172
6 186
7 167
7 172
7 163
5 167
5 169
7 177
7 171
7 171
6 162
5 164
5 151
7 167
7 159
7 153
7 148
5 139
6 152
7 158
7 165
8 141
7 151
5 152
5 138
7 136
8 153
6 145
7 140
5 144
5 143
8 149
8 145
7 158
8 152
5 131
5 141
7 143
9 130
7 156
6 149
6 157
5 127
7 142
6 140
8 125
7 151
4 146
8 153
7 143
7 142
8 140
7 148
5 150
4 152
8 124
7 150
9 140
7 107
5 154
5 154
9 153
7 127
7 145
8 150
5 105
5 148
7 152
8 127
7 153
7 141
6 145
5 107
7 153
7 149
7 110
7 149
4 142
8 140
7 135
7 150
8 133
7 154
4 153
4 142
8 116
7 157
7 147
7 107
4 143
6 148
6 140
7 109
7 149
8 144
4 121
6 152
7 141
8 124
7 156
7 151
7 147
5 110
7 147
9 133
7 108
7 152
4 155
8 149
7 149
7 143
8 142
7 154
4 156
4 157
8 105
7 149
7 138
7 101
5 153
4 156
9 146
7 124
7 141
8 143
4 113
4 142
7 152
8 123
7 148
7 138
7 139
5 106
7 148
5 143
8 120
7 141
4 144
4 142
8 124
7 150
8 136
7 143
4 141
4 144
8 119
7 147
7 138
8 107
4 131
4 143
6 136
8 109
7 147
8 147
4 121
4 126
7 144
8 128
7 147
7 146
8 141
4 128
7 150
7 135
8 110
7 146
4 144
4 140
8 147
7 140
8 134
7 148
4 150
4 147
8 136
7 147
7 134
8 113
4 136
4 152
7 139
8 123
7 138
5 130
7 114
4 122
7 144
8 141
7 136
7 128
4 131
7 133
7 140
7 147
8 124
7 132
4 133
4 138
7 126
7 143
5 145
8 129
4 144
4 135
7 134
7 142
7 142
7 143
4 136
4 144
4 148
10 148
7 141
8 147
4 143
4 130
7 141
8 142
7 148
7 157
4 151
4 142
8 139
8 140
7 156
5 154
4 160
7 138
7 143
7 152
7 163
7 157
4 154
4 160
7 152
7 155
7 156
7 153
4 159
4 169
8 146
4 160
8 159
7 156
4 171
4 158
7 155
8 164
7 150
7 155
4 165
4 178
8 167
7 160
7 153
7 166
4 176
4 177
4 181
8 159
8 168
6 177
4 173
4 171
8 172
9 179
4 183
7 178
4 181
4 165
9 179
7 174
7 173
4 175
4 176
4 179
9 182
8 163
4 163
4 185
7 173
4 174
8 165
4 163
9 168
4 175
9 167
4 170
4 167
10 166
4 169
8 168
4 176
4 172
8 176
7 162
4 169
9 176
4 176
4 177
4 182
9 159
8 165
4 170
4 171
4 171
8 163
4 175
8 171
7 160
4 160
4 156
4 163
10 167
8 158
7 144
4 149
4 164
8 156
4 165
8 150
7 153
4 152
4 166
7 148
8 154
7 151
4 157
4 153
4 163
9 135
4 148
10 147
8 145
4 150
4 153
7 141
8 147
7 140
8 139
4 136
4 145
8 135
4 140
10 136
7 135
4 136
4 134
8 133
8 130
7 141
4 142
4 147
9 133
7 127
4 132
9 132
8 131
4 131
4 136
4 143
11 130
9 131
7 134
4 136
4 132
4 141
14 121
8 123
7 130
4 132
4 140
10 112
4 118
10 119
11 127
4 124
4 132
8 132
9 116
4 122
4 126
12 113
4 111
4 112
14 112
7 118
4 125
4 128
13 110
4 123
8 130
4 141
12 115
4 117
4 119
11 128
4 133
8 131
10 119
4 122
4 128
8 118
9 128
4 130
10 125
7 110
4 110
7 122
4 126
11 106
7 134
4 134
12 105
8 122
4 127
12 112
12 130
4 132
4 135
14 120
4 125
4 128
5 129
15 104
4 104
16 122
4 124
10 130
4 128
12 121
9 129
5 133
12 124
12 115
4 121
4 121
4 115
4 116
12 132
17 98
4 105
4 120
4 120
15 99
4 102
7 108
4 108
4 121
4 120
19 128
18 150
4 155
4 159
4 157
4 160
4 161
17 166
4 171
17 177
4 178
4 188
4 189
4 186
20 192
5 193
4 189
4 199
4 201
4 200
33 201
4 201
4 201
4 202
4 200
22 252
10 254
12 246
6 257
6 262
7 252
11 267
8 255
9 261
4 269
4 275
4 279
4 280
9 269
12 283
4 280
4 285
4 290
10 298
8 294
15 297
7 300
4 301
4 301
4 304
13 314
9 317
6 318
7 321
9 301
11 323
4 325
4 331
5 342
4 339
8 329
11 333
12 338
10 327
4 328
4 332
15 330
11 341
9 322
10 330
6 336
4 340
8 327
8 325
15 335
4 329
5 327
5 329
13 319
8 331
4 334
8 327
7 328
9 317
4 325
13 331
8 328
11 318
9 324
4 327
4 327
4 330
10 339
10 326
11 329
7 328
4 333
4 333
14 335
9 326
7 327
5 325
12 328
11 327
9 342
4 343
4 342
7 321
15 330
10 332
4 334
13 344
4 334
5 333
12 339
4 336
7 334
10 331
8 342
4 340
4 346
4 348
4 347
4 348
8 351
4 349
4 351
9 354
4 354
4 359
4 359
4 361
4 359
4 367
15 386
4 386
4 387
4 386
4 384
4 381
4 379
4 383
4 383
4 385
4 386
4 383
4 382
4 382
4 384
4 384
4 387
4 389
4 388
4 386
4 386
4 386
4 382
4 379
4 386
4 386
4 391
4 392
4 390
4 382
5 379
4 377
4 381
4 381
4 385
4 381
25 400
5 401
4 402
4 404
4 404
4 406
4 409
4 413
5 419
4 419
4 418
4 417
4 416
4 410
4 405
4 402
4 405
4 401
4 397
4 397
4 397
4 396
4 397
4 394
4 396
4 396
4 394
7 394
5 391
4 389
4 388
4 389
4 389
4 388
4 386
4 386
4 386
4 382
4 384
4 381
4 377
4 374
4 373
4 373
4 373
4 374
7 398
5 397
4 400
4 400
4 401
4 401
4 403
4 405
4 406
9 419
4 426
4 425
4 427
4 426
4 425
4 421
4 417
4 412
4 409
4 407
5 409
5 410
4 406
4 405
4 400
4 396
12 392
5 391
5 389
5 390
4 390
4 388
4 388
4 387
4 390
4 389
4 393
4 392
4 392
4 390
4 389
4 387
4 388
4 392
4 392
4 390
4 390
9 390
