1.000142e+00 1.000052e+00
1.000088e+00 1.000049e+00
1.000129e+00 1.000082e+00
1.000344e+00 1.000171e+00
1.000456e+00 1.000217e+00
1.000673e+00 1.000322e+00
1.000786e+00 1.000382e+00
1.000704e+00 1.000360e+00
1.000844e+00 1.000443e+00
1.000670e+00 1.000398e+00
1.000771e+00 1.000482e+00
1.000707e+00 1.000432e+00
1.000807e+00 1.000448e+00
1.000744e+00 1.000447e+00
1.000785e+00 1.000465e+00
1.000686e+00 1.000402e+00
1.000717e+00 1.000426e+00
1.000749e+00 1.000440e+00
1.000824e+00 1.000457e+00
1.000737e+00 1.000430e+00
1.000767e+00 1.000456e+00
1.000704e+00 1.000410e+00
1.000740e+00 1.000446e+00
1.000817e+00 1.000481e+00
1.000957e+00 1.000573e+00
1.000773e+00 1.000455e+00
1.000742e+00 1.000450e+00
1.000848e+00 1.000479e+00
1.000850e+00 1.000517e+00
1.000873e+00 1.000527e+00
1.000855e+00 1.000508e+00
1.000776e+00 1.000452e+00
1.000737e+00 1.000436e+00
1.000948e+00 1.000588e+00
1.000977e+00 1.000576e+00
1.000789e+00 1.000491e+00
1.000807e+00 1.000484e+00
1.000968e+00 1.000574e+00
1.000727e+00 1.000426e+00
1.000849e+00 1.000508e+00
1.001066e+00 1.000653e+00
1.001089e+00 1.000661e+00
1.000831e+00 1.000510e+00
1.000922e+00 1.000567e+00
1.001056e+00 1.000613e+00
1.000863e+00 1.000526e+00
1.000939e+00 1.000566e+00
1.001066e+00 1.000686e+00
1.000850e+00 1.000535e+00
1.000808e+00 1.000499e+00
1.001179e+00 1.000758e+00
1.000811e+00 1.000490e+00
1.000864e+00 1.000519e+00
1.000887e+00 1.000571e+00
1.001134e+00 1.000713e+00
1.000693e+00 1.000427e+00
1.000924e+00 1.000597e+00
1.001183e+00 1.000715e+00
1.000797e+00 1.000471e+00
1.000859e+00 1.000542e+00
1.001043e+00 1.000668e+00
1.001225e+00 1.000697e+00
1.000963e+00 1.000622e+00
1.001165e+00 1.000748e+00
1.001584e+00 1.001021e+00
1.000666e+00 1.000424e+00
1.000860e+00 1.000548e+00
1.001323e+00 1.000847e+00
1.000775e+00 1.000497e+00
1.000906e+00 1.000587e+00
1.001142e+00 1.000750e+00
1.001540e+00 1.000963e+00
1.000804e+00 1.000507e+00
1.001007e+00 1.000650e+00
1.000643e+00 1.000404e+00
1.000861e+00 1.000564e+00
1.000929e+00 1.000606e+00
1.001126e+00 1.000739e+00
1.000720e+00 1.000469e+00
1.000863e+00 1.000554e+00
1.001263e+00 1.000821e+00
1.000815e+00 1.000534e+00
1.000939e+00 1.000612e+00
1.000924e+00 1.000604e+00
1.001374e+00 1.000891e+00
1.000812e+00 1.000533e+00
1.001000e+00 1.000654e+00
1.001135e+00 1.000708e+00
1.000737e+00 1.000491e+00
1.000958e+00 1.000626e+00
1.001090e+00 1.000716e+00
1.000852e+00 1.000510e+00
1.001010e+00 1.000662e+00
1.001217e+00 1.000805e+00
1.001572e+00 1.000994e+00
1.000778e+00 1.000519e+00
1.000915e+00 1.000601e+00
1.001297e+00 1.000860e+00
1.000848e+00 1.000565e+00
1.000981e+00 1.000651e+00
1.001310e+00 1.000819e+00
1.001546e+00 1.000965e+00
1.000882e+00 1.000577e+00
1.001066e+00 1.000713e+00
1.001016e+00 1.000608e+00
1.000941e+00 1.000625e+00
1.001119e+00 1.000673e+00
1.001157e+00 1.000783e+00
1.001181e+00 1.000663e+00
1.001292e+00 1.000863e+00
1.001296e+00 1.000874e+00
1.000887e+00 1.000598e+00
1.001162e+00 1.000744e+00
1.000963e+00 1.000650e+00
1.001390e+00 1.000934e+00
1.000875e+00 1.000592e+00
1.001028e+00 1.000697e+00
1.001392e+00 1.000948e+00
1.000725e+00 1.000496e+00
1.001003e+00 1.000668e+00
1.001122e+00 1.000756e+00
1.000764e+00 1.000522e+00
1.000925e+00 1.000629e+00
1.001226e+00 1.000842e+00
1.001628e+00 1.001072e+00
1.000843e+00 1.000577e+00
1.000955e+00 1.000645e+00
1.001377e+00 1.000941e+00
1.000927e+00 1.000637e+00
1.000993e+00 1.000684e+00
1.001312e+00 1.000869e+00
1.001586e+00 1.001043e+00
1.000943e+00 1.000640e+00
1.001091e+00 1.000750e+00
1.001361e+00 1.000864e+00
1.000685e+00 1.000474e+00
1.001008e+00 1.000693e+00
1.001283e+00 1.000852e+00
1.000825e+00 1.000569e+00
1.000951e+00 1.000653e+00
1.001328e+00 1.000921e+00
1.000913e+00 1.000638e+00
1.001232e+00 1.000816e+00
1.001185e+00 1.000762e+00
1.001525e+00 1.001059e+00
1.000941e+00 1.000652e+00
1.001067e+00 1.000746e+00
1.001445e+00 1.000995e+00
1.000815e+00 1.000577e+00
1.001075e+00 1.000740e+00
1.001169e+00 1.000814e+00
1.001756e+00 1.001152e+00
1.000867e+00 1.000604e+00
1.001288e+00 1.000905e+00
1.001732e+00 1.001213e+00
1.001962e+00 1.001282e+00
1.001201e+00 1.000839e+00
1.001461e+00 1.001029e+00
1.000984e+00 1.000692e+00
1.001081e+00 1.000764e+00
1.001382e+00 1.000942e+00
1.001684e+00 1.001183e+00
1.001009e+00 1.000706e+00
1.001144e+00 1.000812e+00
1.001251e+00 1.000832e+00
1.001111e+00 1.000789e+00
1.001302e+00 1.000860e+00
1.001368e+00 1.000929e+00
1.001618e+00 1.001065e+00
1.001291e+00 1.000916e+00
1.001396e+00 1.000994e+00
1.001020e+00 1.000725e+00
1.001331e+00 1.000911e+00
1.001330e+00 1.000878e+00
1.001592e+00 1.001134e+00
1.001054e+00 1.000754e+00
1.001123e+00 1.000810e+00
1.001684e+00 1.001217e+00
1.000938e+00 1.000675e+00
1.001346e+00 1.000938e+00
1.001257e+00 1.000897e+00
1.001508e+00 1.001042e+00
1.001571e+00 1.001132e+00
1.001364e+00 1.000989e+00
1.001737e+00 1.001239e+00
1.002050e+00 1.001458e+00
1.000883e+00 1.000627e+00
1.001462e+00 1.001060e+00
1.001156e+00 1.000829e+00
1.001181e+00 1.000859e+00
1.001489e+00 1.001031e+00
1.001724e+00 1.001215e+00
1.001266e+00 1.000907e+00
1.001271e+00 1.000922e+00
1.001598e+00 1.001159e+00
1.000992e+00 1.000720e+00
1.001398e+00 1.000981e+00
1.001610e+00 1.001103e+00
1.001718e+00 1.001235e+00
1.001087e+00 1.000788e+00
1.001398e+00 1.001028e+00
1.001904e+00 1.001348e+00
1.001149e+00 1.000840e+00
1.001482e+00 1.001029e+00
1.001497e+00 1.001091e+00
1.001184e+00 1.000863e+00
1.001304e+00 1.000965e+00
1.001480e+00 1.001080e+00
1.001735e+00 1.001239e+00
1.001332e+00 1.000980e+00
1.001306e+00 1.000962e+00
1.001458e+00 1.001068e+00
1.001186e+00 1.000879e+00
1.001411e+00 1.001040e+00
1.001686e+00 1.001215e+00
1.001846e+00 1.001313e+00
1.001420e+00 1.001046e+00
1.001424e+00 1.001048e+00
1.001769e+00 1.001231e+00
1.001408e+00 1.001036e+00
1.001648e+00 1.001176e+00
1.001901e+00 1.001362e+00
1.001620e+00 1.001160e+00
1.001382e+00 1.001024e+00
1.001527e+00 1.001130e+00
1.001412e+00 1.001045e+00
1.001673e+00 1.001180e+00
1.001918e+00 1.001378e+00
1.003139e+00 1.002300e+00
1.002036e+00 1.001489e+00
1.001549e+00 1.001154e+00
1.001351e+00 1.001008e+00
1.001698e+00 1.001233e+00
1.001790e+00 1.001252e+00
1.001833e+00 1.001342e+00
1.001492e+00 1.001115e+00
1.001524e+00 1.001145e+00
1.001553e+00 1.001148e+00
1.001779e+00 1.001296e+00
1.002016e+00 1.001428e+00
1.001724e+00 1.001280e+00
1.001450e+00 1.001087e+00
1.001513e+00 1.001131e+00
1.002063e+00 1.001486e+00
1.002363e+00 1.001730e+00
1.001639e+00 1.001214e+00
1.001673e+00 1.001251e+00
1.001628e+00 1.001212e+00
1.001633e+00 1.001226e+00
1.001815e+00 1.001368e+00
1.002067e+00 1.001527e+00
1.002379e+00 1.001715e+00
1.001909e+00 1.001422e+00
1.001730e+00 1.001275e+00
1.001711e+00 1.001291e+00
1.001813e+00 1.001361e+00
1.002020e+00 1.001472e+00
1.002390e+00 1.001756e+00
1.001861e+00 1.001388e+00
1.002746e+00 1.002002e+00
1.001965e+00 1.001480e+00
1.001768e+00 1.001323e+00
1.002016e+00 1.001489e+00
1.002091e+00 1.001518e+00
1.002092e+00 1.001576e+00
1.001781e+00 1.001352e+00
1.001824e+00 1.001380e+00
1.001710e+00 1.001275e+00
1.002030e+00 1.001529e+00
1.002244e+00 1.001670e+00
1.002070e+00 1.001551e+00
1.001958e+00 1.001487e+00
1.001823e+00 1.001376e+00
1.001847e+00 1.001403e+00
1.002134e+00 1.001624e+00
1.002335e+00 1.001714e+00
1.003207e+00 1.002249e+00
1.002037e+00 1.001553e+00
1.001842e+00 1.001409e+00
1.002052e+00 1.001562e+00
1.002258e+00 1.001717e+00
1.002466e+00 1.001817e+00
1.002360e+00 1.001792e+00
1.001817e+00 1.001395e+00
1.002622e+00 1.001926e+00
1.002551e+00 1.001920e+00
1.002734e+00 1.002038e+00
1.002919e+00 1.002172e+00
1.002158e+00 1.001649e+00
1.002157e+00 1.001654e+00
1.002003e+00 1.001539e+00
1.002720e+00 1.002019e+00
1.002940e+00 1.002228e+00
1.003126e+00 1.002270e+00
1.002428e+00 1.001862e+00
1.001980e+00 1.001542e+00
1.002695e+00 1.002061e+00
1.003523e+00 1.002595e+00
1.002442e+00 1.001894e+00
1.002608e+00 1.002011e+00
1.002102e+00 1.001642e+00
1.003039e+00 1.002334e+00
1.002094e+00 1.001631e+00
1.003133e+00 1.002458e+00
1.001843e+00 1.001445e+00
1.002270e+00 1.001783e+00
1.003217e+00 1.002440e+00
1.002200e+00 1.001729e+00
1.002974e+00 1.002305e+00
1.002482e+00 1.001971e+00
1.002710e+00 1.002124e+00
1.002945e+00 1.002270e+00
1.002334e+00 1.001823e+00
1.002132e+00 1.001681e+00
1.002832e+00 1.002155e+00
1.002219e+00 1.001757e+00
1.002465e+00 1.001942e+00
1.002811e+00 1.002205e+00
1.003697e+00 1.002842e+00
1.002435e+00 1.001928e+00
1.002150e+00 1.001714e+00
1.002930e+00 1.002265e+00
1.003214e+00 1.002529e+00
1.003364e+00 1.002613e+00
1.002485e+00 1.001977e+00
1.003163e+00 1.002433e+00
1.002601e+00 1.002056e+00
1.002391e+00 1.001898e+00
1.002607e+00 1.002056e+00
1.002856e+00 1.002252e+00
1.004079e+00 1.003281e+00
1.002746e+00 1.002192e+00
1.002354e+00 1.001901e+00
1.002359e+00 1.001910e+00
1.002584e+00 1.002051e+00
1.002922e+00 1.002325e+00
1.002430e+00 1.001952e+00
1.003156e+00 1.002512e+00
1.002291e+00 1.001846e+00
1.002475e+00 1.002011e+00
1.002512e+00 1.002004e+00
1.002777e+00 1.002208e+00
1.002799e+00 1.002271e+00
1.002351e+00 1.001915e+00
1.002336e+00 1.001908e+00
1.003006e+00 1.002379e+00
1.003205e+00 1.002562e+00
1.003468e+00 1.002783e+00
1.002507e+00 1.002016e+00
1.003260e+00 1.002586e+00
1.002340e+00 1.001918e+00
1.002218e+00 1.001808e+00
1.002621e+00 1.002122e+00
1.002892e+00 1.002350e+00
1.002889e+00 1.002351e+00
1.002510e+00 1.002061e+00
1.002684e+00 1.002222e+00
1.002314e+00 1.001900e+00
1.002562e+00 1.002067e+00
1.003026e+00 1.002432e+00
1.002834e+00 1.002328e+00
1.003568e+00 1.002880e+00
1.002640e+00 1.002183e+00
1.002608e+00 1.002144e+00
1.002719e+00 1.002208e+00
1.003010e+00 1.002432e+00
1.002826e+00 1.002322e+00
1.002442e+00 1.002020e+00
1.002588e+00 1.002152e+00
1.003735e+00 1.003105e+00
1.003969e+00 1.003228e+00
1.002252e+00 1.001877e+00
1.002422e+00 1.002012e+00
1.003320e+00 1.002738e+00
1.002811e+00 1.002334e+00
1.002792e+00 1.002332e+00
1.003067e+00 1.002559e+00
1.003517e+00 1.002941e+00
1.004748e+00 1.003993e+00
1.003319e+00 1.002772e+00
1.002378e+00 1.001996e+00
1.002750e+00 1.002311e+00
1.003171e+00 1.002661e+00
1.003420e+00 1.002861e+00
1.004333e+00 1.003578e+00
1.002743e+00 1.002301e+00
1.002574e+00 1.002154e+00
1.002672e+00 1.002225e+00
1.003277e+00 1.002771e+00
1.003578e+00 1.002970e+00
1.002654e+00 1.002229e+00
1.003884e+00 1.003288e+00
1.003156e+00 1.002648e+00
1.002339e+00 1.001986e+00
1.002939e+00 1.002489e+00
1.003236e+00 1.002703e+00
1.003141e+00 1.002658e+00
1.002696e+00 1.002279e+00
1.003749e+00 1.003184e+00
1.004978e+00 1.004232e+00
1.002949e+00 1.002499e+00
1.003298e+00 1.002784e+00
1.004525e+00 1.003868e+00
1.002691e+00 1.002287e+00
1.003090e+00 1.002621e+00
1.004155e+00 1.003543e+00
1.004449e+00 1.003698e+00
1.002344e+00 1.001990e+00
1.003524e+00 1.003011e+00
1.003556e+00 1.003043e+00
1.004442e+00 1.003725e+00
1.002709e+00 1.002315e+00
1.003301e+00 1.002830e+00
1.003797e+00 1.003236e+00
1.002550e+00 1.002186e+00
1.003763e+00 1.003239e+00
1.003623e+00 1.003074e+00
1.002671e+00 1.002285e+00
1.003269e+00 1.002817e+00
1.003769e+00 1.003227e+00
1.003983e+00 1.003385e+00
1.002703e+00 1.002309e+00
1.003907e+00 1.003370e+00
1.003381e+00 1.002900e+00
1.002983e+00 1.002564e+00
1.003586e+00 1.003094e+00
1.003921e+00 1.003384e+00
1.005124e+00 1.004434e+00
1.004099e+00 1.003526e+00
1.004572e+00 1.003945e+00
1.005132e+00 1.004449e+00
1.003495e+00 1.003011e+00
1.003711e+00 1.003193e+00
1.004906e+00 1.004251e+00
1.003811e+00 1.003293e+00
1.003509e+00 1.003028e+00
1.004097e+00 1.003568e+00
1.004558e+00 1.003943e+00
1.003137e+00 1.002712e+00
1.004323e+00 1.003757e+00
1.005291e+00 1.004540e+00
1.006466e+00 1.005598e+00
1.004381e+00 1.003802e+00
1.004967e+00 1.004334e+00
1.003804e+00 1.003313e+00
1.004931e+00 1.004315e+00
1.004819e+00 1.004183e+00
1.006003e+00 1.005232e+00
1.004386e+00 1.003812e+00
1.003901e+00 1.003407e+00
1.005045e+00 1.004411e+00
1.004155e+00 1.003631e+00
1.003647e+00 1.003190e+00
1.004825e+00 1.004241e+00
1.005299e+00 1.004619e+00
1.005662e+00 1.004926e+00
1.006833e+00 1.005977e+00
1.005596e+00 1.004902e+00
1.003887e+00 1.003406e+00
1.005051e+00 1.004453e+00
1.005387e+00 1.004722e+00
1.005981e+00 1.005279e+00
1.004541e+00 1.003986e+00
1.005593e+00 1.004925e+00
1.006392e+00 1.005626e+00
1.007576e+00 1.006672e+00
1.008111e+00 1.007104e+00
1.008678e+00 1.007618e+00
1.006236e+00 1.005359e+00
1.004408e+00 1.003877e+00
1.005568e+00 1.004881e+00
1.006680e+00 1.005834e+00
1.007233e+00 1.006335e+00
1.007776e+00 1.006712e+00
1.008865e+00 1.007741e+00
1.007016e+00 1.006038e+00
1.008150e+00 1.007073e+00
1.006247e+00 1.005422e+00
1.006817e+00 1.005935e+00
1.007282e+00 1.006301e+00
1.008412e+00 1.007329e+00
1.009275e+00 1.007984e+00
1.007160e+00 1.006129e+00
1.008229e+00 1.007094e+00
1.008781e+00 1.007525e+00
1.009250e+00 1.007960e+00
1.010386e+00 1.008954e+00
1.011446e+00 1.009903e+00
1.007379e+00 1.006318e+00
1.008496e+00 1.007327e+00
1.009030e+00 1.007787e+00
1.009539e+00 1.008218e+00
1.010696e+00 1.009220e+00
1.001549e+00 1.000291e+00
1.001256e+00 1.000459e+00
1.001074e+00 1.000372e+00
1.001038e+00 1.000409e+00
1.000892e+00 1.000457e+00
1.000963e+00 1.000342e+00
1.000981e+00 1.000312e+00
1.000955e+00 1.000598e+00
1.001000e+00 1.000353e+00
1.000830e+00 1.000703e+00
1.000986e+00 1.000654e+00
1.001399e+00 1.000684e+00
1.001924e+00 1.000945e+00
1.001990e+00 1.000963e+00
1.001766e+00 1.000788e+00
1.001964e+00 1.001513e+00
1.002063e+00 1.001027e+00
1.002548e+00 1.001253e+00
1.002500e+00 1.001226e+00
1.002551e+00 1.002109e+00
1.001900e+00 1.000933e+00
1.001893e+00 1.001595e+00
1.002137e+00 1.001794e+00
1.002726e+00 1.001340e+00
1.003321e+00 1.001638e+00
1.002632e+00 1.001292e+00
1.002535e+00 1.002147e+00
1.002607e+00 1.001882e+00
1.002655e+00 1.001736e+00
1.002500e+00 1.001226e+00
1.002277e+00 1.001060e+00
1.002729e+00 1.002334e+00
1.003721e+00 1.002821e+00
1.003591e+00 1.001776e+00
1.003885e+00 1.003179e+00
1.003879e+00 1.001920e+00
1.003378e+00 1.001674e+00
1.003273e+00 1.002646e+00
1.003194e+00 1.001497e+00
1.003541e+00 1.002828e+00
1.003815e+00 1.001871e+00
1.003131e+00 1.001555e+00
1.002849e+00 1.002325e+00
1.002829e+00 1.001402e+00
1.002491e+00 1.001200e+00
1.002491e+00 1.001942e+00
1.002743e+00 1.001693e+00
1.002845e+00 1.001423e+00
1.002921e+00 1.002188e+00
1.002208e+00 1.001107e+00
1.002868e+00 1.002314e+00
1.003079e+00 1.002085e+00
1.003069e+00 1.001536e+00
1.002715e+00 1.001257e+00
1.002466e+00 1.002095e+00
1.003298e+00 1.002546e+00
1.003326e+00 1.001678e+00
1.003180e+00 1.001603e+00
1.002786e+00 1.001408e+00
1.003631e+00 1.002885e+00
1.003171e+00 1.001607e+00
1.003325e+00 1.002771e+00
1.002742e+00 1.001389e+00
1.002324e+00 1.001983e+00
1.002554e+00 1.002183e+00
1.003180e+00 1.001626e+00
1.004162e+00 1.003180e+00
1.003724e+00 1.001893e+00
1.003241e+00 1.001644e+00
1.002642e+00 1.002244e+00
1.002636e+00 1.002207e+00
1.003212e+00 1.002659e+00
1.003884e+00 1.003141e+00
1.003368e+00 1.001716e+00
1.003136e+00 1.002574e+00
1.003160e+00 1.002680e+00
1.003408e+00 1.002419e+00
1.002967e+00 1.001511e+00
1.002625e+00 1.001320e+00
1.002640e+00 1.002244e+00
1.003224e+00 1.002741e+00
1.003547e+00 1.002969e+00
1.003345e+00 1.001720e+00
1.002643e+00 1.001353e+00
1.002582e+00 1.002171e+00
1.003163e+00 1.002710e+00
1.003020e+00 1.001555e+00
1.003189e+00 1.002701e+00
1.003309e+00 1.002512e+00
1.002893e+00 1.001494e+00
1.003506e+00 1.003001e+00
1.003798e+00 1.001970e+00
1.003721e+00 1.001934e+00
1.003678e+00 1.003134e+00
1.004039e+00 1.003477e+00
1.004861e+00 1.002543e+00
1.005650e+00 1.002968e+00
1.006503e+00 1.003471e+00
1.007269e+00 1.003807e+00
1.006965e+00 1.003646e+00
1.007376e+00 1.006354e+00
1.008187e+00 1.004289e+00
1.008482e+00 1.004442e+00
1.009438e+00 1.008059e+00
1.010267e+00 1.005407e+00
1.010753e+00 1.009203e+00
1.011176e+00 1.005862e+00
1.012087e+00 1.006315e+00
1.012809e+00 1.006760e+00
1.012417e+00 1.006557e+00
1.013404e+00 1.011509e+00
1.013882e+00 1.007296e+00
1.014360e+00 1.007544e+00
1.015296e+00 1.008043e+00
1.016186e+00 1.008538e+00
1.017129e+00 1.013901e+00
1.018062e+00 1.009526e+00
1.018523e+00 1.014756e+00
1.019026e+00 1.013541e+00
1.019967e+00 1.010525e+00
1.020871e+00 1.011024e+00
1.021764e+00 1.011526e+00
1.022742e+00 1.018936e+00
1.023256e+00 1.019867e+00
1.023749e+00 1.012522e+00
1.024713e+00 1.013027e+00
1.025647e+00 1.013532e+00
1.026633e+00 1.021831e+00
1.027605e+00 1.014566e+00
1.028092e+00 1.023934e+00
1.028601e+00 1.021389e+00
1.029564e+00 1.015536e+00
1.030518e+00 1.016033e+00
1.031522e+00 1.026546e+00
1.032490e+00 1.017037e+00
1.032932e+00 1.019938e+00
1.033429e+00 1.028399e+00
1.034396e+00 1.018051e+00
1.035293e+00 1.018571e+00
1.036128e+00 1.019096e+00
1.037213e+00 1.031819e+00
1.037676e+00 1.019802e+00
1.038131e+00 1.025225e+00
1.039064e+00 1.020566e+00
1.039792e+00 1.021097e+00
1.039470e+00 1.020956e+00
1.040434e+00 1.033858e+00
1.040962e+00 1.035089e+00
1.041489e+00 1.021922e+00
1.042525e+00 1.022435e+00
1.043548e+00 1.022949e+00
1.044546e+00 1.023461e+00
1.045503e+00 1.023969e+00
1.045916e+00 1.024218e+00
1.046446e+00 1.039630e+00
1.047495e+00 1.024981e+00
1.048503e+00 1.025494e+00
1.049467e+00 1.026007e+00
1.050388e+00 1.026529e+00
1.050863e+00 1.042190e+00
1.051364e+00 1.027033e+00
1.052391e+00 1.027532e+00
1.053408e+00 1.028039e+00
1.054404e+00 1.028550e+00
1.055420e+00 1.032289e+00
1.055937e+00 1.038568e+00
1.056419e+00 1.029565e+00
1.057437e+00 1.030077e+00
1.058436e+00 1.030585e+00
1.059471e+00 1.041459e+00
1.060455e+00 1.031619e+00
1.060869e+00 1.031892e+00
1.060822e+00 1.032217e+00
1.061794e+00 1.051352e+00
1.062845e+00 1.050943e+00
1.063890e+00 1.033743e+00
1.064924e+00 1.034243e+00
1.065449e+00 1.055419e+00
1.065969e+00 1.034751e+00
1.067008e+00 1.035256e+00
1.068036e+00 1.035759e+00
1.069065e+00 1.051266e+00
1.070091e+00 1.037534e+00
1.070578e+00 1.046167e+00
1.071015e+00 1.037323e+00
1.071918e+00 1.037857e+00
1.072955e+00 1.061841e+00
1.073960e+00 1.049183e+00
1.074966e+00 1.039875e+00
1.075381e+00 1.039657e+00
1.075801e+00 1.040849e+00
1.076446e+00 1.040475e+00
1.077495e+00 1.066077e+00
1.078563e+00 1.066635e+00
1.079621e+00 1.041996e+00
1.080140e+00 1.042255e+00
1.080665e+00 1.048173e+00
1.081703e+00 1.043029e+00
1.082718e+00 1.043545e+00
1.083702e+00 1.044058e+00
1.084482e+00 1.044555e+00
1.085012e+00 1.069740e+00
1.085523e+00 1.045066e+00
1.086564e+00 1.045586e+00
1.087590e+00 1.046110e+00
1.088597e+00 1.046638e+00
1.089595e+00 1.047166e+00
1.090060e+00 1.047432e+00
1.090556e+00 1.048910e+00
1.091606e+00 1.054312e+00
1.092631e+00 1.048712e+00
1.093569e+00 1.049203e+00
1.094644e+00 1.080203e+00
1.095083e+00 1.049949e+00
1.095517e+00 1.050171e+00
1.096558e+00 1.078607e+00
1.097479e+00 1.051209e+00
1.097962e+00 1.051740e+00
1.099050e+00 1.079487e+00
1.099574e+00 1.052519e+00
1.100049e+00 1.052761e+00
1.101095e+00 1.085586e+00
1.102121e+00 1.053791e+00
1.103131e+00 1.054307e+00
1.104129e+00 1.054834e+00
1.104583e+00 1.055106e+00
1.105042e+00 1.057240e+00
1.106084e+00 1.081299e+00
1.107135e+00 1.056825e+00
1.108180e+00 1.056905e+00
1.109228e+00 1.057996e+00
1.109749e+00 1.057670e+00
1.110272e+00 1.074026e+00
1.111306e+00 1.058437e+00
1.112330e+00 1.058950e+00
1.113345e+00 1.059465e+00
1.114366e+00 1.079988e+00
1.114783e+00 1.060272e+00
1.114960e+00 1.060556e+00
