41 2
36 1
42 3
33 5
34 9
24 97
35 66
21 55
17 55
14 55
12 60
12 60
10 61
10 60
9 60
9 61
7 61
6 61
6 61
6 61
43 9
33 35
30 89
27 90
27 79
17 71
20 68
32 61
29 61
22 62
15 63
15 62
14 61
15 61
14 62
13 62
13 62
13 62
13 62
12 61
11 61
11 61
11 61
11 61
9 61
43 9
33 35
30 89
27 90
27 79
17 71
16 69
12 66
8 63
3 63
6 63
8 65
10 67
26 67
32 63
29 65
22 65
18 64
16 63
16 60
16 61
15 62
14 62
13 62
13 62
43 9
33 67
31 97
26 70
26 55
16 51
15 51
12 45
6 45
4 49
8 49
9 47
9 45
24 49
31 51
28 51
22 41
18 47
16 47
15 47
15 47
15 47
15 47
13 47
13 47
