1 2.011788e-02 2.901867e-02 3.487215e-07 2.131885e-02
2 1.764206e-03 2.615020e-03 3.001600e-07 1.830808e-03
3 8.987480e-03 1.319030e-02 2.946437e-07 9.776608e-03
4 2.750559e-03 3.831332e-03 2.627486e-07 2.827436e-03
5 6.256675e-03 9.510331e-03 2.549316e-07 6.956848e-03
6 3.609727e-03 5.092029e-03 2.402848e-07 3.759146e-03
7 3.522947e-03 6.600238e-03 2.345311e-07 4.012260e-03
8 3.837936e-03 5.107606e-03 2.227678e-07 3.984324e-03
9 3.749507e-03 7.362163e-03 2.158952e-07 4.201641e-03
10 5.143260e-03 6.320432e-03 2.109644e-07 5.328200e-03
11 2.480752e-03 3.156727e-03 2.051599e-07 2.632406e-03
12 3.556996e-03 5.103379e-03 2.018215e-07 3.838061e-03
13 2.365871e-03 3.906887e-03 1.960322e-07 2.542141e-03
14 5.046032e-03 6.439339e-03 1.938964e-07 5.381973e-03
15 2.809665e-03 3.879511e-03 1.903350e-07 2.969549e-03
16 3.194747e-03 4.094770e-03 1.888054e-07 3.480804e-03
17 3.244643e-03 4.857583e-03 1.853096e-07 3.610648e-03
18 4.383639e-03 5.263644e-03 1.832545e-07 4.629782e-03
19 1.798298e-03 2.315880e-03 1.808614e-07 1.887194e-03
20 3.246327e-03 4.213654e-03 1.801414e-07 3.386357e-03
21 1.304281e-03 1.930824e-03 1.772665e-07 1.358428e-03
22 4.599147e-03 7.629027e-03 1.764720e-07 4.869741e-03
23 1.472658e-03 1.659589e-03 1.749112e-07 1.519629e-03
24 3.260377e-03 5.996381e-03 1.742137e-07 3.520038e-03
25 1.726765e-03 2.251260e-03 1.731691e-07 1.822617e-03
26 2.083610e-03 3.687362e-03 1.724719e-07 2.266863e-03
27 1.507323e-03 2.189246e-03 1.715625e-07 1.639228e-03
28 2.184908e-03 4.351117e-03 1.712980e-07 2.459485e-03
29 1.286559e-03 1.966067e-03 1.703891e-07 1.437298e-03
30 2.207080e-03 3.557048e-03 1.702419e-07 2.380692e-03
31 1.109352e-03 1.748945e-03 1.695594e-07 1.252411e-03
32 2.172207e-03 3.552759e-03 1.693910e-07 2.349420e-03
33 1.000833e-03 1.190801e-03 1.689933e-07 1.070406e-03
34 2.021612e-03 3.767629e-03 1.688234e-07 2.289902e-03
35 9.833539e-04 1.203008e-03 1.686181e-07 1.024183e-03
36 1.736982e-03 3.219073e-03 1.684865e-07 1.976261e-03
37 9.378406e-04 1.045671e-03 1.683645e-07 9.722955e-04
38 1.297449e-03 2.149546e-03 1.682697e-07 1.430567e-03
39 8.845965e-04 9.364548e-04 1.681903e-07 9.197755e-04
40 9.255764e-04 1.144880e-03 1.681230e-07 9.782768e-04
41 7.809641e-04 8.505909e-04 1.680653e-07 8.109872e-04
1 2.114338e-02 8.350568e-02 1.982376e-05 2.453332e-02
2 7.879032e-03 7.555930e-03 3.202683e-06 7.983880e-03
3 1.306931e-02 2.006071e-02 1.304351e-06 1.431777e-02
4 1.759842e-03 3.066047e-03 2.566785e-07 2.027207e-03
5 3.386329e-03 4.190014e-03 1.798237e-07 3.628929e-03
6 2.700129e-03 2.582597e-03 1.776838e-07 2.743618e-03
7 1.701938e-03 1.763501e-03 1.756343e-07 1.769813e-03
8 2.741984e-03 2.584808e-03 1.744498e-07 2.799431e-03
9 1.328590e-03 1.431543e-03 1.728258e-07 1.435210e-03
10 3.586396e-03 4.680405e-03 1.720400e-07 3.801222e-03
11 1.665958e-03 2.312082e-03 1.710186e-07 1.846566e-03
12 2.332177e-03 3.368167e-03 1.703269e-07 2.585599e-03
13 1.357389e-03 2.192157e-03 1.694151e-07 1.603063e-03
14 3.216416e-03 5.001282e-03 1.689412e-07 3.622601e-03
15 1.809131e-03 3.050480e-03 1.683165e-07 2.136045e-03
16 1.935437e-03 3.230486e-03 1.678100e-07 2.284548e-03
17 1.588462e-03 2.801588e-03 1.672956e-07 1.901471e-03
18 2.163864e-03 3.748360e-03 1.669857e-07 2.581112e-03
19 1.306655e-03 2.240586e-03 1.664846e-07 1.517251e-03
20 2.892985e-03 5.168028e-03 1.662553e-07 3.453554e-03
21 1.560320e-03 2.786057e-03 1.659419e-07 1.851290e-03
22 1.734435e-03 3.225173e-03 1.657132e-07 2.143860e-03
23 1.381098e-03 2.250581e-03 1.654468e-07 1.552649e-03
24 1.984669e-03 3.786504e-03 1.653615e-07 2.476361e-03
25 1.164854e-03 1.631742e-03 1.650573e-07 1.257423e-03
26 2.285481e-03 4.469972e-03 1.649583e-07 2.872797e-03
27 1.303600e-03 2.106573e-03 1.648211e-07 1.461035e-03
28 1.333003e-03 2.355607e-03 1.647107e-07 1.573585e-03
29 1.167355e-03 2.351637e-03 1.646144e-07 1.326992e-03
30 1.014181e-03 1.608594e-03 1.645389e-07 1.085299e-03
31 1.087433e-03 2.235966e-03 1.644764e-07 1.257152e-03
32 8.328538e-04 1.398600e-03 1.644221e-07 8.970326e-04
33 9.944379e-04 2.030951e-03 1.643782e-07 1.151260e-03
34 6.857352e-04 1.181773e-03 1.643398e-07 7.504104e-04
35 8.573747e-04 1.714172e-03 1.643086e-07 9.887919e-04
36 5.861718e-04 1.003283e-03 1.642822e-07 6.486903e-04
1 3.540987e-02 8.735014e-02 1.720832e-04 3.688972e-02
2 1.466793e-02 1.615433e-02 1.595243e-04 1.510591e-02
3 1.276604e-02 1.514200e-02 1.549836e-04 1.293171e-02
4 1.269880e-02 1.482721e-02 1.383728e-04 1.281603e-02
5 1.213455e-02 1.397154e-02 4.058648e-07 1.222873e-02
6 8.232961e-03 1.711561e-02 3.153966e-07 9.363861e-03
7 2.289956e-03 2.611000e-03 2.286546e-07 2.578964e-03
8 4.812246e-03 1.042516e-02 2.033267e-07 5.673552e-03
9 1.726408e-03 2.895674e-03 1.816436e-07 1.958302e-03
10 4.143222e-03 8.371793e-03 1.745796e-07 4.727035e-03
11 1.670248e-03 2.080672e-03 1.665260e-07 1.922530e-03
12 5.100237e-03 9.391997e-03 1.637970e-07 5.623355e-03
13 1.965383e-03 2.627617e-03 1.606035e-07 2.116226e-03
14 3.092564e-03 4.845653e-03 1.587339e-07 3.229468e-03
15 1.440246e-03 1.880243e-03 1.561443e-07 1.535669e-03
16 3.908096e-03 4.668333e-03 1.548824e-07 4.079454e-03
17 1.899485e-03 2.310962e-03 1.537264e-07 2.021530e-03
18 2.221246e-03 3.335687e-03 1.524641e-07 2.400260e-03
19 1.171735e-03 1.722365e-03 1.510030e-07 1.279421e-03
20 2.757101e-03 4.290008e-03 1.502020e-07 3.074152e-03
21 1.597543e-03 2.502489e-03 1.491713e-07 1.789956e-03
22 1.536775e-03 2.579724e-03 1.482789e-07 1.725446e-03
23 1.570075e-03 2.454107e-03 1.474667e-07 1.748012e-03
24 1.546622e-03 2.647167e-03 1.467890e-07 1.729222e-03
25 1.517568e-03 2.177157e-03 1.461498e-07 1.672229e-03
26 1.615279e-03 2.871832e-03 1.456899e-07 1.808171e-03
27 1.382117e-03 1.934534e-03 1.451623e-07 1.520800e-03
28 1.896710e-03 3.687242e-03 1.451553e-07 2.159814e-03
29 1.109637e-03 1.623372e-03 1.444109e-07 1.258217e-03
30 2.680827e-03 5.406866e-03 1.442694e-07 3.090551e-03
31 1.230823e-03 1.756815e-03 1.439711e-07 1.375970e-03
32 1.886773e-03 3.377112e-03 1.438492e-07 2.086599e-03
33 1.386211e-03 1.828858e-03 1.436980e-07 1.513988e-03
34 1.217743e-03 1.660356e-03 1.435820e-07 1.298018e-03
35 1.251842e-03 1.757848e-03 1.434886e-07 1.395580e-03
36 1.034315e-03 1.330477e-03 1.434183e-07 1.098842e-03
37 1.091552e-03 1.597113e-03 1.433653e-07 1.240254e-03
38 8.154500e-04 9.135112e-04 1.433254e-07 8.692793e-04
39 8.990587e-04 1.304801e-03 1.432974e-07 1.024978e-03
40 6.158533e-04 6.961983e-04 1.432770e-07 6.675088e-04
41 6.582101e-04 8.990218e-04 1.432630e-07 7.432332e-04
42 4.473336e-04 5.639271e-04 1.432542e-07 5.030829e-04
1 5.617523e-02 8.840290e-02 1.915364e-03 5.759312e-02
2 3.469996e-02 4.393706e-02 1.876844e-03 3.490165e-02
3 3.232063e-02 4.349497e-02 1.596952e-03 3.292218e-02
4 3.131765e-02 4.011863e-02 1.476072e-03 3.151946e-02
5 3.192020e-02 3.856936e-02 1.230610e-03 3.205408e-02
6 2.964891e-02 3.521572e-02 8.043417e-07 2.976086e-02
7 1.448097e-02 3.152115e-02 4.715321e-07 1.978529e-02
8 3.996190e-03 4.070658e-03 2.277469e-07 4.098053e-03
9 1.124859e-02 2.100177e-02 2.087979e-07 1.443041e-02
10 1.830376e-03 2.843688e-03 1.540931e-07 1.974975e-03
11 1.008953e-02 1.817187e-02 1.520118e-07 1.345298e-02
12 1.299070e-03 2.335104e-03 1.366672e-07 1.423390e-03
13 8.588148e-03 1.489925e-02 1.365249e-07 1.107384e-02
14 1.074903e-03 1.236036e-03 1.304833e-07 1.167707e-03
15 6.542462e-03 1.137091e-02 1.296505e-07 8.289809e-03
16 1.132331e-03 1.344954e-03 1.271267e-07 1.181247e-03
17 4.666889e-03 8.520435e-03 1.263860e-07 5.862392e-03
18 1.116039e-03 1.859462e-03 1.251306e-07 1.277327e-03
19 3.181882e-03 6.005979e-03 1.247717e-07 3.952447e-03
20 1.041737e-03 2.544720e-03 1.235076e-07 1.412455e-03
21 3.067074e-03 5.977722e-03 1.231650e-07 3.799532e-03
22 1.368413e-03 3.528789e-03 1.222996e-07 1.903291e-03
23 9.691890e-04 1.627726e-03 1.216808e-07 1.067555e-03
24 2.444160e-03 3.809321e-03 1.214671e-07 2.654936e-03
25 8.088841e-04 1.225278e-03 1.209839e-07 8.559253e-04
26 2.431970e-03 3.184333e-03 1.208060e-07 2.596757e-03
27 1.162915e-03 1.447330e-03 1.206082e-07 1.214152e-03
28 1.283078e-03 1.557518e-03 1.204799e-07 1.352736e-03
29 8.976908e-04 1.102242e-03 1.203792e-07 9.556716e-04
30 1.108855e-03 1.263664e-03 1.203221e-07 1.174990e-03
31 6.611588e-04 8.478010e-04 1.202781e-07 7.226593e-04
32 7.655953e-04 8.749134e-04 1.202540e-07 8.175263e-04
33 4.803954e-04 6.950036e-04 1.202387e-07 5.404363e-04
1 8.070568e-02 9.132985e-02 3.276617e-03 8.220044e-02
2 5.164408e-02 5.760267e-02 3.028772e-03 5.172180e-02
3 4.738410e-02 5.538236e-02 4.349612e-04 4.759697e-02
4 1.576173e-02 2.097855e-02 2.158319e-04 1.633343e-02
5 1.158677e-02 1.477349e-02 1.707210e-04 1.176450e-02
6 1.088928e-02 1.313728e-02 1.021398e-04 1.097364e-02
7 9.623952e-03 1.095109e-02 3.326261e-05 9.666193e-03
8 7.842648e-03 9.771162e-03 2.256642e-07 8.039630e-03
9 5.820250e-03 1.247527e-02 2.139598e-07 6.758992e-03
10 4.524371e-03 5.258910e-03 1.429426e-07 4.705767e-03
11 6.836004e-03 9.730920e-03 1.318954e-07 7.669087e-03
12 6.770772e-03 8.301808e-03 1.185569e-07 7.147384e-03
13 5.697891e-03 6.602131e-03 1.180286e-07 6.305345e-03
14 5.429965e-03 6.671705e-03 1.079592e-07 5.807370e-03
15 5.529209e-03 9.437298e-03 1.065875e-07 6.483772e-03
16 4.120979e-03 5.374936e-03 1.043035e-07 4.474922e-03
17 4.240811e-03 7.105777e-03 1.034782e-07 4.865437e-03
18 3.415412e-03 4.240142e-03 1.024008e-07 3.703596e-03
19 2.952494e-03 4.414659e-03 1.017387e-07 3.296269e-03
20 2.443782e-03 2.784382e-03 1.010198e-07 2.558538e-03
21 2.471127e-03 5.034343e-03 1.006770e-07 3.003764e-03
22 1.840525e-03 3.160184e-03 1.001200e-07 2.085478e-03
23 2.654571e-03 6.259926e-03 9.993410e-08 3.357250e-03
24 1.690695e-03 2.901683e-03 9.965788e-08 1.907832e-03
25 1.843352e-03 4.051881e-03 9.951934e-08 2.296502e-03
26 1.201886e-03 2.177509e-03 9.929463e-08 1.361395e-03
27 1.893271e-03 4.720294e-03 9.921631e-08 2.491490e-03
28 1.153748e-03 2.448883e-03 9.911544e-08 1.386486e-03
29 1.134307e-03 2.608427e-03 9.904774e-08 1.432322e-03
30 8.154622e-04 1.785043e-03 9.899130e-08 9.906676e-04
31 9.770097e-04 2.385296e-03 9.896070e-08 1.268983e-03
32 5.108635e-04 1.093946e-03 9.893193e-08 6.201779e-04
33 7.345390e-04 1.815563e-03 9.891898e-08 9.598874e-04
34 3.147055e-04 6.238930e-04 9.890896e-08 3.800544e-04
1 1.962682e-02 4.106456e-02 1.259740e-07 2.410401e-02
2 1.439185e-02 1.952976e-02 1.209112e-07 1.553818e-02
3 6.783421e-03 9.647009e-03 1.143491e-07 7.474542e-03
4 1.453134e-02 1.916815e-02 1.116420e-07 1.552064e-02
5 6.290798e-03 8.522125e-03 1.053580e-07 6.744404e-03
6 1.227102e-02 1.618765e-02 1.031757e-07 1.314514e-02
7 4.824054e-03 7.207798e-03 9.918426e-08 5.414834e-03
8 8.068521e-03 1.036302e-02 9.726129e-08 8.597660e-03
9 5.225000e-03 6.829431e-03 9.537616e-08 5.588803e-03
10 5.516265e-03 7.289915e-03 9.413272e-08 5.933992e-03
11 6.223895e-03 7.870628e-03 9.290124e-08 6.553409e-03
12 3.312311e-03 4.753096e-03 9.205946e-08 3.682981e-03
13 3.713688e-03 4.590726e-03 9.148634e-08 3.938492e-03
14 2.889472e-03 3.942508e-03 9.095436e-08 3.169110e-03
15 2.978610e-03 3.481505e-03 9.062900e-08 3.202373e-03
16 2.193835e-03 2.982235e-03 9.028715e-08 2.396559e-03
17 2.933764e-03 3.310810e-03 9.003380e-08 3.164387e-03
18 1.842815e-03 2.466986e-03 8.979138e-08 1.992042e-03
19 2.179057e-03 2.834981e-03 8.965443e-08 2.389584e-03
20 1.494056e-03 1.980710e-03 8.952623e-08 1.601332e-03
21 1.346624e-03 1.770330e-03 8.946036e-08 1.497286e-03
22 9.001939e-04 1.264518e-03 8.941464e-08 9.821654e-04
23 9.068901e-04 1.193489e-03 8.937546e-08 9.851654e-04
24 9.244375e-04 1.229414e-03 8.932956e-08 9.864359e-04
1 1.032418e-01 1.060694e-01 1.012090e-07 1.033296e-01
2 6.725705e-02 6.895339e-02 9.297876e-08 6.727077e-02
3 3.068502e-02 3.251219e-02 9.026331e-08 3.073126e-02
4 1.841463e-03 7.136584e-03 8.982682e-08 2.368800e-03
5 1.871229e-03 4.561768e-03 8.910253e-08 2.192341e-03
6 1.623939e-03 5.508278e-03 8.869490e-08 2.016689e-03
7 1.656027e-03 3.839247e-03 8.789801e-08 1.944851e-03
8 1.679580e-03 7.462185e-03 8.761716e-08 2.254342e-03
9 1.546302e-03 3.914114e-03 8.704994e-08 1.843025e-03
10 1.456280e-03 6.069022e-03 8.677423e-08 1.913201e-03
11 1.466557e-03 4.277804e-03 8.633011e-08 1.791676e-03
12 1.263127e-03 4.557508e-03 8.596919e-08 1.588190e-03
13 1.266007e-03 3.691536e-03 8.556057e-08 1.552985e-03
14 1.217290e-03 5.336399e-03 8.550305e-08 1.620937e-03
15 1.070801e-03 2.928533e-03 8.488356e-08 1.305178e-03
16 1.407239e-03 7.673210e-03 8.476265e-08 2.042230e-03
17 1.030277e-03 3.051685e-03 8.439687e-08 1.273545e-03
18 1.198690e-03 6.236975e-03 8.424931e-08 1.703445e-03
19 9.920720e-04 3.285832e-03 8.399438e-08 1.253260e-03
20 1.006836e-03 4.723050e-03 8.389472e-08 1.372907e-03
21 8.510441e-04 2.574316e-03 8.355197e-08 1.053231e-03
22 1.212873e-03 6.757922e-03 8.345244e-08 1.763710e-03
23 8.267941e-04 2.735742e-03 8.324052e-08 1.043900e-03
24 9.889367e-04 5.187604e-03 8.313820e-08 1.405989e-03
25 8.404659e-04 3.155459e-03 8.296958e-08 1.091449e-03
26 8.073563e-04 3.673957e-03 8.283764e-08 1.086968e-03
27 6.864381e-04 2.458035e-03 8.270158e-08 8.839963e-04
28 8.391370e-04 4.397083e-03 8.269094e-08 1.190068e-03
29 5.202542e-04 1.647745e-03 8.248647e-08 6.571872e-04
30 1.170349e-03 6.703003e-03 8.244633e-08 1.707597e-03
31 5.317601e-04 1.816581e-03 8.234197e-08 6.828993e-04
32 8.957901e-04 4.916923e-03 8.230004e-08 1.296146e-03
33 5.386059e-04 2.070469e-03 8.223736e-08 7.145244e-04
34 6.342130e-04 3.188375e-03 8.220653e-08 8.972905e-04
35 3.850192e-04 1.328346e-03 8.215256e-08 5.023819e-04
1 1.032860e-01 1.059049e-01 9.512145e-08 1.033928e-01
2 6.665035e-02 6.750435e-02 8.761884e-08 6.665526e-02
3 2.990411e-02 3.082134e-02 8.551344e-08 2.992185e-02
4 1.532325e-03 5.817964e-03 8.533438e-08 2.121510e-03
5 1.477299e-03 3.906878e-03 8.506418e-08 1.848213e-03
6 1.240307e-03 4.263645e-03 8.488455e-08 1.621432e-03
7 1.341647e-03 3.622504e-03 8.462524e-08 1.675393e-03
8 1.206963e-03 5.466458e-03 8.451807e-08 1.712289e-03
9 1.179192e-03 3.565090e-03 8.433975e-08 1.495279e-03
10 1.084329e-03 4.641299e-03 8.431847e-08 1.487666e-03
11 9.952495e-04 3.362560e-03 8.406646e-08 1.276230e-03
12 1.213498e-03 6.929906e-03 8.404089e-08 1.867462e-03
13 9.035467e-04 3.460746e-03 8.389985e-08 1.187131e-03
14 1.070763e-03 6.138708e-03 8.386498e-08 1.655942e-03
15 7.818475e-04 3.012407e-03 8.376974e-08 1.036130e-03
16 9.504913e-04 5.464225e-03 8.373895e-08 1.462231e-03
17 6.982357e-04 2.971831e-03 8.367953e-08 9.538146e-04
18 7.756397e-04 4.535605e-03 8.365220e-08 1.187873e-03
19 5.967004e-04 2.576387e-03 8.361371e-08 8.274728e-04
20 6.083197e-04 3.336292e-03 8.359970e-08 9.113602e-04
21 4.634221e-04 2.526536e-03 8.356283e-08 6.842916e-04
1 1.030566e-01 1.032988e-01 9.432977e-08 1.030572e-01
2 6.716602e-02 6.757219e-02 8.689458e-08 6.716636e-02
3 3.038793e-02 3.070883e-02 8.488502e-08 3.038891e-02
4 1.495196e-03 1.113212e-02 8.484538e-08 2.433312e-03
5 1.167373e-03 4.683322e-03 8.466663e-08 1.507537e-03
6 1.366120e-03 9.919908e-03 8.463571e-08 2.195669e-03
7 1.108589e-03 4.590512e-03 8.450511e-08 1.444771e-03
8 1.170414e-03 8.203195e-03 8.446952e-08 1.845362e-03
9 9.821379e-04 4.059424e-03 8.438464e-08 1.285298e-03
10 1.007220e-03 6.431760e-03 8.435279e-08 1.539889e-03
11 8.860732e-04 3.841034e-03 8.430096e-08 1.182063e-03
12 8.058399e-04 4.582549e-03 8.428715e-08 1.182610e-03
13 7.362529e-04 4.099709e-03 8.423719e-08 1.036402e-03
14 7.783298e-04 5.154314e-03 8.421626e-08 1.201971e-03
15 5.221010e-04 2.125891e-03 8.419412e-08 6.792598e-04
16 6.140755e-04 3.267702e-03 8.418692e-08 9.515412e-04
17 3.185362e-04 1.221309e-03 8.416994e-08 3.999248e-04
1 1.029281e-01 1.140515e-01 9.573761e-08 1.029729e-01
2 6.780632e-02 6.908081e-02 8.806083e-08 6.780778e-02
3 3.090219e-02 3.277465e-02 8.595573e-08 3.090785e-02
4 1.920050e-03 9.867116e-03 8.595424e-08 2.805814e-03
5 1.307894e-03 3.880084e-03 8.576515e-08 1.560651e-03
6 1.568893e-03 8.085875e-03 8.574753e-08 2.282805e-03
7 1.135031e-03 3.431001e-03 8.563195e-08 1.356190e-03
8 1.298236e-03 6.169458e-03 8.560550e-08 1.839530e-03
9 9.927830e-04 3.237323e-03 8.554503e-08 1.208070e-03
10 9.980343e-04 4.348893e-03 8.552228e-08 1.368094e-03
11 8.322671e-04 2.843606e-03 8.548940e-08 1.029609e-03
12 7.390504e-04 2.774236e-03 8.547096e-08 9.761342e-04
13 6.166299e-04 2.761255e-03 8.545029e-08 8.147660e-04
14 5.424167e-04 2.284226e-03 8.543853e-08 7.340343e-04
1 1.028179e-01 1.082581e-01 9.689611e-08 1.028280e-01
2 6.716102e-02 6.989385e-02 8.976569e-08 6.716450e-02
3 3.054448e-02 3.301218e-02 8.782824e-08 3.055246e-02
4 1.058575e-03 2.443050e-03 8.773665e-08 1.245490e-03
5 1.596774e-03 3.743972e-03 8.768544e-08 1.907514e-03
6 7.300764e-04 1.811552e-03 8.761388e-08 8.562294e-04
7 1.641573e-03 5.448268e-03 8.759007e-08 2.087869e-03
8 9.672058e-04 2.508189e-03 8.755245e-08 1.140782e-03
9 8.741336e-04 3.460602e-03 8.755170e-08 1.161386e-03
10 7.212338e-04 2.417140e-03 8.751171e-08 8.828307e-04
11 6.016970e-04 2.274180e-03 8.750225e-08 7.792724e-04
12 5.491512e-04 2.571506e-03 8.749799e-08 7.421299e-04
1 1.028679e-01 1.053488e-01 9.911691e-08 1.028696e-01
2 6.713961e-02 6.795512e-02 9.202603e-08 6.713999e-02
3 3.059630e-02 3.143811e-02 9.011357e-08 3.059735e-02
4 1.006968e-03 2.242940e-03 9.004740e-08 1.194859e-03
5 1.472082e-03 3.755259e-03 9.000964e-08 1.750501e-03
6 7.383312e-04 2.116876e-03 8.996188e-08 8.874731e-04
7 1.435346e-03 4.963006e-03 8.994453e-08 1.773309e-03
8 8.840844e-04 1.498384e-03 8.992163e-08 1.025345e-03
9 7.795415e-04 3.006508e-03 8.991517e-08 1.008255e-03
10 5.823491e-04 1.016541e-03 8.989862e-08 6.745614e-04
11 5.736325e-04 2.259161e-03 8.989629e-08 7.473583e-04
12 3.227667e-04 5.954768e-04 8.989151e-08 3.733553e-04
1 1.030178e-01 1.031426e-01 1.017658e-07 1.030189e-01
2 6.759218e-02 6.761485e-02 9.457756e-08 6.759221e-02
3 3.086024e-02 3.086093e-02 9.264062e-08 3.086037e-02
4 1.146822e-03 3.683977e-03 9.259997e-08 1.450217e-03
5 1.169405e-03 1.899228e-03 9.254650e-08 1.365292e-03
6 1.006054e-03 3.763973e-03 9.253599e-08 1.350882e-03
7 9.025121e-04 1.531158e-03 9.249544e-08 1.065201e-03
8 7.398348e-04 2.267024e-03 9.248402e-08 9.646325e-04
9 5.992698e-04 9.958927e-04 9.247420e-08 7.047068e-04
10 4.748193e-04 1.262261e-03 9.247031e-08 5.844927e-04
1 1.029289e-01 1.031053e-01 1.040010e-07 1.029298e-01
2 6.709410e-02 6.718694e-02 9.693819e-08 6.709427e-02
3 3.055535e-02 3.061939e-02 9.505290e-08 3.055570e-02
4 8.744397e-04 1.675675e-03 9.500449e-08 1.030132e-03
5 1.368568e-03 3.058191e-03 9.497762e-08 1.640858e-03
6 5.875650e-04 1.029928e-03 9.494641e-08 6.825724e-04
7 1.210323e-03 3.277937e-03 9.494344e-08 1.504989e-03
8 3.835115e-04 5.540101e-04 9.491884e-08 4.412306e-04
9 7.564500e-04 1.936452e-03 9.491481e-08 9.396193e-04
10 2.714511e-04 3.930671e-04 9.491054e-08 3.119488e-04
1 1.029692e-01 1.030337e-01 1.063852e-07 1.029694e-01
2 6.736696e-02 6.740839e-02 9.924248e-08 6.736698e-02
3 3.061950e-02 3.064114e-02 9.735103e-08 3.061956e-02
4 1.045393e-03 2.963370e-03 9.732264e-08 1.351236e-03
5 9.723654e-04 1.388363e-03 9.728499e-08 1.127107e-03
6 9.333915e-04 3.008450e-03 9.728068e-08 1.281557e-03
7 6.574091e-04 9.720601e-04 9.725285e-08 7.668222e-04
8 6.674185e-04 1.778903e-03 9.724739e-08 8.709401e-04
9 3.858771e-04 5.520688e-04 9.724239e-08 4.471992e-04
1 1.028998e-01 1.029733e-01 1.085276e-07 1.028999e-01
2 6.704836e-02 6.705388e-02 1.014531e-07 6.704837e-02
3 3.036639e-02 3.035046e-02 9.960048e-08 3.036641e-02
4 9.335094e-04 2.487012e-03 9.957283e-08 1.189532e-03
5 9.216522e-04 1.209813e-03 9.954702e-08 1.065868e-03
6 8.068344e-04 2.530904e-03 9.953842e-08 1.085812e-03
7 5.940469e-04 8.130579e-04 9.952271e-08 6.858141e-04
8 5.879094e-04 1.700835e-03 9.951880e-08 7.721892e-04
9 3.231991e-04 4.434250e-04 9.951535e-08 3.717185e-04
1 1.028776e-01 1.033927e-01 1.107262e-07 1.028780e-01
2 6.695623e-02 6.699230e-02 1.036696e-07 6.695623e-02
3 3.023942e-02 3.028245e-02 1.018382e-07 3.023945e-02
4 8.639828e-04 2.293351e-03 1.018139e-07 1.087538e-03
5 8.565985e-04 1.238007e-03 1.017944e-07 9.923901e-04
6 7.206262e-04 2.195426e-03 1.017855e-07 9.477705e-04
7 5.314441e-04 7.248054e-04 1.017759e-07 6.122596e-04
1 1.028326e-01 1.031640e-01 1.128141e-07 1.028328e-01
2 6.643624e-02 6.649634e-02 1.058564e-07 6.643624e-02
3 2.979337e-02 2.985503e-02 1.040881e-07 2.979340e-02
4 7.006145e-04 1.533182e-03 1.040702e-07 8.378075e-04
5 7.966957e-04 1.667440e-03 1.040589e-07 9.499745e-04
6 4.945489e-04 1.080134e-03 1.040521e-07 5.888303e-04
1 1.028143e-01 1.028871e-01 1.149870e-07 1.028143e-01
2 6.612443e-02 6.615614e-02 1.080800e-07 6.612443e-02
3 2.945122e-02 2.946617e-02 1.063604e-07 2.945124e-02
4 5.763549e-04 1.196704e-03 1.063500e-07 6.822684e-04
5 6.240598e-04 1.543482e-03 1.063442e-07 7.623588e-04
6 3.640684e-04 7.052726e-04 1.063410e-07 4.264531e-04
1 1.028152e-01 1.028152e-01 1.172491e-07 1.028152e-01
2 6.607728e-02 6.608020e-02 1.103385e-07 6.607728e-02
3 2.927745e-02 2.927272e-02 1.086437e-07 2.927746e-02
4 4.885767e-04 1.029494e-03 1.086373e-07 5.782918e-04
5 4.866394e-04 1.212227e-03 1.086340e-07 5.933109e-04
6 2.842961e-04 5.643600e-04 1.086324e-07 3.335133e-04
1 1.503879e-02 2.749381e-02 3.405018e-07 1.700752e-02
2 1.459788e-03 2.388272e-03 3.089594e-07 1.596681e-03
3 5.330975e-03 1.134706e-02 2.981428e-07 6.276773e-03
4 1.534271e-03 2.875612e-03 2.794618e-07 1.788415e-03
5 3.984568e-03 7.705454e-03 2.717258e-07 4.608074e-03
6 1.570056e-03 3.649638e-03 2.611092e-07 2.061382e-03
7 2.561673e-03 4.070059e-03 2.532888e-07 2.900390e-03
8 1.843902e-03 3.310294e-03 2.464267e-07 2.176757e-03
9 2.385250e-03 4.505776e-03 2.409837e-07 2.657763e-03
10 2.462254e-03 3.902544e-03 2.365194e-07 2.672444e-03
11 2.323471e-03 4.094615e-03 2.323495e-07 2.520586e-03
12 2.917542e-03 4.114410e-03 2.293035e-07 3.124835e-03
13 2.090883e-03 3.582672e-03 2.257540e-07 2.228285e-03
14 3.573340e-03 5.304471e-03 2.255205e-07 3.893941e-03
15 1.717469e-03 2.936644e-03 2.204479e-07 1.816954e-03
16 5.011708e-03 8.505936e-03 2.197714e-07 5.715159e-03
17 1.807499e-03 2.876870e-03 2.169933e-07 1.895788e-03
18 4.070685e-03 6.696110e-03 2.161181e-07 4.702430e-03
19 1.916773e-03 2.840466e-03 2.142863e-07 2.031821e-03
20 3.222943e-03 5.025806e-03 2.134693e-07 3.693797e-03
21 2.045580e-03 3.337815e-03 2.121524e-07 2.238804e-03
22 2.422470e-03 3.721432e-03 2.112397e-07 2.716151e-03
23 1.770047e-03 2.902139e-03 2.100356e-07 1.959756e-03
24 3.246639e-03 5.050479e-03 2.095101e-07 3.605114e-03
25 1.901448e-03 3.336650e-03 2.086632e-07 2.142252e-03
26 2.403251e-03 3.836401e-03 2.081237e-07 2.641593e-03
27 1.574842e-03 2.561158e-03 2.073136e-07 1.754602e-03
28 3.153503e-03 5.196583e-03 2.069743e-07 3.482503e-03
29 1.732961e-03 2.975710e-03 2.064369e-07 1.938394e-03
30 2.226110e-03 3.618308e-03 2.061112e-07 2.436232e-03
31 1.357638e-03 2.122468e-03 2.055979e-07 1.495999e-03
32 2.749334e-03 4.632405e-03 2.054415e-07 3.042237e-03
33 9.083683e-04 1.498044e-03 2.050743e-07 1.046001e-03
34 1.587431e-03 4.295037e-03 2.050147e-07 2.106076e-03
35 7.369357e-04 1.104631e-03 2.046888e-07 7.990098e-04
36 1.655896e-03 4.309410e-03 2.046033e-07 2.140393e-03
37 8.448898e-04 1.452815e-03 2.044721e-07 9.535230e-04
38 9.966739e-04 2.076502e-03 2.043652e-07 1.180335e-03
39 7.107830e-04 1.048934e-03 2.042676e-07 7.813939e-04
40 9.022065e-04 1.903984e-03 2.041943e-07 1.070376e-03
41 5.858165e-04 8.897009e-04 2.041296e-07 6.502433e-04
42 7.152296e-04 1.393033e-03 2.040744e-07 8.288699e-04
43 5.135735e-04 6.939799e-04 2.040290e-07 5.582703e-04
1 2.270003e-02 8.927610e-02 1.048244e-03 2.817537e-02
2 1.263611e-02 2.327181e-02 9.926872e-04 1.396620e-02
3 9.359735e-03 2.264158e-02 9.598968e-04 1.096719e-02
4 8.957178e-03 2.226149e-02 7.421307e-04 1.053013e-02
5 7.877723e-03 1.955197e-02 6.063196e-06 9.153759e-03
6 6.560784e-03 1.309994e-02 3.425056e-06 7.413080e-03
7 1.282892e-03 2.843268e-03 1.764209e-06 1.445876e-03
8 5.367920e-03 1.140362e-02 1.222661e-06 6.268418e-03
9 1.683969e-03 2.714815e-03 7.106829e-07 1.814440e-03
10 4.411040e-03 5.709144e-03 5.699485e-07 4.495950e-03
11 1.712301e-03 2.961683e-03 3.705516e-07 1.895608e-03
12 6.349580e-03 1.470217e-02 3.297908e-07 7.025163e-03
13 1.857519e-03 2.909267e-03 2.667698e-07 1.981978e-03
14 5.053229e-03 1.230914e-02 2.514616e-07 5.908352e-03
15 1.988504e-03 2.682446e-03 2.296253e-07 2.042867e-03
16 4.283316e-03 1.025429e-02 2.231636e-07 5.112913e-03
17 2.095433e-03 2.626955e-03 2.149274e-07 2.133048e-03
18 3.300211e-03 7.219727e-03 2.122497e-07 3.788835e-03
19 1.596073e-03 2.084849e-03 2.073779e-07 1.645284e-03
20 3.982626e-03 9.037308e-03 2.062181e-07 4.790659e-03
21 1.805364e-03 2.142227e-03 2.046670e-07 1.841430e-03
22 2.734855e-03 5.309536e-03 2.040671e-07 3.042932e-03
23 1.382395e-03 1.716573e-03 2.030752e-07 1.424238e-03
24 2.817267e-03 5.158600e-03 2.030127e-07 3.112978e-03
25 1.085404e-03 1.422811e-03 2.022739e-07 1.125112e-03
26 2.413532e-03 3.708583e-03 2.021646e-07 2.582981e-03
27 9.672090e-04 1.260726e-03 2.018468e-07 1.002124e-03
28 1.688224e-03 2.258831e-03 2.017307e-07 1.801797e-03
29 8.688579e-04 1.089278e-03 2.015984e-07 8.989739e-04
30 1.108350e-03 1.482236e-03 2.015165e-07 1.196093e-03
31 7.540482e-04 8.882308e-04 2.014405e-07 7.810670e-04
32 7.634564e-04 8.304979e-04 2.013823e-07 8.032819e-04
33 6.215369e-04 7.324903e-04 2.013337e-07 6.476276e-04
1 2.532895e-02 8.935747e-02 2.209479e-03 2.945439e-02
2 1.621954e-02 3.388006e-02 1.282849e-03 1.917504e-02
3 1.251216e-02 2.578213e-02 8.820544e-04 1.381182e-02
4 1.020394e-02 2.135089e-02 5.972875e-06 1.107169e-02
5 6.271480e-03 1.092358e-02 3.333968e-06 6.981218e-03
6 8.390905e-04 1.461090e-03 1.743448e-06 9.676193e-04
7 6.355237e-03 1.164002e-02 1.244092e-06 6.844357e-03
8 1.043224e-03 1.925914e-03 7.017576e-07 1.079664e-03
9 3.368867e-03 5.261764e-03 5.522594e-07 3.514208e-03
10 1.020669e-03 1.394400e-03 3.628936e-07 1.032170e-03
11 4.602454e-03 1.353994e-02 3.185160e-07 5.422641e-03
12 1.267303e-03 1.958588e-03 2.600479e-07 1.293411e-03
13 3.259496e-03 1.151881e-02 2.441543e-07 4.475978e-03
14 1.595323e-03 2.475018e-03 2.224124e-07 1.669116e-03
15 2.755038e-03 8.803429e-03 2.222754e-07 3.727306e-03
16 1.407852e-03 1.702518e-03 2.038407e-07 1.455939e-03
17 3.545872e-03 1.057186e-02 2.014582e-07 4.955940e-03
18 1.570693e-03 2.146921e-03 1.976066e-07 1.636608e-03
19 2.658925e-03 6.683159e-03 1.963422e-07 3.355081e-03
20 1.798374e-03 2.818398e-03 1.948270e-07 1.912297e-03
21 1.807717e-03 3.639738e-03 1.938943e-07 2.039237e-03
22 1.538795e-03 2.142575e-03 1.931874e-07 1.621843e-03
23 1.667648e-03 3.305216e-03 1.927594e-07 1.897013e-03
24 1.280384e-03 1.555831e-03 1.923878e-07 1.350217e-03
25 1.430952e-03 2.601130e-03 1.921602e-07 1.600027e-03
26 1.069567e-03 1.365144e-03 1.919740e-07 1.135922e-03
27 1.097928e-03 1.661929e-03 1.918481e-07 1.181802e-03
28 8.880518e-04 1.154346e-03 1.917560e-07 9.485944e-04
29 7.914702e-04 9.570546e-04 1.916890e-07 8.381756e-04
30 6.854571e-04 8.950705e-04 1.916402e-07 7.350644e-04
1 3.235946e-02 8.936906e-02 3.319062e-03 3.419263e-02
2 2.945725e-02 4.155247e-02 8.520544e-04 2.991782e-02
3 9.921630e-03 2.098156e-02 2.389829e-04 1.057530e-02
4 4.474775e-03 1.100839e-02 7.995718e-06 4.627137e-03
5 2.719997e-03 3.988606e-03 3.608764e-06 2.833561e-03
6 2.249683e-03 4.253136e-03 2.155743e-06 2.507896e-03
7 2.971863e-03 4.010909e-03 1.267510e-06 3.121966e-03
8 1.277651e-03 3.074550e-03 8.915084e-07 1.626644e-03
9 1.397519e-03 2.060454e-03 5.471741e-07 1.534878e-03
10 3.478258e-03 6.702318e-03 4.347472e-07 3.605923e-03
11 9.719049e-04 2.551992e-03 3.305028e-07 1.037958e-03
12 2.669830e-03 5.856431e-03 2.828409e-07 2.822559e-03
13 1.047913e-03 1.727809e-03 2.396387e-07 1.095209e-03
14 3.170267e-03 9.643725e-03 2.282459e-07 4.015499e-03
15 1.366975e-03 2.250038e-03 2.140627e-07 1.482127e-03
16 2.244861e-03 6.441733e-03 2.110149e-07 2.931774e-03
17 1.202438e-03 1.465000e-03 2.022719e-07 1.298643e-03
18 2.447490e-03 6.689534e-03 2.005000e-07 3.378799e-03
19 1.394398e-03 2.147170e-03 1.984722e-07 1.521490e-03
20 1.631361e-03 3.496028e-03 1.973992e-07 1.963290e-03
21 1.176292e-03 1.529479e-03 1.965189e-07 1.267209e-03
22 1.436500e-03 2.903331e-03 1.960768e-07 1.733286e-03
23 9.951267e-04 1.193014e-03 1.956977e-07 1.076876e-03
24 1.079394e-03 1.864449e-03 1.954888e-07 1.243132e-03
25 8.429876e-04 1.072013e-03 1.953466e-07 9.206570e-04
26 7.288884e-04 9.864538e-04 1.952539e-07 7.991550e-04
27 6.473345e-04 8.681689e-04 1.951916e-07 7.125418e-04
1 5.717240e-02 8.950084e-02 7.449666e-03 5.758286e-02
2 5.158156e-02 6.230939e-02 3.470358e-03 5.172671e-02
3 2.172929e-02 4.249767e-02 2.952579e-03 2.256091e-02
4 1.909751e-02 3.919137e-02 1.915756e-03 1.995487e-02
5 1.450997e-02 3.154681e-02 1.486877e-03 1.514908e-02
6 1.325272e-02 2.777704e-02 1.114521e-03 1.355138e-02
7 1.060998e-02 2.403020e-02 2.711187e-04 1.092139e-02
8 5.074802e-03 1.175425e-02 5.199396e-06 5.151058e-03
9 2.853173e-03 3.936249e-03 2.908454e-06 2.990043e-03
10 2.564506e-03 3.809792e-03 1.645166e-06 2.614825e-03
11 2.277283e-03 3.061188e-03 1.113608e-06 2.561153e-03
12 1.055144e-03 1.680219e-03 6.763225e-07 1.147404e-03
13 5.531714e-03 6.127743e-03 6.080832e-07 5.605348e-03
14 1.283348e-03 1.529677e-03 3.418075e-07 1.299344e-03
15 8.024925e-03 1.027395e-02 2.988453e-07 8.144231e-03
16 1.344865e-03 1.640111e-03 2.491041e-07 1.351144e-03
17 3.960412e-03 6.370413e-03 2.426462e-07 4.073129e-03
18 1.139125e-03 1.174110e-03 2.154619e-07 1.178635e-03
19 3.213919e-03 5.504883e-03 2.145734e-07 3.434978e-03
20 1.072072e-03 1.142649e-03 2.059836e-07 1.148544e-03
21 2.086732e-03 3.090451e-03 2.044323e-07 2.207473e-03
22 1.155925e-03 1.286086e-03 2.032888e-07 1.218200e-03
23 1.217732e-03 1.498016e-03 2.027066e-07 1.256681e-03
24 1.033923e-03 1.188255e-03 2.023546e-07 1.090458e-03
25 7.836741e-04 8.059816e-04 2.021285e-07 8.047950e-04
26 7.453715e-04 9.175690e-04 2.019826e-07 7.943999e-04
27 5.535012e-04 5.291363e-04 2.018863e-07 5.747551e-04
1 8.677854e-03 1.069682e-02 2.084195e-07 9.118351e-03
2 3.562862e-03 5.134702e-03 2.056438e-07 3.849638e-03
3 6.275471e-03 8.037809e-03 2.044969e-07 6.634022e-03
4 3.512804e-03 4.955565e-03 2.033865e-07 3.788997e-03
5 4.482459e-03 5.744603e-03 2.026513e-07 4.737548e-03
6 3.112087e-03 4.260949e-03 2.020666e-07 3.335917e-03
7 3.299389e-03 4.241951e-03 2.016297e-07 3.488211e-03
8 2.567357e-03 3.419046e-03 2.012978e-07 2.735785e-03
9 2.414456e-03 3.115368e-03 2.010475e-07 2.555065e-03
10 1.993399e-03 2.606073e-03 2.008603e-07 2.116903e-03
11 1.740822e-03 2.251424e-03 2.007208e-07 1.845033e-03
12 1.459958e-03 1.893645e-03 2.006173e-07 1.549785e-03
13 1.231809e-03 1.594555e-03 2.005406e-07 1.308309e-03
14 1.030029e-03 1.333118e-03 2.004839e-07 1.095315e-03
15 8.606857e-04 1.112271e-03 2.004420e-07 9.161697e-04
16 7.184949e-04 9.262993e-04 2.004110e-07 7.655261e-04
17 6.012345e-04 7.718234e-04 2.003881e-07 6.409252e-04
1 5.316043e-02 5.730796e-02 2.002286e-07 5.348222e-02
2 3.838038e-02 3.898497e-02 1.936741e-07 3.838637e-02
3 2.161166e-02 2.213634e-02 1.879737e-07 2.162136e-02
4 6.254747e-03 6.136700e-03 1.829805e-07 6.266022e-03
5 2.042393e-03 4.773344e-03 1.786615e-07 2.723624e-03
6 2.604953e-03 6.102747e-03 1.748607e-07 3.425268e-03
7 1.648315e-03 4.262669e-03 1.713199e-07 2.141515e-03
8 2.805827e-03 6.490080e-03 1.683475e-07 3.621956e-03
9 1.202339e-03 3.777189e-03 1.652322e-07 1.552260e-03
10 2.943301e-03 6.581755e-03 1.629022e-07 3.737738e-03
11 9.001810e-04 3.581984e-03 1.601054e-07 1.167285e-03
12 2.318690e-03 5.463121e-03 1.578625e-07 2.939303e-03
13 8.149708e-04 3.861312e-03 1.558121e-07 1.090828e-03
14 1.294866e-03 3.783908e-03 1.536123e-07 1.703632e-03
15 8.100795e-04 4.615800e-03 1.525651e-07 1.153081e-03
16 7.815831e-04 2.621297e-03 1.498874e-07 1.077974e-03
17 7.703211e-04 5.754866e-03 1.487589e-07 1.181821e-03
18 6.981244e-04 3.166523e-03 1.470854e-07 9.669401e-04
19 6.664309e-04 3.845387e-03 1.458420e-07 9.380723e-04
20 6.131884e-04 2.596800e-03 1.441681e-07 8.179093e-04
1 4.753809e-02 5.320785e-02 1.471239e-07 4.809530e-02
2 3.105965e-02 3.129417e-02 1.435512e-07 3.106261e-02
3 1.392311e-02 1.422931e-02 1.408366e-07 1.393616e-02
4 3.187320e-03 5.452937e-03 1.386537e-07 3.760899e-03
5 2.568123e-03 5.301614e-03 1.366655e-07 2.975266e-03
6 3.070642e-03 5.266594e-03 1.347700e-07 3.608283e-03
7 2.276487e-03 5.130368e-03 1.332131e-07 2.604460e-03
8 2.865108e-03 4.965364e-03 1.314107e-07 3.358046e-03
9 2.096612e-03 5.602429e-03 1.310427e-07 2.386579e-03
10 2.456602e-03 4.409405e-03 1.283645e-07 2.882175e-03
11 2.068607e-03 6.640799e-03 1.276187e-07 2.376315e-03
12 2.149114e-03 3.622591e-03 1.262295e-07 2.421941e-03
13 1.741571e-03 4.771714e-03 1.257672e-07 2.066252e-03
14 2.004028e-03 3.244601e-03 1.239678e-07 2.223166e-03
15 1.527011e-03 5.500374e-03 1.233777e-07 1.888451e-03
16 1.684281e-03 3.007134e-03 1.223646e-07 1.921463e-03
17 1.542633e-03 3.785319e-03 1.217907e-07 1.751203e-03
18 1.437270e-03 2.542263e-03 1.206807e-07 1.624085e-03
19 1.463730e-03 4.395300e-03 1.202222e-07 1.694912e-03
20 1.469208e-03 2.559013e-03 1.194900e-07 1.633412e-03
21 1.179083e-03 2.933944e-03 1.189233e-07 1.358455e-03
22 1.292447e-03 2.038879e-03 1.182411e-07 1.424443e-03
23 1.090322e-03 3.256870e-03 1.180110e-07 1.296366e-03
24 1.133650e-03 1.755687e-03 1.171339e-07 1.243827e-03
25 1.049043e-03 4.112566e-03 1.168374e-07 1.352546e-03
26 1.010147e-03 1.872384e-03 1.163480e-07 1.131233e-03
27 9.435531e-04 2.662343e-03 1.160519e-07 1.109933e-03
28 8.553635e-04 1.418527e-03 1.155369e-07 9.532712e-04
29 9.069895e-04 3.894477e-03 1.153084e-07 1.167325e-03
30 8.453001e-04 1.983973e-03 1.149609e-07 9.728290e-04
31 7.416118e-04 2.520966e-03 1.146719e-07 8.979992e-04
32 7.105647e-04 1.907314e-03 1.143655e-07 8.320962e-04
1 4.619271e-02 5.146354e-02 1.220753e-07 4.679195e-02
2 3.012961e-02 3.063018e-02 1.195592e-07 3.014303e-02
3 1.287082e-02 1.348492e-02 1.181534e-07 1.292758e-02
4 2.666207e-03 3.783277e-03 1.171356e-07 2.881418e-03
5 2.676460e-03 3.774543e-03 1.162497e-07 2.886459e-03
6 2.400906e-03 3.421154e-03 1.153986e-07 2.587193e-03
7 2.487312e-03 3.495090e-03 1.147306e-07 2.687877e-03
8 2.096818e-03 2.989749e-03 1.139662e-07 2.256454e-03
9 2.389653e-03 3.721280e-03 1.137413e-07 2.596698e-03
10 1.807501e-03 2.628303e-03 1.127541e-07 1.953916e-03
11 2.343308e-03 4.641232e-03 1.124295e-07 2.570297e-03
12 1.989405e-03 2.864940e-03 1.119210e-07 2.148099e-03
13 1.664228e-03 2.963463e-03 1.116964e-07 1.797611e-03
14 1.800830e-03 2.841971e-03 1.111228e-07 1.954688e-03
15 1.599081e-03 3.701929e-03 1.109302e-07 1.764836e-03
16 1.695259e-03 2.782190e-03 1.106213e-07 1.834090e-03
17 1.335207e-03 2.359048e-03 1.104162e-07 1.447488e-03
18 1.672619e-03 3.160900e-03 1.101488e-07 1.852027e-03
19 1.169779e-03 2.889647e-03 1.101137e-07 1.317718e-03
20 1.808931e-03 3.917410e-03 1.098555e-07 2.086179e-03
21 1.013871e-03 3.226352e-03 1.098281e-07 1.241139e-03
22 1.845569e-03 4.216088e-03 1.096195e-07 2.171313e-03
23 8.519442e-04 3.010102e-03 1.094530e-07 1.081079e-03
24 1.540473e-03 3.393427e-03 1.093175e-07 1.780111e-03
25 6.581712e-04 1.933312e-03 1.092180e-07 7.886668e-04
26 1.141945e-03 2.386190e-03 1.091705e-07 1.292775e-03
27 4.940520e-04 8.797462e-04 1.091340e-07 5.418357e-04
28 7.873402e-04 1.565914e-03 1.091167e-07 8.781521e-04
29 4.134527e-04 6.361575e-04 1.091045e-07 4.507527e-04
1 4.722539e-02 5.253812e-02 1.178169e-07 4.795159e-02
2 2.974884e-02 3.004985e-02 1.149738e-07 2.975117e-02
3 1.191681e-02 1.231256e-02 1.141164e-07 1.193525e-02
4 3.938612e-03 1.078406e-02 1.138842e-07 4.583312e-03
5 2.376140e-03 3.591760e-03 1.134421e-07 2.576932e-03
6 2.777243e-03 8.845561e-03 1.132496e-07 3.275650e-03
7 2.239870e-03 3.271309e-03 1.129115e-07 2.434192e-03
8 2.226518e-03 6.546383e-03 1.128907e-07 2.555828e-03
9 2.174452e-03 3.704526e-03 1.124293e-07 2.372754e-03
10 2.017789e-03 6.045958e-03 1.123908e-07 2.427711e-03
11 2.517117e-03 5.132497e-03 1.123695e-07 2.831085e-03
12 9.158614e-04 1.583091e-03 1.118369e-07 1.053310e-03
13 3.144850e-03 6.703639e-03 1.117838e-07 3.587640e-03
14 8.964039e-04 1.295950e-03 1.116416e-07 9.753062e-04
15 1.923805e-03 4.142678e-03 1.115860e-07 2.202765e-03
16 1.031317e-03 1.716396e-03 1.115203e-07 1.117142e-03
17 1.037244e-03 2.175768e-03 1.114744e-07 1.176284e-03
18 7.236045e-04 1.284128e-03 1.114321e-07 7.900847e-04
19 9.457443e-04 2.073976e-03 1.114077e-07 1.091903e-03
20 4.809470e-04 8.948040e-04 1.113819e-07 5.294419e-04
21 7.738009e-04 1.710522e-03 1.113692e-07 8.971181e-04
22 3.448725e-04 6.578135e-04 1.113575e-07 3.813539e-04
1 4.831604e-02 5.140500e-02 1.187680e-07 4.849801e-02
2 3.027024e-02 3.042635e-02 1.155248e-07 3.027063e-02
3 1.258233e-02 1.267953e-02 1.146918e-07 1.258400e-02
4 3.852419e-03 1.585733e-02 1.145755e-07 5.498569e-03
5 2.501706e-03 6.468640e-03 1.143560e-07 3.098070e-03
6 1.799565e-03 5.221145e-03 1.141630e-07 2.126744e-03
7 2.359451e-03 5.977905e-03 1.140264e-07 2.947646e-03
8 1.439272e-03 4.418257e-03 1.139062e-07 1.702918e-03
9 1.889713e-03 4.695055e-03 1.138013e-07 2.353445e-03
10 1.235455e-03 3.898039e-03 1.137490e-07 1.481290e-03
11 1.215006e-03 2.916418e-03 1.136780e-07 1.479507e-03
12 1.122951e-03 3.472390e-03 1.136557e-07 1.350368e-03
13 7.231715e-04 1.575806e-03 1.136234e-07 8.447018e-04
14 8.489967e-04 2.319825e-03 1.136111e-07 9.971651e-04
15 4.503178e-04 8.055101e-04 1.136023e-07 5.001762e-04
1 4.827121e-02 4.859066e-02 1.190447e-07 4.831787e-02
2 3.039193e-02 3.044818e-02 1.158621e-07 3.039201e-02
3 1.280060e-02 1.267320e-02 1.150478e-07 1.280271e-02
4 3.286740e-03 1.743881e-02 1.149452e-07 5.484022e-03
5 2.246817e-03 6.698579e-03 1.147667e-07 3.070593e-03
6 1.574612e-03 5.370165e-03 1.146075e-07 2.003079e-03
7 2.124891e-03 6.190906e-03 1.145063e-07 2.914091e-03
8 1.150991e-03 4.478487e-03 1.144143e-07 1.470954e-03
9 1.716950e-03 4.798813e-03 1.143371e-07 2.300377e-03
10 8.660037e-04 3.845541e-03 1.143064e-07 1.156865e-03
11 1.060756e-03 2.781020e-03 1.142552e-07 1.345808e-03
12 7.119494e-04 3.343639e-03 1.142486e-07 1.005686e-03
13 5.608128e-04 1.358908e-03 1.142256e-07 6.791198e-04
14 5.075330e-04 2.323909e-03 1.142220e-07 7.325660e-04
15 2.790086e-04 5.900715e-04 1.142163e-07 3.262165e-04
1 4.808586e-02 4.912478e-02 1.204414e-07 4.836618e-02
2 3.083446e-02 3.117273e-02 1.175731e-07 3.083524e-02
3 1.315276e-02 1.358843e-02 1.168032e-07 1.316212e-02
4 3.255201e-03 1.625563e-02 1.167022e-07 5.353876e-03
5 2.337045e-03 6.573834e-03 1.165346e-07 3.146421e-03
6 1.503547e-03 4.628775e-03 1.163693e-07 1.866617e-03
7 2.309633e-03 6.436985e-03 1.162963e-07 3.128712e-03
8 1.008167e-03 3.467920e-03 1.161772e-07 1.238350e-03
9 1.886622e-03 5.060811e-03 1.161263e-07 2.478798e-03
10 7.103138e-04 2.775854e-03 1.160792e-07 9.032456e-04
11 1.077680e-03 2.730901e-03 1.160453e-07 1.337085e-03
12 6.055216e-04 2.463059e-03 1.160347e-07 8.094681e-04
13 5.328191e-04 1.299851e-03 1.160187e-07 6.445459e-04
14 4.681453e-04 1.899554e-03 1.160157e-07 6.634377e-04
1 4.651108e-02 4.873540e-02 1.212196e-07 4.668730e-02
2 3.033475e-02 3.150304e-02 1.194134e-07 3.033808e-02
3 1.284471e-02 1.428875e-02 1.188515e-07 1.288181e-02
4 2.103361e-03 5.191033e-03 1.186469e-07 2.694557e-03
5 1.949652e-03 5.909873e-03 1.185177e-07 2.460934e-03
6 1.839203e-03 4.163899e-03 1.183635e-07 2.330304e-03
7 1.637151e-03 6.240512e-03 1.183027e-07 2.200770e-03
8 1.531527e-03 3.395130e-03 1.182213e-07 1.837627e-03
9 1.312457e-03 4.319554e-03 1.181839e-07 1.731805e-03
10 1.092725e-03 2.153067e-03 1.181275e-07 1.273283e-03
11 1.071690e-03 4.109299e-03 1.181107e-07 1.501915e-03
12 8.421812e-04 2.058018e-03 1.180912e-07 1.023546e-03
13 6.543739e-04 2.021649e-03 1.180808e-07 8.356162e-04
14 4.538954e-04 1.087647e-03 1.180731e-07 5.426523e-04
15 4.130451e-04 1.396126e-03 1.180703e-07 5.586750e-04
1 4.634404e-02 5.217949e-02 1.228990e-07 4.665679e-02
2 3.037670e-02 3.135707e-02 1.210983e-07 3.037875e-02
3 1.286155e-02 1.429076e-02 1.205517e-07 1.289071e-02
4 2.155073e-03 5.075088e-03 1.203709e-07 2.761727e-03
5 1.813839e-03 4.705649e-03 1.202337e-07 2.184888e-03
6 1.958953e-03 4.504760e-03 1.201204e-07 2.524195e-03
7 1.428558e-03 4.345585e-03 1.200723e-07 1.751745e-03
8 1.535944e-03 3.311138e-03 1.199667e-07 1.942622e-03
9 1.161808e-03 3.890973e-03 1.199370e-07 1.482899e-03
10 1.017604e-03 2.039332e-03 1.199044e-07 1.180465e-03
11 9.473057e-04 2.610751e-03 1.198869e-07 1.196323e-03
12 6.483801e-04 1.218655e-03 1.198727e-07 7.346628e-04
13 6.323975e-04 1.796390e-03 1.198678e-07 8.055771e-04
14 3.391506e-04 5.575622e-04 1.198629e-07 3.771580e-04
1 4.632710e-02 5.460546e-02 1.250656e-07 4.670721e-02
2 3.027405e-02 3.049501e-02 1.229746e-07 3.027455e-02
3 1.292375e-02 1.319509e-02 1.223907e-07 1.293109e-02
4 2.578905e-03 9.689150e-03 1.223238e-07 3.932015e-03
5 1.833161e-03 3.060331e-03 1.221403e-07 2.166626e-03
6 2.064382e-03 7.099991e-03 1.220861e-07 2.965627e-03
7 1.661789e-03 2.814205e-03 1.219896e-07 1.952235e-03
8 1.523697e-03 4.621697e-03 1.219753e-07 2.067383e-03
9 1.239748e-03 1.646888e-03 1.218855e-07 1.389461e-03
10 1.152212e-03 3.467672e-03 1.218701e-07 1.533437e-03
11 8.396407e-04 1.019817e-03 1.218429e-07 9.185377e-04
12 6.176523e-04 8.960765e-04 1.218338e-07 6.924826e-04
13 5.169961e-04 6.905867e-04 1.218284e-07 5.642510e-04
1 4.681522e-02 4.559256e-02 1.268714e-07 4.689451e-02
2 3.030034e-02 3.037522e-02 1.248240e-07 3.030048e-02
3 1.294983e-02 1.294083e-02 1.242632e-07 1.295285e-02
4 2.529577e-03 9.109514e-03 1.242062e-07 3.943619e-03
5 1.751608e-03 2.717024e-03 1.240467e-07 2.062980e-03
6 1.945119e-03 6.595129e-03 1.239997e-07 2.836894e-03
7 1.564211e-03 2.518493e-03 1.239213e-07 1.833671e-03
8 1.403540e-03 4.147508e-03 1.238959e-07 1.890433e-03
9 1.141636e-03 1.483667e-03 1.238389e-07 1.275208e-03
10 9.749162e-04 2.443938e-03 1.238201e-07 1.231404e-03
11 7.571611e-04 8.686770e-04 1.238066e-07 8.269505e-04
12 5.289716e-04 6.182133e-04 1.237994e-07 5.779179e-04
13 4.475865e-04 5.712284e-04 1.237953e-07 4.890134e-04
1 4.699488e-02 4.639573e-02 1.286761e-07 4.703162e-02
2 3.035034e-02 3.034426e-02 1.266171e-07 3.035035e-02
3 1.290582e-02 1.278548e-02 1.260717e-07 1.290629e-02
4 2.543715e-03 9.638414e-03 1.260225e-07 3.989184e-03
5 1.668993e-03 2.707810e-03 1.258787e-07 1.958130e-03
6 1.886142e-03 6.718784e-03 1.258376e-07 2.762891e-03
7 1.479963e-03 2.507446e-03 1.257714e-07 1.731841e-03
8 1.310100e-03 4.020563e-03 1.257462e-07 1.758620e-03
9 1.044869e-03 1.416127e-03 1.257043e-07 1.165648e-03
10 8.723850e-04 2.150291e-03 1.256893e-07 1.083279e-03
11 6.617243e-04 8.086489e-04 1.256794e-07 7.230795e-04
12 4.558714e-04 5.529589e-04 1.256740e-07 4.964417e-04
13 3.767883e-04 5.232134e-04 1.256709e-07 4.137702e-04
1 4.697840e-02 4.678429e-02 1.303389e-07 4.699786e-02
2 3.027523e-02 3.031318e-02 1.283004e-07 3.027530e-02
3 1.277137e-02 1.272033e-02 1.277758e-07 1.277148e-02
4 2.520574e-03 9.784923e-03 1.277292e-07 3.893812e-03
5 1.607205e-03 2.743335e-03 1.276006e-07 1.881085e-03
6 1.831275e-03 6.655200e-03 1.275631e-07 2.645569e-03
7 1.413980e-03 2.535108e-03 1.275055e-07 1.652497e-03
8 1.245530e-03 3.877968e-03 1.274814e-07 1.648532e-03
9 9.677690e-04 1.388217e-03 1.274482e-07 1.079613e-03
10 8.213127e-04 2.095429e-03 1.274359e-07 1.009410e-03
11 5.904343e-04 7.750231e-04 1.274279e-07 6.460044e-04
12 4.128737e-04 5.491682e-04 1.274237e-07 4.508958e-04
13 3.256645e-04 4.852418e-04 1.274214e-07 3.584526e-04
1 4.674830e-02 4.677542e-02 1.318203e-07 4.675992e-02
2 3.005347e-02 3.008358e-02 1.298747e-07 3.005352e-02
3 1.254266e-02 1.247328e-02 1.293858e-07 1.254283e-02
4 2.342396e-03 9.512824e-03 1.293358e-07 3.589466e-03
5 1.573163e-03 2.919044e-03 1.292273e-07 1.855744e-03
6 1.697772e-03 6.345544e-03 1.291919e-07 2.418572e-03
7 1.371251e-03 2.705172e-03 1.291422e-07 1.616128e-03
8 1.160152e-03 3.640587e-03 1.291171e-07 1.511265e-03
9 9.244068e-04 1.486381e-03 1.290922e-07 1.038634e-03
10 7.760753e-04 2.151681e-03 1.290818e-07 9.565991e-04
11 5.439057e-04 7.368254e-04 1.290752e-07 5.963718e-04
12 3.821580e-04 5.335320e-04 1.290719e-07 4.185703e-04
1 4.615347e-02 4.551946e-02 1.331016e-07 4.617527e-02
2 2.957507e-02 2.959561e-02 1.313585e-07 2.957510e-02
3 1.218784e-02 1.207648e-02 1.309263e-07 1.218839e-02
4 1.937175e-03 8.016288e-03 1.308711e-07 2.883576e-03
5 1.584876e-03 3.356064e-03 1.307878e-07 1.908233e-03
6 1.460710e-03 5.259285e-03 1.307624e-07 1.984121e-03
7 1.143662e-03 1.997896e-03 1.306982e-07 1.306833e-03
8 1.130091e-03 4.057528e-03 1.306881e-07 1.540839e-03
9 7.195816e-04 9.862543e-04 1.306643e-07 7.914175e-04
10 5.735862e-04 1.125645e-03 1.306580e-07 6.505233e-04
11 4.150073e-04 6.170620e-04 1.306545e-07 4.535739e-04
1 4.588986e-02 4.629222e-02 1.345467e-07 4.596518e-02
2 2.934860e-02 2.934862e-02 1.328594e-07 2.934861e-02
3 1.191825e-02 1.178039e-02 1.324579e-07 1.191917e-02
4 1.836501e-03 7.745333e-03 1.324081e-07 2.713141e-03
5 1.524800e-03 3.379563e-03 1.323373e-07 1.837851e-03
6 1.359618e-03 4.909291e-03 1.323075e-07 1.822971e-03
7 1.080989e-03 1.976726e-03 1.322617e-07 1.235732e-03
8 1.021233e-03 3.663988e-03 1.322502e-07 1.366088e-03
9 6.607137e-04 9.327698e-04 1.322343e-07 7.262715e-04
10 5.114969e-04 9.721372e-04 1.322292e-07 5.734040e-04
11 3.663727e-04 5.738151e-04 1.322265e-07 4.004404e-04
1 4.576314e-02 4.830583e-02 1.360737e-07 4.586759e-02
2 2.920415e-02 2.917393e-02 1.344171e-07 2.920417e-02
3 1.169275e-02 1.154039e-02 1.340390e-07 1.169440e-02
4 1.763223e-03 7.537569e-03 1.339943e-07 2.597947e-03
5 1.464214e-03 3.356488e-03 1.339330e-07 1.766473e-03
6 1.275617e-03 4.592242e-03 1.339035e-07 1.693454e-03
7 1.016493e-03 1.925694e-03 1.338689e-07 1.162679e-03
8 9.278895e-04 3.296754e-03 1.338577e-07 1.219079e-03
9 6.019448e-04 8.682305e-04 1.338466e-07 6.616491e-04
10 4.550439e-04 8.260498e-04 1.338426e-07 5.062438e-04
11 3.217633e-04 5.295698e-04 1.338405e-07 3.523219e-04
1 4.566459e-02 4.890243e-02 1.376684e-07 4.576962e-02
2 2.903497e-02 2.903815e-02 1.360466e-07 2.903501e-02
3 1.146883e-02 1.140837e-02 1.356904e-07 1.147103e-02
4 1.680107e-03 7.183522e-03 1.356499e-07 2.451542e-03
5 1.413306e-03 3.361925e-03 1.355963e-07 1.709282e-03
6 1.196150e-03 4.229813e-03 1.355678e-07 1.566390e-03
7 9.621478e-04 1.917342e-03 1.355414e-07 1.104575e-03
8 8.480837e-04 2.979208e-03 1.355314e-07 1.096492e-03
9 5.499334e-04 8.284464e-04 1.355232e-07 6.054121e-04
10 4.103225e-04 7.597392e-04 1.355200e-07 4.564026e-04
11 2.818861e-04 4.814584e-04 1.355184e-07 3.092616e-04
1 4.558997e-02 4.825458e-02 1.393122e-07 4.566977e-02
2 2.884952e-02 2.886765e-02 1.377329e-07 2.884957e-02
3 1.125413e-02 1.121227e-02 1.373974e-07 1.125652e-02
4 1.573425e-03 6.668878e-03 1.373928e-07 2.263975e-03
5 1.163809e-03 2.061897e-03 1.372964e-07 1.316334e-03
6 1.230019e-03 5.136836e-03 1.372934e-07 1.761673e-03
7 7.238660e-04 1.043307e-03 1.372597e-07 7.938095e-04
8 5.788956e-04 1.217827e-03 1.372533e-07 6.644667e-04
9 4.183755e-04 6.786625e-04 1.372499e-07 4.577073e-04
1 1.503879e-02 2.749381e-02 3.405018e-07 1.700752e-02
2 1.459788e-03 2.388272e-03 3.089594e-07 1.596681e-03
3 5.330975e-03 1.134706e-02 2.981428e-07 6.276773e-03
4 1.534271e-03 2.875612e-03 2.794618e-07 1.788415e-03
5 3.984568e-03 7.705454e-03 2.717258e-07 4.608074e-03
6 1.570056e-03 3.649638e-03 2.611092e-07 2.061382e-03
7 2.561673e-03 4.070059e-03 2.532888e-07 2.900390e-03
8 1.843902e-03 3.310294e-03 2.464267e-07 2.176757e-03
9 2.385250e-03 4.505776e-03 2.409837e-07 2.657763e-03
10 2.462254e-03 3.902544e-03 2.365194e-07 2.672444e-03
11 2.323471e-03 4.094615e-03 2.323495e-07 2.520586e-03
12 2.917542e-03 4.114410e-03 2.293035e-07 3.124835e-03
13 2.090883e-03 3.582672e-03 2.257540e-07 2.228285e-03
14 3.573340e-03 5.304471e-03 2.255205e-07 3.893941e-03
15 1.717469e-03 2.936644e-03 2.204479e-07 1.816954e-03
16 5.011708e-03 8.505936e-03 2.197714e-07 5.715159e-03
17 1.807499e-03 2.876870e-03 2.169933e-07 1.895788e-03
18 4.070685e-03 6.696110e-03 2.161181e-07 4.702430e-03
19 1.916773e-03 2.840466e-03 2.142863e-07 2.031821e-03
20 3.222943e-03 5.025806e-03 2.134693e-07 3.693797e-03
21 2.045580e-03 3.337815e-03 2.121524e-07 2.238804e-03
22 2.422470e-03 3.721432e-03 2.112397e-07 2.716151e-03
23 1.770047e-03 2.902139e-03 2.100356e-07 1.959756e-03
24 3.246639e-03 5.050479e-03 2.095101e-07 3.605114e-03
25 1.901448e-03 3.336650e-03 2.086632e-07 2.142252e-03
26 2.403251e-03 3.836401e-03 2.081237e-07 2.641593e-03
27 1.574842e-03 2.561158e-03 2.073136e-07 1.754602e-03
28 3.153503e-03 5.196583e-03 2.069743e-07 3.482503e-03
29 1.732961e-03 2.975710e-03 2.064369e-07 1.938394e-03
30 2.226110e-03 3.618308e-03 2.061112e-07 2.436232e-03
31 1.357638e-03 2.122468e-03 2.055979e-07 1.495999e-03
32 2.749334e-03 4.632405e-03 2.054415e-07 3.042237e-03
33 9.083683e-04 1.498044e-03 2.050743e-07 1.046001e-03
34 1.587431e-03 4.295037e-03 2.050147e-07 2.106076e-03
35 7.369357e-04 1.104631e-03 2.046888e-07 7.990098e-04
36 1.655896e-03 4.309410e-03 2.046033e-07 2.140393e-03
37 8.448898e-04 1.452815e-03 2.044721e-07 9.535230e-04
38 9.966739e-04 2.076502e-03 2.043652e-07 1.180335e-03
39 7.107830e-04 1.048934e-03 2.042676e-07 7.813939e-04
40 9.022065e-04 1.903984e-03 2.041943e-07 1.070376e-03
41 5.858165e-04 8.897009e-04 2.041296e-07 6.502433e-04
42 7.152296e-04 1.393033e-03 2.040744e-07 8.288699e-04
43 5.135735e-04 6.939799e-04 2.040290e-07 5.582703e-04
1 2.270003e-02 8.927610e-02 1.048244e-03 2.817537e-02
2 1.263611e-02 2.327181e-02 9.926872e-04 1.396620e-02
3 9.359735e-03 2.264158e-02 9.598968e-04 1.096719e-02
4 8.957178e-03 2.226149e-02 7.421307e-04 1.053013e-02
5 7.877723e-03 1.955197e-02 6.063196e-06 9.153759e-03
6 6.560784e-03 1.309994e-02 3.425056e-06 7.413080e-03
7 1.282892e-03 2.843268e-03 1.764209e-06 1.445876e-03
8 5.367920e-03 1.140362e-02 1.222661e-06 6.268418e-03
9 1.683969e-03 2.714815e-03 7.106829e-07 1.814440e-03
10 4.411040e-03 5.709144e-03 5.699485e-07 4.495950e-03
11 1.712301e-03 2.961683e-03 3.705516e-07 1.895608e-03
12 6.349580e-03 1.470217e-02 3.297908e-07 7.025163e-03
13 1.857519e-03 2.909267e-03 2.667698e-07 1.981978e-03
14 5.053229e-03 1.230914e-02 2.514616e-07 5.908352e-03
15 1.988504e-03 2.682446e-03 2.296253e-07 2.042867e-03
16 4.283316e-03 1.025429e-02 2.231636e-07 5.112913e-03
17 2.095433e-03 2.626955e-03 2.149274e-07 2.133048e-03
18 3.300211e-03 7.219727e-03 2.122497e-07 3.788835e-03
19 1.596073e-03 2.084849e-03 2.073779e-07 1.645284e-03
20 3.982626e-03 9.037308e-03 2.062181e-07 4.790659e-03
21 1.805364e-03 2.142227e-03 2.046670e-07 1.841430e-03
22 2.734855e-03 5.309536e-03 2.040671e-07 3.042932e-03
23 1.382395e-03 1.716573e-03 2.030752e-07 1.424238e-03
24 2.817267e-03 5.158600e-03 2.030127e-07 3.112978e-03
25 1.085404e-03 1.422811e-03 2.022739e-07 1.125112e-03
26 2.413532e-03 3.708583e-03 2.021646e-07 2.582981e-03
27 9.672090e-04 1.260726e-03 2.018468e-07 1.002124e-03
28 1.688224e-03 2.258831e-03 2.017307e-07 1.801797e-03
29 8.688579e-04 1.089278e-03 2.015984e-07 8.989739e-04
30 1.108350e-03 1.482236e-03 2.015165e-07 1.196093e-03
31 7.540482e-04 8.882308e-04 2.014405e-07 7.810670e-04
32 7.634564e-04 8.304979e-04 2.013823e-07 8.032819e-04
33 6.215369e-04 7.324903e-04 2.013337e-07 6.476276e-04
1 2.532895e-02 8.935747e-02 2.209479e-03 2.945439e-02
2 1.621954e-02 3.388006e-02 1.282849e-03 1.917504e-02
3 1.251216e-02 2.578213e-02 8.820544e-04 1.381182e-02
4 1.020394e-02 2.135089e-02 5.972875e-06 1.107169e-02
5 6.271480e-03 1.092358e-02 3.333968e-06 6.981218e-03
6 8.390905e-04 1.461090e-03 1.743448e-06 9.676193e-04
7 6.355237e-03 1.164002e-02 1.244092e-06 6.844357e-03
8 1.043224e-03 1.925914e-03 7.017576e-07 1.079664e-03
9 3.368867e-03 5.261764e-03 5.522594e-07 3.514208e-03
10 1.020669e-03 1.394400e-03 3.628936e-07 1.032170e-03
11 4.602454e-03 1.353994e-02 3.185160e-07 5.422641e-03
12 1.267303e-03 1.958588e-03 2.600479e-07 1.293411e-03
13 3.259496e-03 1.151881e-02 2.441543e-07 4.475978e-03
14 1.595323e-03 2.475018e-03 2.224124e-07 1.669116e-03
15 2.755038e-03 8.803429e-03 2.222754e-07 3.727306e-03
16 1.407852e-03 1.702518e-03 2.038407e-07 1.455939e-03
17 3.545872e-03 1.057186e-02 2.014582e-07 4.955940e-03
18 1.570693e-03 2.146921e-03 1.976066e-07 1.636608e-03
19 2.658925e-03 6.683159e-03 1.963422e-07 3.355081e-03
20 1.798374e-03 2.818398e-03 1.948270e-07 1.912297e-03
21 1.807717e-03 3.639738e-03 1.938943e-07 2.039237e-03
22 1.538795e-03 2.142575e-03 1.931874e-07 1.621843e-03
23 1.667648e-03 3.305216e-03 1.927594e-07 1.897013e-03
24 1.280384e-03 1.555831e-03 1.923878e-07 1.350217e-03
25 1.430952e-03 2.601130e-03 1.921602e-07 1.600027e-03
26 1.069567e-03 1.365144e-03 1.919740e-07 1.135922e-03
27 1.097928e-03 1.661929e-03 1.918481e-07 1.181802e-03
28 8.880518e-04 1.154346e-03 1.917560e-07 9.485944e-04
29 7.914702e-04 9.570546e-04 1.916890e-07 8.381756e-04
30 6.854571e-04 8.950705e-04 1.916402e-07 7.350644e-04
1 3.235946e-02 8.936906e-02 3.319062e-03 3.419263e-02
2 2.945725e-02 4.155247e-02 8.520544e-04 2.991782e-02
3 9.921630e-03 2.098156e-02 2.389829e-04 1.057530e-02
4 4.474775e-03 1.100839e-02 7.995718e-06 4.627137e-03
5 2.719997e-03 3.988606e-03 3.608764e-06 2.833561e-03
6 2.249683e-03 4.253136e-03 2.155743e-06 2.507896e-03
7 2.971863e-03 4.010909e-03 1.267510e-06 3.121966e-03
8 1.277651e-03 3.074550e-03 8.915084e-07 1.626644e-03
9 1.397519e-03 2.060454e-03 5.471741e-07 1.534878e-03
10 3.478258e-03 6.702318e-03 4.347472e-07 3.605923e-03
11 9.719049e-04 2.551992e-03 3.305028e-07 1.037958e-03
12 2.669830e-03 5.856431e-03 2.828409e-07 2.822559e-03
13 1.047913e-03 1.727809e-03 2.396387e-07 1.095209e-03
14 3.170267e-03 9.643725e-03 2.282459e-07 4.015499e-03
15 1.366975e-03 2.250038e-03 2.140627e-07 1.482127e-03
16 2.244861e-03 6.441733e-03 2.110149e-07 2.931774e-03
17 1.202438e-03 1.465000e-03 2.022719e-07 1.298643e-03
18 2.447490e-03 6.689534e-03 2.005000e-07 3.378799e-03
19 1.394398e-03 2.147170e-03 1.984722e-07 1.521490e-03
20 1.631361e-03 3.496028e-03 1.973992e-07 1.963290e-03
21 1.176292e-03 1.529479e-03 1.965189e-07 1.267209e-03
22 1.436500e-03 2.903331e-03 1.960768e-07 1.733286e-03
23 9.951267e-04 1.193014e-03 1.956977e-07 1.076876e-03
24 1.079394e-03 1.864449e-03 1.954888e-07 1.243132e-03
25 8.429876e-04 1.072013e-03 1.953466e-07 9.206570e-04
26 7.288884e-04 9.864538e-04 1.952539e-07 7.991550e-04
27 6.473345e-04 8.681689e-04 1.951916e-07 7.125418e-04
1 5.717240e-02 8.950084e-02 7.449666e-03 5.758286e-02
2 5.158156e-02 6.230939e-02 3.470358e-03 5.172671e-02
3 2.172929e-02 4.249767e-02 2.952579e-03 2.256091e-02
4 1.909751e-02 3.919137e-02 1.915756e-03 1.995487e-02
5 1.450997e-02 3.154681e-02 1.486877e-03 1.514908e-02
6 1.325272e-02 2.777704e-02 1.114521e-03 1.355138e-02
7 1.060998e-02 2.403020e-02 2.711187e-04 1.092139e-02
8 5.074802e-03 1.175425e-02 5.199396e-06 5.151058e-03
9 2.853173e-03 3.936249e-03 2.908454e-06 2.990043e-03
10 2.564506e-03 3.809792e-03 1.645166e-06 2.614825e-03
11 2.277283e-03 3.061188e-03 1.113608e-06 2.561153e-03
12 1.055144e-03 1.680219e-03 6.763225e-07 1.147404e-03
13 5.531714e-03 6.127743e-03 6.080832e-07 5.605348e-03
14 1.283348e-03 1.529677e-03 3.418075e-07 1.299344e-03
15 8.024925e-03 1.027395e-02 2.988453e-07 8.144231e-03
16 1.344865e-03 1.640111e-03 2.491041e-07 1.351144e-03
17 3.960412e-03 6.370413e-03 2.426462e-07 4.073129e-03
18 1.139125e-03 1.174110e-03 2.154619e-07 1.178635e-03
19 3.213919e-03 5.504883e-03 2.145734e-07 3.434978e-03
20 1.072072e-03 1.142649e-03 2.059836e-07 1.148544e-03
21 2.086732e-03 3.090451e-03 2.044323e-07 2.207473e-03
22 1.155925e-03 1.286086e-03 2.032888e-07 1.218200e-03
23 1.217732e-03 1.498016e-03 2.027066e-07 1.256681e-03
24 1.033923e-03 1.188255e-03 2.023546e-07 1.090458e-03
25 7.836741e-04 8.059816e-04 2.021285e-07 8.047950e-04
26 7.453715e-04 9.175690e-04 2.019826e-07 7.943999e-04
27 5.535012e-04 5.291363e-04 2.018863e-07 5.747551e-04
1 8.677854e-03 1.069682e-02 2.084195e-07 9.118351e-03
2 3.562862e-03 5.134702e-03 2.056438e-07 3.849638e-03
3 6.275471e-03 8.037809e-03 2.044969e-07 6.634022e-03
4 3.512804e-03 4.955565e-03 2.033865e-07 3.788997e-03
5 4.482459e-03 5.744603e-03 2.026513e-07 4.737548e-03
6 3.112087e-03 4.260949e-03 2.020666e-07 3.335917e-03
7 3.299389e-03 4.241951e-03 2.016297e-07 3.488211e-03
8 2.567357e-03 3.419046e-03 2.012978e-07 2.735785e-03
9 2.414456e-03 3.115368e-03 2.010475e-07 2.555065e-03
10 1.993399e-03 2.606073e-03 2.008603e-07 2.116903e-03
11 1.740822e-03 2.251424e-03 2.007208e-07 1.845033e-03
12 1.459958e-03 1.893645e-03 2.006173e-07 1.549785e-03
13 1.231809e-03 1.594555e-03 2.005406e-07 1.308309e-03
14 1.030029e-03 1.333118e-03 2.004839e-07 1.095315e-03
15 8.606857e-04 1.112271e-03 2.004420e-07 9.161697e-04
16 7.184949e-04 9.262993e-04 2.004110e-07 7.655261e-04
17 6.012345e-04 7.718234e-04 2.003881e-07 6.409252e-04
1 1.071220e-02 1.111599e-02 2.030082e-07 1.128959e-02
2 3.737462e-03 4.881768e-03 2.017608e-07 3.976895e-03
3 6.294331e-03 6.914019e-03 2.013741e-07 6.705457e-03
4 3.978037e-03 4.904786e-03 2.008166e-07 4.192098e-03
5 3.852643e-03 4.470099e-03 2.004907e-07 4.125015e-03
6 2.981306e-03 3.571341e-03 2.001038e-07 3.130176e-03
7 3.263701e-03 3.571418e-03 1.999494e-07 3.495674e-03
8 2.199276e-03 2.581610e-03 1.997066e-07 2.304491e-03
9 2.471397e-03 2.653963e-03 1.996062e-07 2.628864e-03
10 1.606366e-03 1.866804e-03 1.995109e-07 1.684094e-03
11 1.635931e-03 1.776821e-03 1.994597e-07 1.729230e-03
12 1.125434e-03 1.323117e-03 1.994257e-07 1.183340e-03
13 9.571896e-04 1.108666e-03 1.994047e-07 1.010694e-03
14 6.973049e-04 8.504864e-04 1.993913e-07 7.370666e-04
15 5.229955e-04 6.587756e-04 1.993826e-07 5.545997e-04
16 3.870809e-04 5.062890e-04 1.993768e-07 4.115512e-04
1 8.997200e-03 9.481444e-03 2.037831e-07 9.558998e-03
2 3.455126e-03 4.391113e-03 2.031733e-07 3.684809e-03
3 4.730682e-03 5.026763e-03 2.029869e-07 5.078815e-03
4 3.303797e-03 3.897260e-03 2.027400e-07 3.490892e-03
5 2.757777e-03 3.060037e-03 2.025956e-07 2.960666e-03
6 2.266567e-03 2.615008e-03 2.024565e-07 2.385737e-03
7 2.079429e-03 2.187867e-03 2.023967e-07 2.240505e-03
8 1.455163e-03 1.687490e-03 2.023281e-07 1.529487e-03
9 1.357284e-03 1.428001e-03 2.023003e-07 1.457560e-03
10 8.633874e-04 1.021088e-03 2.022806e-07 9.094184e-04
11 7.136479e-04 7.974962e-04 2.022709e-07 7.624243e-04
12 4.601819e-04 5.606831e-04 2.022656e-07 4.879490e-04
1 5.094822e-03 5.866188e-03 2.045297e-07 5.416938e-03
2 1.571418e-03 2.065527e-03 2.043005e-07 1.692921e-03
3 2.542261e-03 2.850178e-03 2.042464e-07 2.697947e-03
4 1.177329e-03 1.484117e-03 2.042077e-07 1.254338e-03
5 1.177199e-03 1.342283e-03 2.041911e-07 1.246185e-03
6 7.042058e-04 8.599274e-04 2.041828e-07 7.455464e-04
7 4.941424e-04 6.056140e-04 2.041785e-07 5.233096e-04
8 3.149072e-04 4.045031e-04 2.041760e-07 3.335672e-04
1 7.238984e-04 9.206469e-04 2.048161e-07 7.759365e-04
2 4.137044e-04 5.335420e-04 2.048130e-07 4.405892e-04
3 2.572452e-04 3.390649e-04 2.048114e-07 2.736640e-04
1 4.166750e-03 5.000181e-03 2.044663e-07 4.438464e-03
2 1.205987e-03 1.552030e-03 2.043886e-07 1.284416e-03
3 1.615390e-03 1.831850e-03 2.043654e-07 1.709009e-03
4 8.112243e-04 9.743286e-04 2.043553e-07 8.590521e-04
5 6.203927e-04 7.151747e-04 2.043511e-07 6.565316e-04
6 3.777655e-04 4.496641e-04 2.043494e-07 4.004607e-04
1 7.514424e-03 9.018164e-03 2.037435e-07 7.978455e-03
2 1.389380e-03 1.906112e-03 2.031824e-07 1.499382e-03
3 3.363772e-03 3.845281e-03 2.030964e-07 3.549996e-03
4 1.266072e-03 1.631369e-03 2.030264e-07 1.355474e-03
5 1.531074e-03 1.733634e-03 2.029970e-07 1.612821e-03
6 8.743445e-04 1.053481e-03 2.029815e-07 9.263824e-04
7 6.872205e-04 8.117159e-04 2.029730e-07 7.263009e-04
8 4.638852e-04 5.692648e-04 2.029681e-07 4.920019e-04
1 8.603185e-03 1.012058e-02 2.020052e-07 9.097680e-03
2 3.766294e-03 4.898894e-03 2.016405e-07 4.028399e-03
3 3.578193e-03 4.276065e-03 2.014176e-07 3.791646e-03
4 2.276382e-03 2.831362e-03 2.012649e-07 2.415661e-03
5 2.371231e-03 2.706231e-03 2.011707e-07 2.500936e-03
6 1.476268e-03 1.770076e-03 2.011109e-07 1.559421e-03
7 1.369698e-03 1.556026e-03 2.010744e-07 1.442479e-03
8 9.416429e-04 1.113101e-03 2.010524e-07 9.941638e-04
9 7.292746e-04 8.735902e-04 2.010387e-07 7.707462e-04
10 5.297508e-04 6.586986e-04 2.010299e-07 5.618443e-04
1 2.134071e-02 3.167156e-02 2.003471e-07 2.218598e-02
2 7.653583e-03 7.814375e-03 1.876174e-07 7.655636e-03
3 4.700793e-03 9.938066e-03 1.842611e-07 5.367551e-03
4 2.007874e-03 4.611665e-03 1.798800e-07 2.675378e-03
5 2.526567e-03 5.398087e-03 1.771788e-07 2.928826e-03
6 1.675999e-03 3.962344e-03 1.727948e-07 2.251094e-03
7 2.504889e-03 6.376859e-03 1.706597e-07 2.882081e-03
8 2.032399e-03 4.550789e-03 1.677066e-07 2.494966e-03
9 1.695103e-03 4.239169e-03 1.650926e-07 2.065994e-03
10 1.805012e-03 4.019182e-03 1.625057e-07 2.162747e-03
11 1.554577e-03 4.353221e-03 1.603161e-07 1.891025e-03
12 1.610115e-03 3.524433e-03 1.579482e-07 1.899371e-03
13 1.418395e-03 4.704921e-03 1.564262e-07 1.726386e-03
14 1.420991e-03 2.937791e-03 1.538544e-07 1.657083e-03
15 1.307984e-03 5.567783e-03 1.526115e-07 1.621231e-03
16 1.319886e-03 3.593833e-03 1.507860e-07 1.555585e-03
17 1.163643e-03 3.794749e-03 1.492131e-07 1.390522e-03
18 1.133309e-03 3.132867e-03 1.475324e-07 1.329123e-03
19 1.060095e-03 4.072979e-03 1.463320e-07 1.286029e-03
20 9.787755e-04 2.610643e-03 1.445806e-07 1.145154e-03
21 9.806108e-04 4.760301e-03 1.436887e-07 1.254782e-03
22 9.375821e-04 3.208004e-03 1.423566e-07 1.128817e-03
23 8.409728e-04 3.183346e-03 1.411443e-07 1.027615e-03
24 8.097209e-04 2.909744e-03 1.399287e-07 9.940630e-04
25 7.693716e-04 3.242097e-03 1.388654e-07 9.751972e-04
26 7.171507e-04 2.566997e-03 1.377211e-07 8.943420e-04
1 2.407089e-02 3.723225e-02 1.362012e-07 2.655766e-02
2 1.522946e-02 1.683504e-02 1.336800e-07 1.525900e-02
3 4.779903e-03 6.608342e-03 1.319115e-07 5.308879e-03
4 1.547040e-03 5.695728e-03 1.308141e-07 1.944034e-03
5 6.481021e-03 7.943717e-03 1.286380e-07 7.016429e-03
6 2.108819e-03 3.977809e-03 1.266169e-07 2.572996e-03
7 3.996713e-03 6.375632e-03 1.256554e-07 4.359484e-03
8 2.637016e-03 4.661864e-03 1.241629e-07 3.118938e-03
9 2.556585e-03 3.928870e-03 1.229506e-07 2.807426e-03
10 2.224754e-03 4.224653e-03 1.215520e-07 2.697277e-03
11 2.720172e-03 4.207614e-03 1.208306e-07 3.018316e-03
12 1.752992e-03 3.645027e-03 1.192845e-07 2.206005e-03
13 2.826619e-03 4.602462e-03 1.192048e-07 3.146255e-03
14 1.356434e-03 3.052646e-03 1.172819e-07 1.761837e-03
15 2.800819e-03 5.166702e-03 1.167633e-07 3.094141e-03
16 1.648612e-03 3.106436e-03 1.158960e-07 1.923068e-03
17 1.803092e-03 3.407041e-03 1.153910e-07 1.979551e-03
18 1.369798e-03 2.646601e-03 1.144617e-07 1.599410e-03
19 1.813920e-03 3.882393e-03 1.140899e-07 2.003222e-03
20 1.553855e-03 2.559398e-03 1.134863e-07 1.722024e-03
21 1.247422e-03 2.564342e-03 1.130206e-07 1.391957e-03
22 1.406474e-03 2.418584e-03 1.124702e-07 1.546388e-03
23 1.126119e-03 3.608845e-03 1.123120e-07 1.287519e-03
24 1.289677e-03 3.002061e-03 1.116914e-07 1.427853e-03
25 1.027291e-03 5.248099e-03 1.113536e-07 1.252891e-03
26 1.068295e-03 1.688878e-03 1.109484e-07 1.171732e-03
27 1.010769e-03 3.441741e-03 1.108264e-07 1.174466e-03
28 9.030138e-04 1.375214e-03 1.103164e-07 9.875111e-04
29 9.778037e-04 4.915921e-03 1.101508e-07 1.259559e-03
30 8.809158e-04 1.727454e-03 1.098863e-07 9.758641e-04
31 7.801116e-04 3.155295e-03 1.097230e-07 9.404847e-04
32 7.213624e-04 1.489731e-03 1.094635e-07 8.014262e-04
1 2.355860e-02 4.074259e-02 1.137490e-07 2.612713e-02
2 1.473470e-02 1.806502e-02 1.119815e-07 1.477649e-02
3 5.769925e-03 8.282921e-03 1.113100e-07 6.364267e-03
4 2.569522e-03 3.534515e-03 1.103478e-07 2.755380e-03
5 3.502262e-03 5.308620e-03 1.096665e-07 3.884846e-03
6 2.149952e-03 3.747609e-03 1.087809e-07 2.338701e-03
7 3.459536e-03 5.771573e-03 1.083050e-07 3.876087e-03
8 2.072661e-03 4.428650e-03 1.075892e-07 2.374916e-03
9 2.274904e-03 4.383454e-03 1.069998e-07 2.544972e-03
10 2.658906e-03 6.312525e-03 1.066497e-07 3.196739e-03
11 1.591422e-03 2.282396e-03 1.061920e-07 1.712057e-03
12 2.185219e-03 4.049673e-03 1.058923e-07 2.398933e-03
13 1.290982e-03 2.509345e-03 1.054508e-07 1.414140e-03
14 2.619597e-03 5.841497e-03 1.052425e-07 3.034177e-03
15 1.500848e-03 2.246882e-03 1.049397e-07 1.621999e-03
16 1.761401e-03 3.669659e-03 1.047760e-07 1.997588e-03
17 1.150948e-03 1.845476e-03 1.044705e-07 1.261458e-03
18 2.041296e-03 4.676856e-03 1.043502e-07 2.401659e-03
19 1.259134e-03 1.947876e-03 1.041823e-07 1.357844e-03
20 1.339307e-03 2.721788e-03 1.040569e-07 1.502802e-03
21 1.004630e-03 1.780801e-03 1.039324e-07 1.088938e-03
22 1.371903e-03 2.990301e-03 1.038640e-07 1.576174e-03
23 7.695693e-04 1.892060e-03 1.037714e-07 8.689192e-04
24 1.366396e-03 2.999035e-03 1.037264e-07 1.572977e-03
25 6.260887e-04 2.410894e-03 1.036737e-07 7.929754e-04
26 1.152906e-03 2.408647e-03 1.036202e-07 1.302380e-03
27 4.985053e-04 1.611606e-03 1.035931e-07 6.129971e-04
28 7.852804e-04 1.562464e-03 1.035734e-07 8.743093e-04
29 3.565892e-04 8.132143e-04 1.035649e-07 3.854876e-04
1 2.468970e-02 3.736035e-02 1.071864e-07 2.638333e-02
2 1.446635e-02 1.703227e-02 1.059193e-07 1.450412e-02
3 6.169951e-03 1.084168e-02 1.055656e-07 6.818950e-03
4 1.950566e-03 3.564464e-03 1.050096e-07 2.196910e-03
5 3.942659e-03 6.090952e-03 1.047340e-07 4.301568e-03
6 2.447524e-03 4.374752e-03 1.043574e-07 2.745840e-03
7 2.255426e-03 3.635963e-03 1.040930e-07 2.466332e-03
8 2.112162e-03 4.538104e-03 1.037733e-07 2.406756e-03
9 2.377794e-03 4.778947e-03 1.036172e-07 2.674886e-03
10 1.856607e-03 3.257100e-03 1.034103e-07 2.043494e-03
11 1.808964e-03 3.077717e-03 1.032585e-07 1.985721e-03
12 1.490293e-03 2.937549e-03 1.031056e-07 1.650362e-03
13 1.762889e-03 3.144560e-03 1.030370e-07 1.953775e-03
14 1.098026e-03 2.631405e-03 1.029027e-07 1.239237e-03
15 1.738004e-03 3.334237e-03 1.028984e-07 1.944563e-03
16 7.812119e-04 2.354253e-03 1.027758e-07 9.078476e-04
17 1.409706e-03 2.657640e-03 1.027610e-07 1.571397e-03
18 6.017754e-04 2.202151e-03 1.027120e-07 7.102325e-04
19 9.023410e-04 1.820226e-03 1.026973e-07 1.003260e-03
20 4.867438e-04 1.885499e-03 1.026868e-07 5.703441e-04
21 4.988187e-04 1.259310e-03 1.026813e-07 5.589549e-04
22 3.092635e-04 6.893316e-04 1.026789e-07 3.447251e-04
1 2.126179e-02 5.613369e-02 1.048482e-07 2.515461e-02
2 1.719808e-02 1.963239e-02 1.039749e-07 1.728730e-02
3 2.347724e-03 7.474215e-03 1.035349e-07 3.129281e-03
4 4.012668e-03 6.851395e-03 1.035191e-07 4.422893e-03
5 1.947857e-03 9.831054e-03 1.030582e-07 2.997919e-03
6 1.288717e-03 3.635661e-03 1.026734e-07 1.684744e-03
7 3.402780e-03 1.020022e-02 1.025585e-07 4.051887e-03
8 1.846664e-03 4.663839e-03 1.023837e-07 2.259824e-03
9 1.780081e-03 6.508188e-03 1.023561e-07 2.249245e-03
10 1.485317e-03 3.621641e-03 1.021603e-07 1.809119e-03
11 1.639711e-03 6.860929e-03 1.021217e-07 2.196120e-03
12 1.338857e-03 3.435650e-03 1.020553e-07 1.605575e-03
13 1.135721e-03 4.747640e-03 1.020413e-07 1.525241e-03
14 9.035679e-04 2.348728e-03 1.019861e-07 1.078264e-03
15 9.316916e-04 4.303413e-03 1.019749e-07 1.318675e-03
16 6.625919e-04 2.228861e-03 1.019620e-07 8.418475e-04
17 5.143786e-04 2.143381e-03 1.019552e-07 6.927632e-04
18 3.447174e-04 1.440720e-03 1.019511e-07 4.551709e-04
1 2.353244e-02 4.978187e-02 1.034536e-07 2.665113e-02
2 1.777231e-02 1.940771e-02 1.026197e-07 1.784216e-02
3 3.014165e-03 7.429485e-03 1.022034e-07 3.282686e-03
4 4.070074e-03 1.263502e-02 1.019887e-07 5.123501e-03
5 1.751130e-03 5.376584e-03 1.017594e-07 2.321634e-03
6 2.256093e-03 7.560342e-03 1.016200e-07 3.009592e-03
7 1.317580e-03 3.870382e-03 1.014456e-07 1.719759e-03
8 2.129397e-03 8.621866e-03 1.013781e-07 2.975355e-03
9 1.561326e-03 4.840357e-03 1.012857e-07 2.030450e-03
10 1.125032e-03 5.359772e-03 1.012421e-07 1.607551e-03
11 1.135302e-03 3.964974e-03 1.011709e-07 1.498312e-03
12 8.888895e-04 5.624660e-03 1.011507e-07 1.391554e-03
13 7.826974e-04 3.283213e-03 1.011225e-07 1.099691e-03
14 6.212849e-04 3.499868e-03 1.011083e-07 9.400846e-04
15 4.598681e-04 2.713284e-03 1.010926e-07 7.057963e-04
16 4.072119e-04 3.133513e-03 1.010895e-07 6.981182e-04
1 2.395694e-02 3.918157e-02 1.021891e-07 2.500923e-02
2 1.461460e-02 1.456796e-02 1.012954e-07 1.461539e-02
3 4.017827e-03 1.888830e-02 1.012052e-07 5.949329e-03
4 2.039027e-03 6.833684e-03 1.008556e-07 2.581603e-03
5 2.704762e-03 1.530512e-02 1.008068e-07 4.153804e-03
6 1.877675e-03 6.065498e-03 1.005643e-07 2.379518e-03
7 1.985905e-03 1.126064e-02 1.005123e-07 3.010744e-03
8 1.672764e-03 5.405254e-03 1.003805e-07 2.117413e-03
9 1.462916e-03 7.427806e-03 1.003361e-07 2.104985e-03
10 1.396429e-03 4.537080e-03 1.002691e-07 1.777491e-03
11 1.096570e-03 4.501319e-03 1.002385e-07 1.474803e-03
12 9.866554e-04 3.856445e-03 1.001935e-07 1.274308e-03
13 7.836952e-04 3.714816e-03 1.001831e-07 1.091825e-03
14 6.302694e-04 3.504486e-03 1.001632e-07 8.971377e-04
15 4.241659e-04 1.502711e-03 1.001484e-07 5.556795e-04
16 4.580353e-04 3.305275e-03 1.001442e-07 7.339891e-04
1 2.474777e-02 3.452224e-02 1.018801e-07 2.527726e-02
2 1.481518e-02 1.497041e-02 1.010445e-07 1.481667e-02
3 4.014057e-03 1.485293e-02 1.008912e-07 5.610463e-03
4 2.077163e-03 5.826066e-03 1.006318e-07 2.510985e-03
5 2.616310e-03 1.159248e-02 1.005318e-07 3.734818e-03
6 1.963236e-03 5.421929e-03 1.003633e-07 2.395173e-03
7 1.875073e-03 8.279472e-03 1.002941e-07 2.604158e-03
8 1.730121e-03 4.550622e-03 1.001904e-07 2.095038e-03
9 1.405389e-03 5.268022e-03 1.001579e-07 1.842509e-03
10 1.366571e-03 4.004010e-03 1.000639e-07 1.647055e-03
11 1.141511e-03 5.222465e-03 1.000409e-07 1.588617e-03
12 9.677681e-04 2.505191e-03 1.000095e-07 1.149359e-03
13 8.507591e-04 2.720972e-03 9.999573e-08 1.087363e-03
14 5.792938e-04 1.624286e-03 9.997886e-08 6.855565e-04
15 5.434413e-04 1.646096e-03 9.997321e-08 7.025503e-04
16 3.007356e-04 9.337350e-04 9.996818e-08 3.676133e-04
1 2.641451e-02 4.405078e-02 1.028374e-07 2.707885e-02
2 1.505971e-02 1.523836e-02 1.015867e-07 1.506201e-02
3 5.286847e-03 2.241285e-02 1.015030e-07 7.763896e-03
4 2.632767e-03 7.263997e-03 1.012896e-07 3.297375e-03
5 2.038774e-03 9.219285e-03 1.011800e-07 2.921994e-03
6 1.798218e-03 3.395253e-03 1.009866e-07 2.068995e-03
7 2.208711e-03 7.361523e-03 1.009259e-07 3.014290e-03
8 1.754935e-03 3.986244e-03 1.008223e-07 2.080305e-03
9 1.464701e-03 4.659397e-03 1.008014e-07 1.885622e-03
10 1.380541e-03 3.392306e-03 1.007059e-07 1.630161e-03
11 1.059864e-03 2.665308e-03 1.006779e-07 1.304060e-03
12 1.008757e-03 2.872075e-03 1.006555e-07 1.223640e-03
13 5.811892e-04 8.811002e-04 1.006380e-07 6.461849e-04
14 6.786071e-04 2.252574e-03 1.006351e-07 8.655610e-04
15 3.431632e-04 4.774535e-04 1.006256e-07 3.773041e-04
1 2.574204e-02 3.638429e-02 1.036449e-07 2.618499e-02
2 1.481739e-02 1.487975e-02 1.024480e-07 1.481806e-02
3 4.822828e-03 1.804385e-02 1.023530e-07 7.307278e-03
4 2.158872e-03 4.102772e-03 1.021441e-07 2.658626e-03
5 2.085389e-03 6.718994e-03 1.020534e-07 2.772324e-03
6 1.947476e-03 3.498094e-03 1.019200e-07 2.296269e-03
7 1.641898e-03 4.767794e-03 1.018643e-07 2.166594e-03
8 1.599372e-03 2.578438e-03 1.017526e-07 1.821047e-03
9 1.415565e-03 4.559065e-03 1.017218e-07 1.946058e-03
10 1.207250e-03 2.444603e-03 1.016814e-07 1.424108e-03
11 1.072025e-03 2.387222e-03 1.016576e-07 1.274469e-03
12 8.216739e-04 1.618214e-03 1.016399e-07 9.380881e-04
13 6.794283e-04 1.146832e-03 1.016304e-07 7.615649e-04
14 5.024050e-04 8.260284e-04 1.016249e-07 5.573552e-04
1 2.365242e-02 3.144240e-02 1.042575e-07 2.438680e-02
2 1.454241e-02 1.450179e-02 1.033509e-07 1.454258e-02
3 3.574378e-03 1.555092e-02 1.032647e-07 5.709522e-03
4 2.145361e-03 5.035413e-03 1.030966e-07 2.770089e-03
5 1.818609e-03 5.579690e-03 1.030147e-07 2.256804e-03
6 1.880188e-03 5.100585e-03 1.028686e-07 2.451630e-03
7 1.544213e-03 5.566121e-03 1.028578e-07 1.976609e-03
8 1.463671e-03 4.861788e-03 1.027489e-07 1.923073e-03
9 1.117074e-03 2.468112e-03 1.027004e-07 1.286788e-03
10 9.291588e-04 3.055947e-03 1.026836e-07 1.158504e-03
11 7.613456e-04 1.002202e-03 1.026669e-07 8.356268e-04
12 5.036246e-04 6.701313e-04 1.026596e-07 5.490397e-04
13 4.483496e-04 6.081978e-04 1.026555e-07 4.913447e-04
1 2.367752e-02 3.346463e-02 1.051092e-07 2.494446e-02
2 1.459455e-02 1.456656e-02 1.041604e-07 1.459510e-02
3 3.840316e-03 1.640868e-02 1.040790e-07 6.346297e-03
4 2.052667e-03 4.349245e-03 1.039292e-07 2.622887e-03
5 1.760484e-03 5.527929e-03 1.038569e-07 2.244148e-03
6 1.693366e-03 3.318695e-03 1.037287e-07 2.109835e-03
7 1.515149e-03 5.442289e-03 1.036908e-07 2.009884e-03
8 1.317992e-03 2.433186e-03 1.036433e-07 1.520141e-03
9 1.150101e-03 3.407505e-03 1.036153e-07 1.470672e-03
10 9.279108e-04 1.383522e-03 1.035934e-07 1.028699e-03
11 7.277989e-04 1.669912e-03 1.035818e-07 8.607585e-04
12 5.752273e-04 7.850950e-04 1.035748e-07 6.289562e-04
13 3.856009e-04 5.254631e-04 1.035709e-07 4.194605e-04
1 1.503879e-02 2.749381e-02 3.405018e-07 1.700752e-02
2 1.459788e-03 2.388272e-03 3.089594e-07 1.596681e-03
3 5.330975e-03 1.134706e-02 2.981428e-07 6.276773e-03
4 1.534271e-03 2.875612e-03 2.794618e-07 1.788415e-03
5 3.984568e-03 7.705454e-03 2.717258e-07 4.608074e-03
6 1.570056e-03 3.649638e-03 2.611092e-07 2.061382e-03
7 2.561673e-03 4.070059e-03 2.532888e-07 2.900390e-03
8 1.843902e-03 3.310294e-03 2.464267e-07 2.176757e-03
9 2.385250e-03 4.505776e-03 2.409837e-07 2.657763e-03
10 2.462254e-03 3.902544e-03 2.365194e-07 2.672444e-03
11 2.323471e-03 4.094615e-03 2.323495e-07 2.520586e-03
12 2.917542e-03 4.114410e-03 2.293035e-07 3.124835e-03
13 2.090883e-03 3.582672e-03 2.257540e-07 2.228285e-03
14 3.573340e-03 5.304471e-03 2.255205e-07 3.893941e-03
15 1.717469e-03 2.936644e-03 2.204479e-07 1.816954e-03
16 5.011708e-03 8.505936e-03 2.197714e-07 5.715159e-03
17 1.807499e-03 2.876870e-03 2.169933e-07 1.895788e-03
18 4.070685e-03 6.696110e-03 2.161181e-07 4.702430e-03
19 1.916773e-03 2.840466e-03 2.142863e-07 2.031821e-03
20 3.222943e-03 5.025806e-03 2.134693e-07 3.693797e-03
21 2.045580e-03 3.337815e-03 2.121524e-07 2.238804e-03
22 2.422470e-03 3.721432e-03 2.112397e-07 2.716151e-03
23 1.770047e-03 2.902139e-03 2.100356e-07 1.959756e-03
24 3.246639e-03 5.050479e-03 2.095101e-07 3.605114e-03
25 1.901448e-03 3.336650e-03 2.086632e-07 2.142252e-03
26 2.403251e-03 3.836401e-03 2.081237e-07 2.641593e-03
27 1.574842e-03 2.561158e-03 2.073136e-07 1.754602e-03
28 3.153503e-03 5.196583e-03 2.069743e-07 3.482503e-03
29 1.732961e-03 2.975710e-03 2.064369e-07 1.938394e-03
30 2.226110e-03 3.618308e-03 2.061112e-07 2.436232e-03
31 1.357638e-03 2.122468e-03 2.055979e-07 1.495999e-03
32 2.749334e-03 4.632405e-03 2.054415e-07 3.042237e-03
33 9.083683e-04 1.498044e-03 2.050743e-07 1.046001e-03
34 1.587431e-03 4.295037e-03 2.050147e-07 2.106076e-03
35 7.369357e-04 1.104631e-03 2.046888e-07 7.990098e-04
36 1.655896e-03 4.309410e-03 2.046033e-07 2.140393e-03
37 8.448898e-04 1.452815e-03 2.044721e-07 9.535230e-04
38 9.966739e-04 2.076502e-03 2.043652e-07 1.180335e-03
39 7.107830e-04 1.048934e-03 2.042676e-07 7.813939e-04
40 9.022065e-04 1.903984e-03 2.041943e-07 1.070376e-03
41 5.858165e-04 8.897009e-04 2.041296e-07 6.502433e-04
42 7.152296e-04 1.393033e-03 2.040744e-07 8.288699e-04
43 5.135735e-04 6.939799e-04 2.040290e-07 5.582703e-04
1 2.235991e-02 8.927610e-02 1.023379e-03 2.791174e-02
2 1.300931e-02 2.299102e-02 9.902735e-04 1.428456e-02
3 9.326875e-03 2.261267e-02 9.466873e-04 1.093984e-02
4 9.028711e-03 2.210550e-02 7.202215e-04 1.058372e-02
5 7.866398e-03 1.925738e-02 6.054098e-06 9.114378e-03
6 6.544109e-03 1.316880e-02 3.425769e-06 7.416873e-03
7 1.271245e-03 2.711451e-03 1.762152e-06 1.420730e-03
8 5.498844e-03 1.176779e-02 1.222458e-06 6.429120e-03
9 1.722026e-03 2.715491e-03 7.102156e-07 1.838166e-03
10 4.306141e-03 5.700391e-03 5.709216e-07 4.395843e-03
11 1.728148e-03 2.931424e-03 3.704750e-07 1.882456e-03
12 5.955342e-03 1.460304e-02 3.294861e-07 6.709341e-03
13 1.948956e-03 2.964430e-03 2.669283e-07 2.073856e-03
14 5.042710e-03 1.246116e-02 2.516954e-07 5.929886e-03
15 2.040202e-03 2.684616e-03 2.297791e-07 2.086032e-03
16 4.321616e-03 1.035920e-02 2.233026e-07 5.155497e-03
17 2.135198e-03 2.653727e-03 2.149971e-07 2.167943e-03
18 3.348773e-03 7.326478e-03 2.123481e-07 3.847050e-03
19 1.631028e-03 2.052044e-03 2.073248e-07 1.666089e-03
20 4.017952e-03 9.110402e-03 2.061438e-07 4.830619e-03
21 1.834986e-03 2.137404e-03 2.045420e-07 1.870946e-03
22 2.770159e-03 5.383023e-03 2.039177e-07 3.085579e-03
23 1.403330e-03 1.741978e-03 2.028874e-07 1.451313e-03
24 2.889384e-03 5.434975e-03 2.028126e-07 3.227661e-03
25 1.104592e-03 1.426586e-03 2.020254e-07 1.144748e-03
26 2.469395e-03 3.771904e-03 2.019109e-07 2.639427e-03
27 9.848841e-04 1.245015e-03 2.015649e-07 1.016870e-03
28 1.735366e-03 2.360628e-03 2.014408e-07 1.854995e-03
29 8.916747e-04 1.047092e-03 2.012906e-07 9.192076e-04
30 1.153504e-03 1.484414e-03 2.011962e-07 1.232995e-03
31 7.695737e-04 8.941079e-04 2.011148e-07 7.976826e-04
32 7.940683e-04 8.268176e-04 2.010495e-07 8.341470e-04
33 6.245191e-04 7.101503e-04 2.009979e-07 6.506521e-04
1 2.535140e-02 8.935708e-02 2.230355e-03 2.948185e-02
2 1.625999e-02 3.404042e-02 3.221838e-04 1.883056e-02
3 4.948393e-03 1.281830e-02 5.640926e-06 5.309661e-03
4 5.954131e-03 9.996670e-03 3.143432e-06 6.485409e-03
5 6.950473e-04 1.686376e-03 1.695742e-06 8.229054e-04
6 5.377462e-03 1.108144e-02 1.217620e-06 5.839587e-03
7 1.073758e-03 1.835224e-03 6.862130e-07 1.103392e-03
8 2.775704e-03 5.074807e-03 5.427910e-07 2.870008e-03
9 9.950156e-04 1.410947e-03 3.560501e-07 1.006447e-03
10 4.441861e-03 1.433966e-02 3.139800e-07 5.592545e-03
11 1.339321e-03 1.947067e-03 2.568052e-07 1.378305e-03
12 3.480664e-03 1.220385e-02 2.420448e-07 4.902698e-03
13 1.635959e-03 2.463783e-03 2.209698e-07 1.726339e-03
14 2.947822e-03 9.303156e-03 2.144838e-07 4.046600e-03
15 1.804572e-03 2.995424e-03 2.062799e-07 1.937445e-03
16 2.372381e-03 6.315643e-03 2.028421e-07 2.990803e-03
17 1.525393e-03 2.050705e-03 1.983755e-07 1.595836e-03
18 2.829823e-03 7.558239e-03 1.970570e-07 3.739213e-03
19 1.720782e-03 2.653149e-03 1.953932e-07 1.834841e-03
20 1.975574e-03 4.354652e-03 1.944806e-07 2.334383e-03
21 1.431499e-03 1.873551e-03 1.935663e-07 1.505181e-03
22 1.972557e-03 4.268042e-03 1.932343e-07 2.365271e-03
23 1.140905e-03 1.450241e-03 1.926402e-07 1.203120e-03
24 1.762959e-03 3.359248e-03 1.924363e-07 2.042996e-03
25 9.337701e-04 1.192609e-03 1.921692e-07 9.889526e-04
26 1.369378e-03 2.099947e-03 1.920356e-07 1.508047e-03
27 7.805431e-04 9.304601e-04 1.919268e-07 8.239213e-04
28 1.001456e-03 1.324553e-03 1.918533e-07 1.087000e-03
29 6.270634e-04 7.221151e-04 1.917986e-07 6.617184e-04
30 6.880842e-04 9.719967e-04 1.917592e-07 7.487107e-04
31 4.850301e-04 5.664287e-04 1.917305e-07 5.149996e-04
1 3.271438e-02 8.936310e-02 3.562828e-03 3.446947e-02
2 2.691382e-02 4.305615e-02 7.398999e-04 2.809378e-02
3 9.003254e-03 1.953984e-02 1.403677e-04 9.560387e-03
4 2.975316e-03 8.367245e-03 5.210414e-06 3.050512e-03
5 4.913524e-03 7.420611e-03 2.920239e-06 5.111499e-03
6 6.952392e-04 1.585181e-03 1.626713e-06 7.923469e-04
7 4.602759e-03 8.279827e-03 1.133214e-06 4.858134e-03
8 1.011371e-03 1.593817e-03 6.625693e-07 1.022117e-03
9 2.605678e-03 4.837956e-03 5.632104e-07 2.719739e-03
10 7.025501e-04 1.231458e-03 3.385245e-07 7.309626e-04
11 5.743895e-03 1.390619e-02 3.015536e-07 6.331994e-03
12 1.025115e-03 1.677025e-03 2.453475e-07 1.115225e-03
13 3.534020e-03 1.067150e-02 2.319495e-07 4.532155e-03
14 1.454710e-03 2.268138e-03 2.143793e-07 1.590193e-03
15 2.536178e-03 7.200297e-03 2.124504e-07 3.346926e-03
16 1.291619e-03 1.595784e-03 2.006311e-07 1.394337e-03
17 2.764347e-03 7.378654e-03 1.986804e-07 3.829818e-03
18 1.454389e-03 2.175283e-03 1.963887e-07 1.589628e-03
19 1.848246e-03 3.961669e-03 1.953159e-07 2.249766e-03
20 1.220250e-03 1.537613e-03 1.942515e-07 1.308161e-03
21 1.648081e-03 3.340578e-03 1.938225e-07 2.013845e-03
22 1.045867e-03 1.202819e-03 1.933430e-07 1.122937e-03
23 1.235425e-03 2.162477e-03 1.931161e-07 1.438812e-03
24 9.151866e-04 1.130241e-03 1.929500e-07 9.914670e-04
25 8.300158e-04 1.167582e-03 1.928452e-07 9.098535e-04
26 7.425182e-04 9.624145e-04 1.927752e-07 8.128602e-04
1 5.596122e-02 8.948716e-02 7.258737e-03 5.639185e-02
2 5.124623e-02 6.150453e-02 3.335360e-03 5.140991e-02
3 2.057193e-02 4.166048e-02 2.857395e-03 2.144363e-02
4 1.969153e-02 3.855213e-02 2.333490e-03 2.016898e-02
5 1.768618e-02 3.482842e-02 1.047945e-04 1.804304e-02
6 3.063922e-03 7.181718e-03 3.907311e-05 3.109237e-03
7 1.093262e-03 4.220525e-03 4.525703e-06 1.218521e-03
8 4.269752e-03 6.403588e-03 2.637531e-06 4.541113e-03
9 1.431914e-03 1.962380e-03 1.474548e-06 1.453980e-03
10 2.389485e-03 4.742417e-03 1.045472e-06 3.179855e-03
11 8.663386e-04 1.413259e-03 6.115019e-07 8.861107e-04
12 5.917317e-03 6.811726e-03 4.764226e-07 6.002152e-03
13 1.218453e-03 2.234667e-03 3.527628e-07 1.240498e-03
14 3.558825e-03 5.013980e-03 2.934107e-07 3.601517e-03
15 1.160031e-03 1.729693e-03 2.457701e-07 1.176685e-03
16 3.729909e-03 7.043445e-03 2.452570e-07 3.937149e-03
17 9.330495e-04 1.101155e-03 2.124141e-07 1.004379e-03
18 3.188982e-03 6.242022e-03 2.081386e-07 3.604638e-03
19 1.499846e-03 2.053130e-03 2.039547e-07 1.571420e-03
20 1.741312e-03 2.870523e-03 2.017561e-07 1.859402e-03
21 1.266856e-03 1.567488e-03 2.003732e-07 1.324852e-03
22 1.340084e-03 2.107501e-03 1.995729e-07 1.439608e-03
23 1.051846e-03 1.200952e-03 1.990687e-07 1.105168e-03
24 9.311992e-04 1.295620e-03 1.987552e-07 9.843295e-04
25 8.113128e-04 8.803942e-04 1.985568e-07 8.565935e-04
26 6.315711e-04 7.048242e-04 1.984275e-07 6.580935e-04
1 7.991101e-03 9.879936e-03 2.044530e-07 8.406464e-03
2 3.475844e-03 4.940222e-03 2.023351e-07 3.745047e-03
3 5.670400e-03 7.149795e-03 2.013328e-07 5.989845e-03
4 3.332006e-03 4.600939e-03 2.004155e-07 3.577635e-03
5 4.070792e-03 5.144084e-03 1.997853e-07 4.299218e-03
6 2.892640e-03 3.861950e-03 1.992925e-07 3.085205e-03
7 2.966627e-03 3.744905e-03 1.989210e-07 3.130795e-03
8 2.349937e-03 3.042777e-03 1.986387e-07 2.492326e-03
9 2.156494e-03 2.721421e-03 1.984246e-07 2.276402e-03
10 1.797115e-03 2.284604e-03 1.982632e-07 1.901168e-03
11 1.552270e-03 1.958685e-03 1.981416e-07 1.640991e-03
12 1.307108e-03 1.650840e-03 1.980503e-07 1.383767e-03
13 1.103224e-03 1.392184e-03 1.979817e-07 1.169149e-03
14 9.273059e-04 1.183203e-03 1.979303e-07 9.840186e-04
15 7.797222e-04 1.004998e-03 1.978917e-07 8.283425e-04
16 6.556572e-04 8.531819e-04 1.978627e-07 6.972253e-04
1 9.482236e-03 9.621729e-03 1.977012e-07 9.981322e-03
2 3.470036e-03 4.453835e-03 1.967530e-07 3.675295e-03
3 5.455779e-03 5.902738e-03 1.964349e-07 5.811662e-03
4 3.650548e-03 4.398543e-03 1.959854e-07 3.837103e-03
5 3.339606e-03 3.844134e-03 1.956913e-07 3.568310e-03
6 2.746471e-03 3.222901e-03 1.954039e-07 2.879514e-03
7 2.780950e-03 3.018089e-03 1.952570e-07 2.977547e-03
8 2.013462e-03 2.322440e-03 1.950831e-07 2.108977e-03
9 2.101584e-03 2.230217e-03 1.949990e-07 2.241225e-03
10 1.437953e-03 1.670796e-03 1.949250e-07 1.508537e-03
11 1.385830e-03 1.514415e-03 1.948831e-07 1.470497e-03
12 9.780054e-04 1.162991e-03 1.948551e-07 1.030771e-03
13 8.132529e-04 9.613609e-04 1.948372e-07 8.623286e-04
14 6.024384e-04 7.507286e-04 1.948254e-07 6.392139e-04
15 4.578925e-04 5.909025e-04 1.948174e-07 4.872851e-04
1 7.165922e-03 7.256338e-03 1.964799e-07 7.619910e-03
2 3.005017e-03 3.709177e-03 1.960797e-07 3.182660e-03
3 3.724987e-03 3.878370e-03 1.959451e-07 4.015703e-03
4 2.760009e-03 3.175193e-03 1.957694e-07 2.913046e-03
5 2.232288e-03 2.462467e-03 1.956554e-07 2.390889e-03
6 1.853160e-03 2.111330e-03 1.955658e-07 1.952467e-03
7 1.656320e-03 1.744562e-03 1.955154e-07 1.784481e-03
8 1.160643e-03 1.348012e-03 1.954739e-07 1.224346e-03
9 1.076935e-03 1.131534e-03 1.954522e-07 1.165557e-03
10 6.915089e-04 8.235908e-04 1.954378e-07 7.340126e-04
11 5.795998e-04 6.514220e-04 1.954297e-07 6.267752e-04
12 3.906352e-04 4.775572e-04 1.954250e-07 4.185905e-04
1 2.983406e-03 3.257914e-03 1.959585e-07 3.180660e-03
2 1.244257e-03 1.579284e-03 1.958802e-07 1.328909e-03
3 1.449386e-03 1.579936e-03 1.958533e-07 1.552590e-03
4 8.301717e-04 1.015799e-03 1.958367e-07 8.838222e-04
5 6.911299e-04 7.965916e-04 1.958283e-07 7.423217e-04
6 4.579433e-04 5.598203e-04 1.958239e-07 4.899049e-04
1 1.415928e-03 1.616092e-03 1.955470e-07 1.493036e-03
2 7.206012e-04 8.652812e-04 1.955389e-07 7.616894e-04
3 5.185690e-04 6.111796e-04 1.955356e-07 5.497684e-04
4 3.227900e-04 3.946408e-04 1.955342e-07 3.434797e-04
1 4.635114e-03 5.383772e-03 1.951888e-07 4.908324e-03
2 1.412077e-03 1.903550e-03 1.950264e-07 1.520209e-03
3 2.116407e-03 2.388671e-03 1.949765e-07 2.239201e-03
4 1.078246e-03 1.347336e-03 1.949474e-07 1.147169e-03
5 9.917935e-04 1.142212e-03 1.949327e-07 1.051165e-03
6 6.489015e-04 7.834817e-04 1.949249e-07 6.893718e-04
7 4.681180e-04 5.697627e-04 1.949206e-07 4.987052e-04
8 3.266301e-04 4.080073e-04 1.949181e-07 3.488130e-04
1 6.312344e-03 7.291902e-03 1.949834e-07 6.670695e-03
2 1.567946e-03 2.184148e-03 1.944898e-07 1.699852e-03
3 3.026841e-03 3.449510e-03 1.943837e-07 3.198923e-03
4 1.390383e-03 1.811795e-03 1.943029e-07 1.488607e-03
5 1.543270e-03 1.778892e-03 1.942611e-07 1.632875e-03
6 9.792779e-04 1.207726e-03 1.942362e-07 1.040856e-03
7 7.961984e-04 9.606309e-04 1.942209e-07 8.462333e-04
8 5.770708e-04 7.153853e-04 1.942112e-07 6.152745e-04
9 4.302809e-04 5.418135e-04 1.942048e-07 4.601078e-04
1 5.921823e-03 6.729667e-03 1.946602e-07 6.244409e-03
2 1.607924e-03 2.232359e-03 1.941633e-07 1.738197e-03
3 2.897270e-03 3.319157e-03 1.940395e-07 3.062432e-03
4 1.448181e-03 1.888787e-03 1.939474e-07 1.547586e-03
5 1.544672e-03 1.810207e-03 1.938949e-07 1.636836e-03
6 1.035057e-03 1.290639e-03 1.938615e-07 1.100515e-03
7 8.492384e-04 1.042419e-03 1.938397e-07 9.041521e-04
8 6.376668e-04 8.026623e-04 1.938252e-07 6.808417e-04
9 4.911619e-04 6.274044e-04 1.938153e-07 5.259304e-04
1 1.773163e-02 3.493243e-02 1.894584e-07 2.040285e-02
2 1.021330e-02 1.030138e-02 1.833282e-07 1.021744e-02
3 3.956477e-03 7.327434e-03 1.788717e-07 4.749580e-03
4 1.319503e-03 3.402933e-03 1.744860e-07 1.778572e-03
5 3.873013e-03 6.937183e-03 1.712931e-07 4.490540e-03
6 1.131211e-03 3.168675e-03 1.674364e-07 1.610779e-03
7 3.233818e-03 6.526923e-03 1.655336e-07 3.718819e-03
8 1.117532e-03 3.072115e-03 1.614057e-07 1.586558e-03
9 2.444902e-03 6.724132e-03 1.595731e-07 2.852326e-03
10 1.726550e-03 4.125450e-03 1.570181e-07 2.173583e-03
11 1.447759e-03 4.132410e-03 1.549273e-07 1.774325e-03
12 1.437424e-03 3.308414e-03 1.525868e-07 1.747739e-03
13 1.319956e-03 4.486689e-03 1.512440e-07 1.613491e-03
14 1.232364e-03 2.619333e-03 1.486052e-07 1.465156e-03
15 1.205603e-03 5.329435e-03 1.473982e-07 1.502556e-03
16 1.167717e-03 3.220039e-03 1.456236e-07 1.383604e-03
17 1.035112e-03 3.581132e-03 1.441530e-07 1.249275e-03
18 9.856854e-04 2.740406e-03 1.424871e-07 1.163277e-03
19 9.456055e-04 3.968567e-03 1.415285e-07 1.170697e-03
20 8.465348e-04 2.217546e-03 1.396109e-07 9.951739e-04
21 8.897957e-04 4.813889e-03 1.387399e-07 1.196248e-03
22 8.192091e-04 2.784183e-03 1.374269e-07 9.979902e-04
23 7.581132e-04 3.227062e-03 1.363443e-07 9.606771e-04
24 7.099070e-04 2.393526e-03 1.350831e-07 8.769261e-04
1 2.167537e-02 3.459737e-02 1.348135e-07 2.554555e-02
2 1.133492e-02 1.271172e-02 1.321815e-07 1.136424e-02
3 7.130647e-03 9.673890e-03 1.306418e-07 7.960655e-03
4 2.377977e-03 4.813702e-03 1.285717e-07 2.830087e-03
5 4.406215e-03 6.530822e-03 1.271411e-07 4.907275e-03
6 1.577256e-03 3.623112e-03 1.250462e-07 1.961276e-03
7 5.764931e-03 7.477230e-03 1.240778e-07 6.255062e-03
8 2.252227e-03 4.823989e-03 1.225585e-07 2.753781e-03
9 3.423195e-03 4.529132e-03 1.215615e-07 3.729095e-03
10 1.775211e-03 4.469450e-03 1.199600e-07 2.271270e-03
11 3.737466e-03 5.411163e-03 1.196344e-07 4.074068e-03
12 1.354034e-03 4.474551e-03 1.179813e-07 1.830751e-03
13 3.549870e-03 4.998620e-03 1.171647e-07 3.851868e-03
14 1.114595e-03 5.016715e-03 1.160708e-07 1.605434e-03
15 1.280800e-03 2.891296e-03 1.150035e-07 1.659788e-03
16 2.571027e-03 3.801925e-03 1.145790e-07 2.800314e-03
17 1.023422e-03 2.365770e-03 1.134299e-07 1.318828e-03
18 2.324139e-03 4.262259e-03 1.129951e-07 2.538973e-03
19 1.460581e-03 2.681972e-03 1.123319e-07 1.675183e-03
20 1.356562e-03 2.634474e-03 1.118099e-07 1.501877e-03
21 1.231060e-03 2.189319e-03 1.112083e-07 1.385698e-03
22 1.273920e-03 2.874320e-03 1.109567e-07 1.427981e-03
23 1.042738e-03 1.820660e-03 1.102321e-07 1.160793e-03
24 1.214783e-03 4.177230e-03 1.099695e-07 1.438693e-03
25 1.107704e-03 1.712503e-03 1.095485e-07 1.216529e-03
26 9.114161e-04 2.701607e-03 1.092712e-07 1.058740e-03
27 9.282479e-04 1.383423e-03 1.088536e-07 1.015948e-03
28 8.721662e-04 3.928812e-03 1.086600e-07 1.103856e-03
29 8.465415e-04 2.107249e-03 1.083702e-07 9.606218e-04
30 7.418732e-04 2.474077e-03 1.081226e-07 8.694106e-04
31 7.104483e-04 2.103647e-03 1.078775e-07 8.234228e-04
1 2.121264e-02 3.693523e-02 1.135021e-07 2.502272e-02
2 1.088412e-02 1.406145e-02 1.112999e-07 1.093034e-02
3 8.658342e-03 1.242489e-02 1.108044e-07 9.555953e-03
4 1.769113e-03 2.643196e-03 1.093622e-07 1.909668e-03
5 6.320629e-03 9.227969e-03 1.087976e-07 6.967244e-03
6 2.182897e-03 3.078147e-03 1.079048e-07 2.350228e-03
7 3.685205e-03 5.552337e-03 1.073258e-07 4.060044e-03
8 1.647096e-03 2.812827e-03 1.065169e-07 1.788100e-03
9 3.509539e-03 4.867464e-03 1.060947e-07 3.782529e-03
10 1.288296e-03 3.313861e-03 1.055750e-07 1.464902e-03
11 3.423681e-03 6.205810e-03 1.050511e-07 3.755630e-03
12 1.768260e-03 2.763597e-03 1.045152e-07 1.940041e-03
13 2.146571e-03 4.212002e-03 1.044886e-07 2.408631e-03
14 1.357168e-03 2.295927e-03 1.037184e-07 1.523586e-03
15 2.548899e-03 5.495631e-03 1.035264e-07 2.959120e-03
16 1.441323e-03 2.164092e-03 1.032047e-07 1.566025e-03
17 1.760893e-03 3.415145e-03 1.030788e-07 1.962491e-03
18 1.124405e-03 1.787658e-03 1.027287e-07 1.237121e-03
19 1.960110e-03 4.059376e-03 1.026061e-07 2.242499e-03
20 1.268784e-03 1.991599e-03 1.024357e-07 1.366636e-03
21 1.240848e-03 2.242351e-03 1.023170e-07 1.361616e-03
22 1.036642e-03 1.664440e-03 1.021849e-07 1.117935e-03
23 1.212943e-03 2.253292e-03 1.021414e-07 1.359576e-03
24 7.945244e-04 1.288778e-03 1.020129e-07 8.576073e-04
25 1.190424e-03 2.563560e-03 1.019744e-07 1.372167e-03
26 9.147944e-04 1.715783e-03 1.019250e-07 9.997495e-04
27 7.013702e-04 1.472402e-03 1.018914e-07 7.748652e-04
28 7.326484e-04 1.439809e-03 1.018625e-07 8.087928e-04
1 1.964742e-02 3.657197e-02 1.064078e-07 2.302793e-02
2 9.994208e-03 1.134194e-02 1.046906e-07 1.001378e-02
3 7.792400e-03 1.747752e-02 1.043741e-07 9.370028e-03
4 3.573936e-03 5.312327e-03 1.039478e-07 3.883308e-03
5 1.724174e-03 4.588168e-03 1.033794e-07 1.979345e-03
6 4.553295e-03 6.597932e-03 1.030814e-07 4.901456e-03
7 2.072595e-03 3.899615e-03 1.026896e-07 2.308824e-03
8 2.761591e-03 4.505546e-03 1.025638e-07 2.998247e-03
9 1.523827e-03 3.387474e-03 1.020892e-07 1.727054e-03
10 3.416253e-03 6.630605e-03 1.019585e-07 3.798556e-03
11 1.630905e-03 3.709285e-03 1.017170e-07 1.815704e-03
12 2.228227e-03 4.356326e-03 1.016054e-07 2.486333e-03
13 1.628828e-03 3.337432e-03 1.014587e-07 1.772212e-03
14 1.468012e-03 2.420650e-03 1.013453e-07 1.599547e-03
15 1.321780e-03 3.302864e-03 1.012473e-07 1.456171e-03
16 1.349234e-03 2.512271e-03 1.011805e-07 1.490973e-03
17 1.093259e-03 3.711910e-03 1.011257e-07 1.258946e-03
18 1.212982e-03 2.462585e-03 1.010769e-07 1.366616e-03
19 1.020652e-03 4.273464e-03 1.010437e-07 1.250076e-03
20 6.659037e-04 1.038795e-03 1.010159e-07 7.245966e-04
21 8.754974e-04 2.062363e-03 1.010017e-07 9.755871e-04
22 4.443590e-04 7.174561e-04 1.009887e-07 4.846727e-04
1 1.683513e-02 5.103796e-02 1.036577e-07 2.195043e-02
2 1.261469e-02 1.423744e-02 1.028464e-07 1.269803e-02
3 3.136477e-03 1.217915e-02 1.026545e-07 4.446220e-03
4 2.065346e-03 4.322041e-03 1.020793e-07 2.453204e-03
5 3.543431e-03 1.137642e-02 1.019816e-07 4.453832e-03
6 2.457237e-03 4.838082e-03 1.016080e-07 2.838705e-03
7 2.251823e-03 8.276733e-03 1.015008e-07 3.011816e-03
8 2.147936e-03 4.451243e-03 1.012805e-07 2.499736e-03
9 1.912238e-03 6.407361e-03 1.011916e-07 2.454278e-03
10 1.969882e-03 4.378888e-03 1.010620e-07 2.315095e-03
11 1.483860e-03 4.466359e-03 1.009808e-07 1.834814e-03
12 1.639075e-03 3.403782e-03 1.008929e-07 1.901232e-03
13 1.215121e-03 4.195483e-03 1.008878e-07 1.580675e-03
14 1.176420e-03 2.221775e-03 1.008025e-07 1.337789e-03
15 1.062950e-03 3.954088e-03 1.007886e-07 1.451383e-03
16 7.598998e-04 1.792744e-03 1.007711e-07 8.903464e-04
17 7.041403e-04 2.268738e-03 1.007636e-07 8.839270e-04
18 4.127835e-04 8.639337e-04 1.007572e-07 4.691448e-04
1 1.993057e-02 5.125629e-02 1.027407e-07 2.546495e-02
2 1.328934e-02 1.379109e-02 1.020552e-07 1.333855e-02
3 2.391435e-03 1.242440e-02 1.018220e-07 3.891893e-03
4 1.845335e-03 4.856039e-03 1.014460e-07 2.443062e-03
5 2.989710e-03 1.150263e-02 1.013264e-07 4.037586e-03
6 2.265091e-03 5.497423e-03 1.011026e-07 2.853523e-03
7 1.723913e-03 7.743260e-03 1.010101e-07 2.499427e-03
8 1.852598e-03 5.011809e-03 1.008782e-07 2.382606e-03
9 1.511127e-03 5.666977e-03 1.008072e-07 2.039258e-03
10 1.494499e-03 3.836473e-03 1.007140e-07 1.900534e-03
11 1.196633e-03 5.608470e-03 1.006840e-07 1.742121e-03
12 1.116129e-03 3.342028e-03 1.006456e-07 1.442248e-03
13 8.857965e-04 3.616183e-03 1.006257e-07 1.226224e-03
14 6.617203e-04 2.085717e-03 1.006075e-07 8.490856e-04
15 5.823085e-04 3.130311e-03 1.006044e-07 8.989903e-04
16 2.980529e-04 9.653399e-04 1.005944e-07 3.692149e-04
1 2.188902e-02 5.400934e-02 1.022707e-07 2.521979e-02
2 1.365187e-02 1.297621e-02 1.017248e-07 1.367321e-02
3 1.533053e-03 9.511452e-03 1.015933e-07 2.601406e-03
4 4.086336e-03 8.728193e-03 1.014109e-07 4.976273e-03
5 1.608142e-03 1.313506e-02 1.010805e-07 3.024796e-03
6 9.059264e-04 3.176666e-03 1.006956e-07 1.267494e-03
7 3.081441e-03 1.253922e-02 1.006446e-07 4.227623e-03
8 1.487214e-03 4.540841e-03 1.005276e-07 1.889905e-03
9 1.485324e-03 7.414847e-03 1.004941e-07 2.163928e-03
10 1.299996e-03 4.249330e-03 1.004419e-07 1.670077e-03
11 1.003227e-03 4.300461e-03 1.004200e-07 1.371184e-03
12 8.745380e-04 3.651109e-03 1.003906e-07 1.151565e-03
13 6.617216e-04 2.859990e-03 1.003780e-07 8.949899e-04
14 5.364670e-04 3.236734e-03 1.003747e-07 7.926492e-04
15 2.851962e-04 8.136748e-04 1.003632e-07 3.336803e-04
1 2.283020e-02 4.694507e-02 1.019978e-07 2.481326e-02
2 1.381005e-02 1.354302e-02 1.015212e-07 1.381344e-02
3 1.318806e-03 5.940040e-03 1.010446e-07 2.006825e-03
4 4.722267e-03 8.802210e-03 1.008391e-07 5.623074e-03
5 1.547265e-03 4.413407e-03 1.006275e-07 2.032311e-03
6 2.702748e-03 7.291640e-03 1.005387e-07 3.327351e-03
7 1.004114e-03 3.119426e-03 1.003631e-07 1.318551e-03
8 2.476772e-03 7.861456e-03 1.003081e-07 3.118712e-03
9 1.489091e-03 4.031980e-03 1.002404e-07 1.832061e-03
10 1.116383e-03 3.960797e-03 1.002047e-07 1.434281e-03
11 1.092638e-03 3.515755e-03 1.001631e-07 1.357425e-03
12 8.359134e-04 3.626505e-03 1.001571e-07 1.130947e-03
13 7.254656e-04 3.139157e-03 1.001330e-07 9.738379e-04
14 5.346980e-04 2.150042e-03 1.001180e-07 7.291334e-04
15 4.313130e-04 2.007022e-03 1.001136e-07 6.179169e-04
1 2.232673e-02 4.607271e-02 1.018429e-07 2.351792e-02
2 1.390923e-02 1.378424e-02 1.015149e-07 1.391428e-02
3 1.550039e-03 8.206158e-03 1.012680e-07 2.387377e-03
4 5.463312e-03 1.459927e-02 1.008119e-07 6.796240e-03
5 1.315596e-03 2.588267e-03 1.004259e-07 1.584193e-03
6 3.483656e-03 9.694946e-03 1.003572e-07 4.571616e-03
7 1.681568e-03 2.910475e-03 1.002075e-07 1.949150e-03
8 1.851672e-03 5.806645e-03 1.001562e-07 2.479745e-03
9 1.541452e-03 3.101061e-03 1.000826e-07 1.815559e-03
10 1.242603e-03 3.563518e-03 1.000472e-07 1.550764e-03
11 1.132154e-03 2.327551e-03 9.999919e-08 1.306671e-03
12 9.437051e-04 2.807373e-03 9.998770e-08 1.198602e-03
13 7.176345e-04 1.622264e-03 9.996375e-08 8.282604e-04
14 5.722308e-04 1.493105e-03 9.995651e-08 6.720186e-04
15 4.070318e-04 1.240238e-03 9.995239e-08 4.968681e-04
1 2.246270e-02 3.955087e-02 1.016588e-07 2.338521e-02
2 1.375821e-02 1.365221e-02 1.012669e-07 1.376221e-02
3 1.675650e-03 8.123204e-03 1.008792e-07 2.604303e-03
4 1.521920e-03 2.938032e-03 1.005797e-07 1.921216e-03
5 3.499818e-03 7.967911e-03 1.004607e-07 4.368763e-03
6 1.980972e-03 3.538459e-03 1.003014e-07 2.382525e-03
7 1.833180e-03 5.005633e-03 1.002435e-07 2.364588e-03
8 1.560072e-03 2.510823e-03 1.001009e-07 1.813407e-03
9 1.654362e-03 5.144846e-03 1.000650e-07 2.228561e-03
10 1.336173e-03 2.621311e-03 1.000139e-07 1.559443e-03
11 1.128561e-03 3.141918e-03 9.998884e-08 1.413457e-03
12 9.179009e-04 1.778367e-03 9.996052e-08 1.043432e-03
13 7.522562e-04 1.628868e-03 9.994852e-08 8.977939e-04
14 5.614491e-04 1.025015e-03 9.994084e-08 6.284944e-04
15 4.213472e-04 1.013599e-03 9.993708e-08 4.876888e-04
1 2.039557e-02 3.406382e-02 1.017056e-07 2.154432e-02
2 1.056425e-02 1.058096e-02 1.007819e-07 1.056461e-02
3 4.670595e-03 1.842057e-02 1.006806e-07 7.012485e-03
4 2.703569e-03 6.479675e-03 1.005122e-07 3.379215e-03
5 1.528356e-03 6.312016e-03 1.004556e-07 2.085373e-03
6 2.725069e-03 7.974704e-03 1.003314e-07 3.455702e-03
7 1.171581e-03 5.591515e-03 1.001956e-07 1.698019e-03
8 2.134825e-03 7.180056e-03 1.001067e-07 2.676652e-03
9 1.213378e-03 1.778865e-03 1.000429e-07 1.351897e-03
10 1.110825e-03 3.690534e-03 1.000272e-07 1.406163e-03
11 8.311630e-04 1.039644e-03 9.999814e-08 9.076185e-04
12 6.525719e-04 1.632672e-03 9.998832e-08 7.497270e-04
13 5.131815e-04 7.094572e-04 9.998214e-08 5.608671e-04
1 2.032636e-02 3.783957e-02 1.013555e-07 2.239132e-02
2 1.343409e-02 1.289307e-02 1.009221e-07 1.345543e-02
3 1.409226e-03 7.054808e-03 1.007336e-07 2.366759e-03
4 3.822677e-03 5.977353e-03 1.006712e-07 4.389870e-03
5 1.257835e-03 8.248578e-03 1.003510e-07 2.493620e-03
6 8.102403e-04 2.066828e-03 1.001566e-07 1.079744e-03
7 2.750256e-03 7.528339e-03 1.001096e-07 3.449959e-03
8 1.339984e-03 2.840026e-03 1.000596e-07 1.613546e-03
9 1.190972e-03 3.625835e-03 1.000342e-07 1.528398e-03
10 8.800894e-04 1.553275e-03 1.000103e-07 1.000451e-03
11 7.943257e-04 2.347169e-03 1.000005e-07 9.781060e-04
12 4.960565e-04 6.756551e-04 9.999387e-08 5.416814e-04
13 3.733093e-04 5.509007e-04 9.999073e-08 4.089008e-04
