1.000009e+00 1.000004e+00
1.000008e+00 1.000005e+00
1.000006e+00 1.000004e+00
1.000006e+00 1.000004e+00
1.000004e+00 1.000003e+00
1.000003e+00 1.000002e+00
1.000015e+00 1.000003e+00
1.000083e+00 1.000007e+00
1.000010e+00 1.000002e+00
1.000051e+00 1.000006e+00
1.000079e+00 1.000008e+00
1.000009e+00 1.000002e+00
1.000012e+00 1.000004e+00
1.000009e+00 1.000001e+00
1.000010e+00 1.000002e+00
1.000009e+00 1.000002e+00
1.000013e+00 1.000004e+00
1.000011e+00 1.000004e+00
1.000009e+00 1.000002e+00
1.000007e+00 1.000001e+00
1.000007e+00 1.000004e+00
1.000005e+00 1.000003e+00
1.000017e+00 1.000007e+00
1.000021e+00 1.000009e+00
1.000015e+00 1.000008e+00
1.000007e+00 1.000002e+00
1.000236e+00 1.000020e+00
1.000095e+00 1.000016e+00
1.000017e+00 1.000003e+00
1.000015e+00 1.000002e+00
1.000019e+00 1.000002e+00
1.000018e+00 1.000001e+00
1.000047e+00 1.000006e+00
1.000029e+00 1.000004e+00
1.000019e+00 1.000002e+00
1.000023e+00 1.000004e+00
1.000023e+00 1.000003e+00
1.000022e+00 1.000002e+00
1.000022e+00 1.000002e+00
1.000022e+00 1.000002e+00
1.000023e+00 1.000002e+00
1.000022e+00 1.000002e+00
1.000022e+00 1.000002e+00
1.000021e+00 1.000001e+00
1.000023e+00 1.000002e+00
1.000007e+00 1.000004e+00
1.000005e+00 1.000003e+00
1.000017e+00 1.000007e+00
1.000021e+00 1.000009e+00
1.000015e+00 1.000008e+00
1.000007e+00 1.000002e+00
1.000012e+00 1.000002e+00
1.000011e+00 1.000002e+00
1.000007e+00 1.000001e+00
1.000005e+00 1.000001e+00
1.000011e+00 1.000002e+00
1.000013e+00 1.000002e+00
1.000014e+00 1.000002e+00
1.000229e+00 1.000024e+00
1.000061e+00 1.000014e+00
1.000018e+00 1.000003e+00
1.000014e+00 1.000002e+00
1.000017e+00 1.000002e+00
1.000082e+00 1.000007e+00
1.000031e+00 1.000004e+00
1.000016e+00 1.000002e+00
1.000019e+00 1.000002e+00
1.000022e+00 1.000003e+00
1.000023e+00 1.000003e+00
1.000023e+00 1.000002e+00
1.000007e+00 1.000004e+00
1.000006e+00 1.000003e+00
1.000008e+00 1.000004e+00
1.000028e+00 1.000011e+00
1.000020e+00 1.000010e+00
1.000007e+00 1.000002e+00
1.000004e+00 1.000002e+00
1.000004e+00 1.000002e+00
1.000004e+00 1.000002e+00
1.000006e+00 1.000001e+00
1.000007e+00 1.000002e+00
1.000006e+00 1.000002e+00
1.000007e+00 1.000002e+00
1.000228e+00 1.000023e+00
1.000093e+00 1.000017e+00
1.000033e+00 1.000010e+00
1.000008e+00 1.000003e+00
1.000007e+00 1.000002e+00
1.000005e+00 1.000001e+00
1.000005e+00 1.000001e+00
1.000065e+00 1.000005e+00
1.000023e+00 1.000003e+00
1.000014e+00 1.000003e+00
1.000014e+00 1.000004e+00
1.000007e+00 1.000002e+00
