7 1217
7 1214
7 1218
7 1216
7 1218
14 1234
15 1235
7 1244
8 1305
8 1291
8 1275
8 1279
11 1302
11 1372
8 1401
8 1426
9 1469
10 1500
13 1537
13 1548
14 1572
10 1588
12 1579
8 1598
8 1602
8 1612
18 1609
19 1653
8 1637
46 1669
63 1703
42 1770
35 1823
51 1912
39 1959
37 2058
15 2062
63 2129
48 2173
44 2273
29 2367
32 2622
35 2920
18 2960
32 3330
27 3580
39 3967
20 4311
54 4681
31 4803
37 4987
49 5312
40 5595
36 5639
41 5689
97 6062
32 6103
43 6263
75 6313
83 6379
32 6499
34 6502
109 6518
79 6570
302 6584
87 6577
174 6771
379 6695
112 6812
15 6741
20 6968
41 6879
157 6677
28 6674
23 6779
38 6681
74 6911
93 7087
200 7034
836 6964
51 6851
40 6692
56 6772
51 6800
20 6704
10 6659
11 6674
24 6657
