1.060127e+00 1.000176e+00 9.982825e-01 9.998470e-01
1.060737e+00 1.000281e+00 9.977137e-01 9.997456e-01
1.060878e+00 1.000301e+00 9.972882e-01 9.997266e-01
1.060869e+00 1.000253e+00 9.973476e-01 9.997716e-01
1.060736e+00 1.000174e+00 9.976643e-01 9.998458e-01
1.060761e+00 1.000186e+00 9.980594e-01 9.998373e-01
1.061133e+00 1.000332e+00 9.978732e-01 9.996968e-01
1.061708e+00 1.000509e+00 9.967080e-01 9.995287e-01
1.062131e+00 1.000679e+00 9.954895e-01 9.993671e-01
1.062674e+00 1.000870e+00 9.940162e-01 9.991863e-01
1.063159e+00 1.001087e+00 9.924779e-01 9.989834e-01
1.063592e+00 1.001311e+00 9.909182e-01 9.987711e-01
1.064062e+00 1.001536e+00 9.893702e-01 9.985589e-01
1.064563e+00 1.001765e+00 9.878432e-01 9.983537e-01
1.064953e+00 1.002013e+00 9.863155e-01 9.981445e-01
1.065258e+00 1.002269e+00 9.849122e-01 9.979161e-01
1.065656e+00 1.002549e+00 9.836004e-01 9.976669e-01
1.066154e+00 1.002857e+00 9.815205e-01 9.973978e-01
1.066759e+00 1.003190e+00 9.792138e-01 9.971070e-01
1.067404e+00 1.003542e+00 9.770185e-01 9.967996e-01
1.068085e+00 1.003904e+00 9.749314e-01 9.964834e-01
1.069037e+00 1.004310e+00 9.720962e-01 9.961328e-01
1.070150e+00 1.004737e+00 9.690204e-01 9.957722e-01
1.071304e+00 1.005197e+00 9.657793e-01 9.953831e-01
1.072525e+00 1.005692e+00 9.623876e-01 9.949681e-01
1.073857e+00 1.006218e+00 9.588391e-01 9.945309e-01
1.074970e+00 1.006716e+00 9.555868e-01 9.941103e-01
1.076548e+00 1.007258e+00 9.521288e-01 9.936711e-01
1.078721e+00 1.007871e+00 9.481409e-01 9.931889e-01
1.079083e+00 1.008209e+00 9.459239e-01 9.928697e-01
1.079470e+00 1.008448e+00 9.449198e-01 9.926512e-01
1.081107e+00 1.008841e+00 9.434353e-01 9.923338e-01
1.082684e+00 1.009313e+00 9.406383e-01 9.919727e-01
1.083123e+00 1.009678e+00 9.373991e-01 9.916618e-01
1.085046e+00 1.010222e+00 9.336555e-01 9.912423e-01
1.086474e+00 1.010747e+00 9.301140e-01 9.908410e-01
1.089923e+00 1.011528e+00 9.248124e-01 9.903238e-01
1.092783e+00 1.012019e+00 9.217332e-01 9.899078e-01
1.098144e+00 1.012683e+00 9.179649e-01 9.894354e-01
1.105329e+00 1.013415e+00 9.131830e-01 9.889370e-01
1.113708e+00 1.014290e+00 9.082192e-01 9.883644e-01
1.122643e+00 1.015173e+00 9.032247e-01 9.877989e-01
1.132220e+00 1.016157e+00 8.981309e-01 9.871985e-01
1.144832e+00 1.017364e+00 8.917201e-01 9.865601e-01
1.157599e+00 1.018617e+00 8.855700e-01 9.859265e-01
1.172320e+00 1.020128e+00 8.789761e-01 9.852336e-01
1.187816e+00 1.021741e+00 8.728805e-01 9.845471e-01
1.206732e+00 1.023763e+00 8.667345e-01 9.838304e-01
1.222813e+00 1.025740e+00 8.612653e-01 9.830463e-01
1.242722e+00 1.028193e+00 8.467833e-01 9.822373e-01
1.262958e+00 1.030928e+00 8.290700e-01 9.813405e-01
1.279190e+00 1.033635e+00 8.076936e-01 9.804036e-01
1.296746e+00 1.036873e+00 7.904209e-01 9.793573e-01
1.314541e+00 1.040529e+00 7.766807e-01 9.782160e-01
1.331028e+00 1.044268e+00 7.651877e-01 9.769592e-01
1.342012e+00 1.047265e+00 7.554277e-01 9.756906e-01
1.365160e+00 1.051733e+00 7.505390e-01 9.742440e-01
1.384358e+00 1.055976e+00 7.440508e-01 9.727765e-01
1.401187e+00 1.059953e+00 7.407431e-01 9.712849e-01
1.415502e+00 1.063794e+00 7.393689e-01 9.698553e-01
1.438863e+00 1.068846e+00 7.337583e-01 9.681799e-01
1.460854e+00 1.074027e+00 7.176236e-01 9.664573e-01
1.471674e+00 1.077950e+00 7.101878e-01 9.650034e-01
1.488992e+00 1.082445e+00 6.974927e-01 9.633446e-01
1.483045e+00 1.082512e+00 7.030845e-01 9.630667e-01
1.497000e+00 1.086955e+00 6.927294e-01 9.616859e-01
1.502809e+00 1.090142e+00 6.891828e-01 9.607391e-01
1.488922e+00 1.089245e+00 7.009063e-01 9.612383e-01
1.500681e+00 1.093419e+00 6.913737e-01 9.599486e-01
1.528786e+00 1.099394e+00 6.737829e-01 9.579048e-01
1.549055e+00 1.105459e+00 6.590097e-01 9.558252e-01
1.563548e+00 1.111251e+00 6.507367e-01 9.538283e-01
1.571442e+00 1.114680e+00 6.468797e-01 9.526764e-01
1.591439e+00 1.120814e+00 6.311036e-01 9.504894e-01
1.611711e+00 1.127126e+00 6.135057e-01 9.482641e-01
1.624251e+00 1.133225e+00 6.071283e-01 9.461192e-01
1.636117e+00 1.138775e+00 5.994623e-01 9.441788e-01
1.647288e+00 1.144195e+00 5.919001e-01 9.422839e-01
1.651033e+00 1.147847e+00 5.908619e-01 9.410076e-01
1.620796e+00 1.142551e+00 5.918775e-01 9.429393e-01
1.631135e+00 1.148246e+00 5.858573e-01 9.407430e-01
1.646286e+00 1.154544e+00 5.791748e-01 9.384383e-01
1.660548e+00 1.160759e+00 5.724653e-01 9.362171e-01
1.673456e+00 1.166984e+00 5.654627e-01 9.339291e-01
1.689783e+00 1.173617e+00 5.563579e-01 9.317126e-01
1.703566e+00 1.180340e+00 5.492133e-01 9.294842e-01
1.716614e+00 1.187091e+00 5.424045e-01 9.272463e-01
1.727775e+00 1.193731e+00 5.376289e-01 9.249468e-01
