1 2.763529e-01 1.617517e-01 8.287490e-07 2.048356e-01
2 2.185050e-02 1.711121e-02 8.772491e-08 1.658656e-02
3 8.867724e-03 7.057497e-03 7.740796e-08 6.889904e-03
4 8.348577e-03 8.074907e-03 7.456347e-08 6.894177e-03
5 1.079246e-02 8.704684e-03 7.405510e-08 8.231746e-03
6 5.425999e-03 5.723533e-03 7.382216e-08 4.521406e-03
7 3.920841e-03 4.418784e-03 7.365299e-08 3.481606e-03
8 3.221944e-03 3.672222e-03 7.349366e-08 2.905332e-03
9 2.788362e-03 3.036545e-03 7.334256e-08 2.484922e-03
10 2.444180e-03 2.498943e-03 7.322778e-08 2.145165e-03
11 2.104462e-03 2.093232e-03 7.315296e-08 1.851867e-03
12 1.751840e-03 1.778054e-03 7.310868e-08 1.567337e-03
13 1.479811e-03 1.552784e-03 7.308015e-08 1.341614e-03
14 1.244261e-03 1.314649e-03 7.306144e-08 1.141197e-03
15 1.059944e-03 1.150185e-03 7.304835e-08 9.807609e-04
16 9.246016e-04 1.046341e-03 7.303821e-08 8.567740e-04
17 8.154575e-04 9.578559e-04 7.302970e-08 7.539850e-04
1 8.099709e-02 5.590561e-02 1.076217e-07 6.177047e-02
2 2.099342e-02 1.345517e-02 1.038431e-07 1.552859e-02
3 1.476760e-02 1.404600e-02 9.888640e-08 1.280469e-02
4 1.005801e-02 9.229200e-03 9.257331e-08 8.302085e-03
5 7.981441e-03 8.190056e-03 9.011639e-08 6.744230e-03
6 1.528291e-02 1.122128e-02 8.927356e-08 1.154131e-02
7 5.702020e-03 6.540246e-03 8.908799e-08 5.155510e-03
8 4.605458e-03 4.806879e-03 8.901253e-08 4.459960e-03
9 3.673634e-03 3.822162e-03 8.896380e-08 3.549936e-03
10 2.939331e-03 3.001275e-03 8.891385e-08 2.814322e-03
11 2.365559e-03 2.368270e-03 8.883478e-08 2.238133e-03
12 1.906088e-03 1.901879e-03 8.860478e-08 1.780185e-03
13 1.712130e-03 1.534017e-03 8.800758e-08 1.495015e-03
14 1.542835e-03 1.119729e-03 8.768880e-08 1.250610e-03
15 1.258380e-03 9.323144e-04 8.759757e-08 1.022356e-03
16 1.034698e-03 8.096498e-04 8.757446e-08 8.500456e-04
17 8.549332e-04 7.076464e-04 8.756760e-08 7.169840e-04
18 7.139302e-04 5.985885e-04 8.756480e-08 6.073335e-04
1 7.804902e-02 5.716291e-02 1.181629e-07 6.099871e-02
2 1.231089e-02 8.967036e-03 9.890245e-08 9.443137e-03
3 1.879070e-02 1.544893e-02 9.197111e-08 1.656568e-02
4 1.052885e-02 8.999326e-03 9.024865e-08 8.949087e-03
5 1.206325e-02 9.795901e-03 8.751283e-08 9.194086e-03
6 7.809908e-03 8.106543e-03 8.562897e-08 7.109954e-03
7 5.937900e-03 6.611811e-03 8.525482e-08 5.637534e-03
8 4.444987e-03 5.181231e-03 8.516405e-08 4.319951e-03
9 3.367153e-03 4.032729e-03 8.513763e-08 3.321367e-03
10 2.626247e-03 3.152195e-03 8.512582e-08 2.583795e-03
11 2.113964e-03 2.469877e-03 8.511857e-08 2.038418e-03
12 1.743538e-03 1.945977e-03 8.511340e-08 1.635598e-03
13 1.462287e-03 1.544576e-03 8.510945e-08 1.335257e-03
14 1.242241e-03 1.235574e-03 8.510628e-08 1.107842e-03
15 1.066149e-03 9.961539e-04 8.510365e-08 9.326434e-04
16 9.227289e-04 8.094074e-04 8.510143e-08 7.954094e-04
17 8.045677e-04 6.700582e-04 8.509950e-08 6.864809e-04
1 6.894755e-02 5.788842e-02 1.091869e-07 5.767637e-02
2 1.070373e-02 1.134209e-02 1.056876e-07 8.863296e-03
3 2.028587e-02 1.947486e-02 1.010855e-07 1.790057e-02
4 1.490452e-02 1.515932e-02 9.586882e-08 1.331391e-02
5 1.083390e-02 1.090901e-02 9.095126e-08 9.256081e-03
6 7.938962e-03 8.335460e-03 9.002746e-08 6.922967e-03
7 5.788489e-03 6.819463e-03 8.979368e-08 5.336081e-03
8 4.218456e-03 5.171807e-03 8.971809e-08 3.959075e-03
9 3.145322e-03 3.895525e-03 8.967831e-08 2.955960e-03
10 2.436922e-03 2.948870e-03 8.964563e-08 2.252146e-03
11 1.963635e-03 2.258573e-03 8.959595e-08 1.759515e-03
12 1.661626e-03 1.773645e-03 8.941405e-08 1.414320e-03
13 1.568486e-03 1.457234e-03 8.866251e-08 1.236960e-03
14 1.345452e-03 1.100154e-03 8.827198e-08 1.025817e-03
15 1.098444e-03 8.563758e-04 8.814965e-08 8.348180e-04
16 8.961786e-04 6.788760e-04 8.811560e-08 6.942726e-04
17 7.476580e-04 6.161621e-04 8.810449e-08 5.983336e-04
1 7.860827e-02 5.771713e-02 3.642789e-07 6.418798e-02
2 2.519054e-02 2.383001e-02 1.040409e-07 2.142162e-02
3 2.297573e-02 2.335677e-02 9.674541e-08 2.073953e-02
4 1.475086e-02 1.622288e-02 9.512260e-08 1.331574e-02
5 1.233165e-02 1.408722e-02 9.387397e-08 1.133725e-02
6 8.671939e-03 1.018405e-02 9.113874e-08 7.901715e-03
7 6.106843e-03 7.267725e-03 8.960409e-08 5.489177e-03
8 4.115799e-03 4.930693e-03 8.918591e-08 3.680545e-03
9 2.965567e-03 3.460685e-03 8.907788e-08 2.611274e-03
10 2.197734e-03 2.341550e-03 8.903338e-08 1.906799e-03
11 1.771522e-03 1.586058e-03 8.899637e-08 1.547053e-03
12 1.562538e-03 1.728504e-03 8.896363e-08 1.411980e-03
13 1.389105e-03 1.664401e-03 8.893855e-08 1.282834e-03
14 1.216706e-03 1.502722e-03 8.891887e-08 1.129909e-03
15 1.067941e-03 1.342922e-03 8.890186e-08 9.923778e-04
16 9.523740e-04 1.218232e-03 8.888478e-08 8.872889e-04
17 8.672239e-04 1.122343e-03 8.886599e-08 8.112011e-04
1 6.132308e-02 5.401854e-02 1.165998e-07 5.602339e-02
2 1.366095e-02 1.576729e-02 1.141496e-07 1.273671e-02
3 1.995177e-02 2.302408e-02 1.100943e-07 1.850178e-02
4 1.504954e-02 1.779886e-02 1.059986e-07 1.421774e-02
5 9.865609e-03 1.133258e-02 1.000845e-07 8.851210e-03
6 6.477250e-03 7.614184e-03 9.851112e-08 5.839904e-03
7 4.265946e-03 5.111930e-03 9.809680e-08 3.829634e-03
8 2.905673e-03 3.480669e-03 9.799386e-08 2.594817e-03
9 2.092768e-03 2.441209e-03 9.794593e-08 1.847746e-03
10 1.588496e-03 1.746927e-03 9.790803e-08 1.380227e-03
11 1.275716e-03 1.281479e-03 9.784363e-08 1.079718e-03
12 1.177912e-03 9.723028e-04 9.743332e-08 9.179882e-04
13 1.163704e-03 8.857062e-04 9.665385e-08 8.963168e-04
14 1.037716e-03 7.429573e-04 9.623170e-08 7.947350e-04
1 5.921823e-02 5.636119e-02 1.147915e-07 5.384935e-02
2 1.462637e-02 1.630376e-02 1.126216e-07 1.369711e-02
3 1.765794e-02 2.061458e-02 1.070789e-07 1.640164e-02
4 1.273468e-02 1.518967e-02 1.036751e-07 1.198769e-02
5 7.662450e-03 9.563871e-03 1.023745e-07 7.344075e-03
6 5.309340e-03 6.415262e-03 9.964256e-08 4.791992e-03
7 3.579652e-03 4.322516e-03 9.831479e-08 3.145149e-03
8 2.522112e-03 2.952482e-03 9.771167e-08 2.157388e-03
9 1.766163e-03 2.060384e-03 9.753019e-08 1.498068e-03
10 1.279997e-03 1.473470e-03 9.747576e-08 1.084572e-03
11 9.775484e-04 1.073716e-03 9.745726e-08 8.220457e-04
12 7.674540e-04 7.983735e-04 9.745057e-08 6.457096e-04
13 6.180507e-04 6.160534e-04 9.744765e-08 5.223944e-04
1 5.634264e-02 5.403303e-02 1.194240e-07 5.091872e-02
2 1.462407e-02 1.642764e-02 1.179608e-07 1.408581e-02
3 1.531596e-02 1.790774e-02 1.138663e-07 1.458590e-02
4 1.129846e-02 1.354302e-02 1.091201e-07 1.089990e-02
5 7.606985e-03 8.562196e-03 1.048848e-07 6.823815e-03
6 5.639682e-03 6.574790e-03 1.027915e-07 5.133532e-03
7 3.592282e-03 4.400908e-03 1.021372e-07 3.293456e-03
8 2.353565e-03 2.989693e-03 1.019653e-07 2.167793e-03
9 1.632643e-03 2.057509e-03 1.018766e-07 1.474908e-03
10 1.209767e-03 1.448811e-03 1.017726e-07 1.047447e-03
11 1.139972e-03 1.051526e-03 1.012649e-07 8.854635e-04
12 1.103065e-03 9.398142e-04 1.004841e-07 8.732421e-04
13 9.534266e-04 8.988630e-04 1.000968e-07 7.555885e-04
1 5.375922e-02 4.769106e-02 1.218564e-07 4.802534e-02
2 1.417966e-02 1.593474e-02 1.205763e-07 1.369115e-02
3 1.401470e-02 1.574416e-02 1.159274e-07 1.338974e-02
4 1.095642e-02 1.266345e-02 1.121597e-07 1.060491e-02
5 6.654465e-03 8.043894e-03 1.108699e-07 6.503773e-03
6 4.892221e-03 5.961716e-03 1.086804e-07 4.693314e-03
7 3.607562e-03 3.931354e-03 1.062403e-07 3.148189e-03
8 2.401635e-03 2.682630e-03 1.054823e-07 2.084864e-03
9 1.662435e-03 1.843237e-03 1.052097e-07 1.418274e-03
10 1.148285e-03 1.278670e-03 1.051251e-07 9.687626e-04
11 8.231719e-04 9.022716e-04 1.050945e-07 6.838544e-04
12 6.109895e-04 6.537764e-04 1.050821e-07 5.030920e-04
1 5.098351e-02 5.093531e-02 1.276687e-07 4.565882e-02
2 1.292908e-02 1.506028e-02 1.264156e-07 1.272380e-02
3 1.299449e-02 1.412288e-02 1.223707e-07 1.248766e-02
4 9.601753e-03 1.103517e-02 1.186494e-07 9.487909e-03
5 6.450712e-03 7.202972e-03 1.135487e-07 5.997747e-03
6 4.601156e-03 5.382346e-03 1.115058e-07 4.330364e-03
7 3.159133e-03 3.653121e-03 1.103948e-07 2.874243e-03
8 2.116067e-03 2.482760e-03 1.099986e-07 1.904052e-03
9 1.437213e-03 1.711775e-03 1.098310e-07 1.281217e-03
10 1.101219e-03 1.204986e-03 1.095609e-07 9.193069e-04
11 1.332653e-03 1.013387e-03 1.086571e-07 1.021287e-03
12 1.115833e-03 1.045135e-03 1.079610e-07 9.008667e-04
13 8.838783e-04 8.460988e-04 1.076665e-07 7.178833e-04
14 6.068429e-04 6.776244e-04 1.075613e-07 4.896668e-04
1 4.945424e-02 6.210291e-02 1.254243e-07 4.483700e-02
2 1.169803e-02 1.376063e-02 1.242224e-07 1.152285e-02
3 1.212747e-02 1.294363e-02 1.197547e-07 1.143448e-02
4 9.006026e-03 9.609930e-03 1.172188e-07 8.480858e-03
5 6.012986e-03 6.458219e-03 1.151127e-07 5.501835e-03
6 4.103817e-03 4.459315e-03 1.123455e-07 3.648011e-03
7 2.914354e-03 3.024918e-03 1.105190e-07 2.493019e-03
8 2.068190e-03 2.145761e-03 1.099672e-07 1.725593e-03
9 1.409288e-03 1.499465e-03 1.097799e-07 1.175584e-03
10 9.706009e-04 1.065060e-03 1.097133e-07 8.118650e-04
11 6.796388e-04 7.674026e-04 1.096872e-07 5.709480e-04
12 4.881829e-04 5.628482e-04 1.096763e-07 4.113654e-04
1 4.726401e-02 7.064476e-02 1.365172e-07 4.464223e-02
2 1.065243e-02 1.262524e-02 1.352968e-07 1.059977e-02
3 1.066999e-02 1.135389e-02 1.318814e-07 9.993265e-03
4 8.186913e-03 8.927701e-03 1.276071e-07 7.704705e-03
5 5.907759e-03 5.737015e-03 1.227125e-07 5.082261e-03
6 4.024079e-03 4.149290e-03 1.212697e-07 3.568491e-03
7 3.196795e-03 3.233795e-03 1.201932e-07 2.762300e-03
8 2.132905e-03 2.159362e-03 1.195227e-07 1.807966e-03
9 1.485713e-03 1.508742e-03 1.192136e-07 1.238697e-03
10 1.085247e-03 1.058022e-03 1.188967e-07 8.765064e-04
11 1.052293e-03 8.906621e-04 1.182252e-07 8.291308e-04
12 9.179447e-04 8.824283e-04 1.174133e-07 7.833436e-04
1 4.554493e-02 7.622736e-02 1.434839e-07 4.499688e-02
2 9.667743e-03 1.122014e-02 1.417557e-07 9.448793e-03
3 1.008346e-02 9.398431e-03 1.359265e-07 8.846127e-03
4 7.702641e-03 7.345084e-03 1.324557e-07 6.777111e-03
5 6.014185e-03 5.660021e-03 1.297251e-07 5.215596e-03
6 3.855745e-03 3.660389e-03 1.269629e-07 3.338055e-03
7 3.023500e-03 2.513797e-03 1.244258e-07 2.442587e-03
8 2.095380e-03 1.726994e-03 1.234031e-07 1.656406e-03
9 1.537693e-03 1.203165e-03 1.228422e-07 1.200327e-03
10 1.032855e-03 8.532503e-04 1.226475e-07 8.127037e-04
11 7.136494e-04 6.058567e-04 1.225465e-07 5.683727e-04
12 4.969517e-04 4.746605e-04 1.224897e-07 3.989454e-04
1 4.320083e-02 7.777564e-02 1.466032e-07 4.460835e-02
2 8.647544e-03 9.008080e-03 1.456772e-07 8.237572e-03
3 9.147231e-03 7.960969e-03 1.425971e-07 8.146967e-03
4 6.769062e-03 6.129186e-03 1.395772e-07 6.033462e-03
5 5.255626e-03 3.946432e-03 1.354259e-07 4.220190e-03
6 3.859511e-03 2.876925e-03 1.336503e-07 3.074452e-03
7 3.154797e-03 2.399237e-03 1.321570e-07 2.560237e-03
8 2.302228e-03 1.838905e-03 1.309857e-07 1.901652e-03
9 1.752952e-03 1.328120e-03 1.303049e-07 1.370996e-03
10 1.187241e-03 8.785461e-04 1.299398e-07 9.203633e-04
11 9.266625e-04 7.487254e-04 1.294863e-07 7.084259e-04
12 8.427236e-04 9.589490e-04 1.287463e-07 6.993263e-04
1 3.970186e-02 7.470171e-02 1.651097e-07 4.273899e-02
2 8.086110e-03 9.110330e-03 1.625634e-07 7.451319e-03
3 9.096792e-03 8.285113e-03 1.583477e-07 8.113369e-03
4 7.552406e-03 6.870242e-03 1.541233e-07 6.615407e-03
5 5.859640e-03 5.413939e-03 1.520326e-07 5.115474e-03
6 4.568758e-03 4.325834e-03 1.502740e-07 4.007610e-03
7 3.443392e-03 2.715254e-03 1.487527e-07 2.750713e-03
8 2.652529e-03 2.267135e-03 1.468302e-07 2.198213e-03
9 2.168513e-03 1.681068e-03 1.438090e-07 1.697250e-03
10 1.760917e-03 1.253040e-03 1.426726e-07 1.340782e-03
11 1.318518e-03 1.198271e-03 1.415631e-07 1.033858e-03
12 9.644190e-04 1.145007e-03 1.409052e-07 7.855094e-04
13 6.851459e-04 7.268931e-04 1.406456e-07 5.381535e-04
14 4.788136e-04 4.360332e-04 1.405309e-07 3.727044e-04
1 3.705208e-02 6.916465e-02 1.581702e-07 4.093329e-02
2 7.967685e-03 9.508944e-03 1.575297e-07 7.518616e-03
3 8.360290e-03 8.609674e-03 1.560465e-07 8.176148e-03
4 7.511817e-03 7.523449e-03 1.525874e-07 7.099337e-03
5 4.913036e-03 4.636605e-03 1.504988e-07 4.257896e-03
6 4.483218e-03 4.156382e-03 1.471150e-07 3.837874e-03
7 3.662037e-03 3.103356e-03 1.441263e-07 2.962412e-03
8 2.591104e-03 2.281375e-03 1.430860e-07 2.116354e-03
9 1.855489e-03 1.603944e-03 1.424561e-07 1.500800e-03
10 1.482706e-03 1.062460e-03 1.419026e-07 1.132544e-03
11 1.012186e-03 6.844588e-04 1.415835e-07 7.715231e-04
12 7.897695e-04 5.996046e-04 1.412322e-07 5.962906e-04
13 6.670039e-04 5.842956e-04 1.407965e-07 5.157910e-04
1 3.743532e-02 6.235474e-02 1.818808e-07 4.010505e-02
2 8.363247e-03 9.810497e-03 1.811202e-07 8.581183e-03
3 8.404983e-03 8.795784e-03 1.757291e-07 8.487432e-03
4 5.984169e-03 5.696965e-03 1.723132e-07 5.278236e-03
5 4.996297e-03 4.824224e-03 1.701061e-07 4.412019e-03
6 4.086993e-03 3.932033e-03 1.689775e-07 3.604825e-03
7 3.453822e-03 3.360872e-03 1.675615e-07 3.081560e-03
8 2.552036e-03 2.214477e-03 1.668304e-07 2.099066e-03
9 2.111686e-03 1.879850e-03 1.656925e-07 1.773049e-03
10 1.702794e-03 1.274168e-03 1.643854e-07 1.324909e-03
11 1.451129e-03 1.150715e-03 1.633492e-07 1.125298e-03
12 1.215189e-03 1.037931e-03 1.623748e-07 9.333174e-04
13 8.839994e-04 8.929743e-04 1.619726e-07 7.002269e-04
14 5.875524e-04 7.573710e-04 1.617600e-07 4.661368e-04
1 3.942448e-02 5.703352e-02 1.760502e-07 4.080106e-02
2 9.055697e-03 9.620784e-03 1.756154e-07 9.120469e-03
3 8.434412e-03 9.102689e-03 1.750144e-07 8.928285e-03
4 6.783702e-03 7.237928e-03 1.737769e-07 6.953006e-03
5 5.527594e-03 6.011322e-03 1.721727e-07 5.653626e-03
6 3.884120e-03 3.899521e-03 1.712673e-07 3.608928e-03
7 3.166684e-03 3.366748e-03 1.700988e-07 3.018330e-03
8 2.377104e-03 2.323613e-03 1.683302e-07 2.067231e-03
9 1.721228e-03 1.672326e-03 1.668204e-07 1.437242e-03
10 1.525778e-03 1.243080e-03 1.657539e-07 1.193773e-03
11 1.069266e-03 9.777062e-04 1.654187e-07 8.516250e-04
12 1.018724e-03 8.685081e-04 1.649793e-07 8.085983e-04
13 8.192217e-04 8.256454e-04 1.646559e-07 6.378865e-04
1 4.169516e-02 5.326494e-02 2.058060e-07 4.204503e-02
2 9.780243e-03 9.573717e-03 2.053591e-07 9.606894e-03
3 9.211626e-03 9.524643e-03 2.051170e-07 9.592199e-03
4 5.524180e-03 6.053577e-03 2.040642e-07 5.700009e-03
5 4.295944e-03 4.674013e-03 2.034598e-07 4.354201e-03
6 3.312895e-03 3.708950e-03 2.029220e-07 3.338322e-03
7 2.295470e-03 2.574738e-03 2.022849e-07 2.170261e-03
8 1.595198e-03 1.813933e-03 2.017802e-07 1.448104e-03
9 1.194327e-03 1.309001e-03 2.012010e-07 1.019753e-03
10 9.426230e-04 9.548032e-04 2.006347e-07 7.642836e-04
11 7.192298e-04 7.280444e-04 2.002496e-07 5.781696e-04
12 6.645285e-04 5.575538e-04 1.997725e-07 5.139876e-04
1 4.347776e-02 5.212529e-02 2.633485e-07 4.313150e-02
2 1.050177e-02 9.984204e-03 2.625867e-07 1.017925e-02
3 1.022471e-02 1.001790e-02 2.586312e-07 1.024552e-02
4 6.472875e-03 6.493116e-03 2.551147e-07 6.027147e-03
5 5.626579e-03 5.850236e-03 2.534305e-07 5.385936e-03
6 5.009624e-03 5.326992e-03 2.515158e-07 4.873526e-03
7 4.086111e-03 4.464731e-03 2.504667e-07 4.039741e-03
8 3.689362e-03 3.862020e-03 2.472010e-07 3.435441e-03
9 2.709116e-03 2.735040e-03 2.465228e-07 2.359557e-03
10 2.524730e-03 2.523158e-03 2.445989e-07 2.196210e-03
11 2.269173e-03 1.795733e-03 2.439251e-07 1.792454e-03
12 2.062980e-03 1.669042e-03 2.421290e-07 1.669294e-03
13 1.822993e-03 1.571142e-03 2.416142e-07 1.460690e-03
14 1.651408e-03 1.562813e-03 2.405220e-07 1.348421e-03
15 1.500689e-03 1.687329e-03 2.396653e-07 1.254575e-03
16 1.264957e-03 1.674593e-03 2.390078e-07 1.129511e-03
17 1.081982e-03 1.690544e-03 2.384212e-07 1.016323e-03
18 9.436049e-04 1.589968e-03 2.379241e-07 9.285098e-04
19 8.534420e-04 1.491672e-03 2.376131e-07 8.593729e-04
20 7.780994e-04 1.377267e-03 2.373188e-07 7.923208e-04
1 4.601052e-02 5.432233e-02 2.845963e-07 4.639369e-02
2 9.231915e-03 9.893257e-03 2.839019e-07 9.154029e-03
3 1.039033e-02 1.103311e-02 2.837847e-07 1.077505e-02
4 5.983074e-03 6.667304e-03 2.834181e-07 6.264097e-03
5 4.547742e-03 4.945638e-03 2.830778e-07 4.672799e-03
6 3.002062e-03 3.305100e-03 2.828381e-07 2.975764e-03
7 2.097558e-03 2.296092e-03 2.826054e-07 1.960489e-03
8 1.543998e-03 1.622046e-03 2.824391e-07 1.391467e-03
9 1.195606e-03 1.156132e-03 2.822618e-07 1.048247e-03
10 9.840440e-04 1.096030e-03 2.820654e-07 8.633221e-04
11 8.620630e-04 1.029339e-03 2.818238e-07 7.574940e-04
12 7.779135e-04 9.646221e-04 2.815336e-07 6.862688e-04
1 4.491871e-02 5.449865e-02 3.740930e-07 4.565159e-02
2 9.510245e-03 1.072025e-02 3.734770e-07 9.467146e-03
3 1.080575e-02 1.152619e-02 3.730796e-07 1.118527e-02
4 6.319257e-03 7.030337e-03 3.716428e-07 6.527623e-03
5 4.941857e-03 5.199194e-03 3.689733e-07 4.736266e-03
6 3.328087e-03 3.672983e-03 3.679008e-07 3.069277e-03
7 2.847854e-03 3.242087e-03 3.658872e-07 2.618173e-03
8 2.175005e-03 2.418495e-03 3.646987e-07 1.844791e-03
9 1.938254e-03 2.087123e-03 3.628232e-07 1.629082e-03
10 1.872061e-03 1.500164e-03 3.615967e-07 1.509361e-03
11 1.659664e-03 1.792776e-03 3.602598e-07 1.394891e-03
12 1.439792e-03 1.831208e-03 3.596519e-07 1.218618e-03
13 1.231270e-03 1.634134e-03 3.588408e-07 1.073564e-03
14 1.004630e-03 1.416676e-03 3.580635e-07 8.543306e-04
15 9.651866e-04 1.687884e-03 3.575722e-07 8.786850e-04
16 8.522013e-04 1.430135e-03 3.569244e-07 7.726525e-04
1 4.662507e-02 5.349164e-02 4.268575e-07 4.621256e-02
2 9.385843e-03 1.145309e-02 4.261650e-07 9.390580e-03
3 1.068317e-02 1.148368e-02 4.250680e-07 1.078856e-02
4 7.040935e-03 8.237319e-03 4.232445e-07 6.972066e-03
5 5.938190e-03 6.542093e-03 4.209569e-07 5.711748e-03
6 4.381788e-03 4.556816e-03 4.198724e-07 3.918041e-03
7 3.847971e-03 4.127708e-03 4.171589e-07 3.513881e-03
8 2.419422e-03 2.656314e-03 4.163017e-07 2.125283e-03
9 2.109505e-03 2.475940e-03 4.147818e-07 1.865415e-03
10 1.929512e-03 2.153688e-03 4.131767e-07 1.589391e-03
11 1.701808e-03 1.906821e-03 4.108484e-07 1.404622e-03
12 1.781330e-03 1.591862e-03 4.095776e-07 1.391360e-03
13 1.402594e-03 1.421866e-03 4.066542e-07 1.111370e-03
14 1.397087e-03 1.250725e-03 4.056284e-07 1.071880e-03
15 1.192904e-03 1.090399e-03 4.037944e-07 9.196875e-04
16 1.121971e-03 1.224044e-03 4.031545e-07 8.895288e-04
17 1.021957e-03 1.431081e-03 4.017392e-07 8.495101e-04
1 4.705138e-02 5.223507e-02 6.668567e-07 4.566089e-02
2 1.965181e-02 1.927787e-02 4.870294e-07 1.849450e-02
3 1.255085e-02 1.380753e-02 4.867436e-07 1.302306e-02
4 6.932851e-03 8.500327e-03 4.859682e-07 7.159826e-03
5 4.727884e-03 5.466048e-03 4.849909e-07 4.525854e-03
6 3.979166e-03 4.455018e-03 4.837845e-07 3.725819e-03
7 3.109771e-03 3.501379e-03 4.831369e-07 2.817565e-03
8 2.698015e-03 3.178200e-03 4.817536e-07 2.494890e-03
9 1.882421e-03 2.230441e-03 4.813287e-07 1.619953e-03
10 1.704555e-03 2.059172e-03 4.802015e-07 1.473450e-03
11 1.474517e-03 1.651983e-03 4.792613e-07 1.254600e-03
12 1.355408e-03 1.838901e-03 4.783093e-07 1.237510e-03
13 1.396395e-03 1.821888e-03 4.773715e-07 1.243099e-03
14 1.233002e-03 1.656909e-03 4.759732e-07 1.106204e-03
15 1.344553e-03 1.395787e-03 4.749628e-07 1.109083e-03
16 1.091805e-03 1.380082e-03 4.730505e-07 9.493937e-04
17 1.214180e-03 1.279258e-03 4.719157e-07 1.018638e-03
18 1.003382e-03 1.041854e-03 4.702699e-07 8.504158e-04
19 1.005812e-03 7.650432e-04 4.695329e-07 8.226966e-04
20 7.967772e-04 6.994472e-04 4.686096e-07 6.630365e-04
1 4.218406e-02 5.244011e-02 5.637365e-07 4.192132e-02
2 8.769576e-03 1.188279e-02 5.633105e-07 8.968264e-03
3 8.940471e-03 1.138028e-02 5.630664e-07 9.207811e-03
4 5.667372e-03 7.192884e-03 5.624751e-07 5.711506e-03
5 3.669084e-03 4.640181e-03 5.622066e-07 3.654722e-03
6 2.334733e-03 3.024374e-03 5.620525e-07 2.295357e-03
7 1.626133e-03 2.000838e-03 5.616296e-07 1.483054e-03
8 1.186377e-03 1.361151e-03 5.612289e-07 1.020201e-03
9 9.074457e-04 9.497820e-04 5.609007e-07 7.565055e-04
10 7.194880e-04 9.094971e-04 5.606222e-07 6.051138e-04
11 5.728272e-04 8.884530e-04 5.604087e-07 5.001009e-04
1 4.326625e-02 5.491359e-02 7.095104e-07 4.192623e-02
2 8.297267e-03 1.176356e-02 7.087544e-07 8.545251e-03
3 7.901388e-03 1.003056e-02 7.068935e-07 7.794434e-03
4 7.138866e-03 9.106713e-03 7.046028e-07 6.934812e-03
5 6.792692e-03 8.306270e-03 7.000826e-07 6.502778e-03
6 5.078918e-03 5.142214e-03 6.982897e-07 4.280105e-03
7 4.660830e-03 4.896009e-03 6.894373e-07 4.014877e-03
8 3.943386e-03 3.725736e-03 6.876695e-07 3.170404e-03
9 3.624814e-03 4.085933e-03 6.804576e-07 3.014855e-03
10 3.085257e-03 2.412607e-03 6.788737e-07 2.339498e-03
11 2.817098e-03 2.295431e-03 6.749010e-07 2.179306e-03
12 2.572091e-03 3.008334e-03 6.674422e-07 2.094408e-03
13 2.517611e-03 3.278875e-03 6.658344e-07 2.062250e-03
14 1.922853e-03 1.460343e-03 6.616658e-07 1.496187e-03
15 1.824378e-03 2.036213e-03 6.602863e-07 1.504059e-03
16 1.495344e-03 1.221279e-03 6.585201e-07 1.180153e-03
17 1.211888e-03 9.005323e-04 6.557824e-07 9.522312e-04
18 1.513905e-03 1.180949e-03 6.535862e-07 1.164940e-03
19 1.213892e-03 1.627441e-03 6.497350e-07 1.037137e-03
20 1.455391e-03 1.953990e-03 6.486840e-07 1.193613e-03
21 1.317946e-03 1.383333e-03 6.465839e-07 1.064380e-03
22 1.422745e-03 1.974574e-03 6.450685e-07 1.261046e-03
23 1.250999e-03 2.056579e-03 6.404499e-07 1.148526e-03
24 1.892344e-03 1.993342e-03 6.394849e-07 1.577225e-03
25 1.700476e-03 2.100610e-03 6.366225e-07 1.503936e-03
26 3.112418e-03 4.828410e-03 6.315065e-07 2.704110e-03
27 2.102717e-03 1.770042e-03 6.302279e-07 1.677792e-03
28 1.862288e-03 2.195345e-03 6.269921e-07 1.601368e-03
29 2.203762e-03 2.245904e-03 6.245893e-07 1.788953e-03
30 1.722061e-03 1.776382e-03 6.211385e-07 1.436926e-03
31 1.459305e-03 1.331642e-03 6.191189e-07 1.223959e-03
32 1.469151e-03 1.793492e-03 6.165097e-07 1.269567e-03
33 1.386960e-03 2.695773e-03 6.153966e-07 1.339106e-03
34 1.411648e-03 3.236211e-03 6.138269e-07 1.491689e-03
35 1.489415e-03 2.897520e-03 6.128215e-07 1.502007e-03
36 1.354545e-03 2.296172e-03 6.111884e-07 1.325156e-03
37 1.589117e-03 2.159604e-03 6.095089e-07 1.498404e-03
38 1.561595e-03 1.286373e-03 6.086378e-07 1.277348e-03
39 1.477949e-03 1.326284e-03 6.060856e-07 1.250884e-03
40 1.609783e-03 1.371355e-03 6.049656e-07 1.367628e-03
41 1.346465e-03 1.602035e-03 6.027249e-07 1.229985e-03
42 1.484047e-03 2.343818e-03 6.019151e-07 1.406774e-03
43 1.255846e-03 2.344545e-03 5.992294e-07 1.277185e-03
44 1.212166e-03 1.224344e-03 5.982667e-07 1.041475e-03
45 9.578478e-04 1.360344e-03 5.970020e-07 8.737205e-04
46 9.016043e-04 1.259538e-03 5.945654e-07 8.143005e-04
47 1.004473e-03 1.428404e-03 5.937170e-07 8.614507e-04
1 4.558600e-02 5.649131e-02 5.754086e-07 4.302069e-02
2 7.297761e-03 1.123247e-02 5.749371e-07 7.705625e-03
3 6.672793e-03 8.821900e-03 5.747705e-07 6.723416e-03
4 3.877161e-03 5.389565e-03 5.745845e-07 3.960279e-03
5 2.407289e-03 3.387526e-03 5.740993e-07 2.467207e-03
6 1.717041e-03 2.122946e-03 5.728748e-07 1.540929e-03
7 1.347023e-03 1.419768e-03 5.720199e-07 1.110307e-03
8 1.098704e-03 1.091910e-03 5.715712e-07 9.035603e-04
9 9.809040e-04 9.368749e-04 5.711643e-07 8.119180e-04
10 8.033630e-04 9.464997e-04 5.708904e-07 6.679137e-04
1 4.584797e-02 6.054742e-02 7.205914e-07 4.450581e-02
2 6.350162e-03 9.860037e-03 7.199816e-07 6.667603e-03
3 5.921265e-03 7.655494e-03 7.195489e-07 5.874900e-03
4 3.342127e-03 4.249718e-03 7.169869e-07 3.124198e-03
5 2.748864e-03 3.409841e-03 7.134553e-07 2.534441e-03
6 3.014994e-03 3.636489e-03 7.124653e-07 2.452560e-03
7 2.785284e-03 3.280201e-03 7.086922e-07 2.279311e-03
8 2.061310e-03 1.637693e-03 7.074507e-07 1.604490e-03
9 1.831421e-03 1.513299e-03 7.046271e-07 1.448919e-03
10 1.750947e-03 1.567356e-03 7.018333e-07 1.374041e-03
11 1.715578e-03 1.826279e-03 6.970713e-07 1.427778e-03
12 2.562054e-03 3.036591e-03 6.958052e-07 2.247835e-03
13 2.229507e-03 2.763092e-03 6.914384e-07 1.962240e-03
14 1.755454e-03 1.467383e-03 6.890907e-07 1.443996e-03
15 2.133609e-03 2.346780e-03 6.871437e-07 1.771660e-03
16 1.894253e-03 1.660472e-03 6.842569e-07 1.522234e-03
17 1.771784e-03 1.281277e-03 6.818347e-07 1.430213e-03
18 1.871428e-03 1.785827e-03 6.779189e-07 1.523244e-03
19 1.668481e-03 2.111316e-03 6.768079e-07 1.439128e-03
20 1.426668e-03 2.129812e-03 6.753855e-07 1.306087e-03
21 1.262998e-03 2.557207e-03 6.738583e-07 1.255370e-03
22 1.445057e-03 2.836576e-03 6.720453e-07 1.467100e-03
23 2.174442e-03 2.143097e-03 6.708552e-07 1.788869e-03
24 2.080988e-03 2.233766e-03 6.686346e-07 1.786469e-03
25 2.309266e-03 2.293676e-03 6.676705e-07 1.882804e-03
26 2.178216e-03 2.223683e-03 6.653227e-07 1.841538e-03
27 2.089740e-03 2.094657e-03 6.644759e-07 1.768771e-03
28 1.919559e-03 1.945393e-03 6.609956e-07 1.671240e-03
29 1.850141e-03 1.930340e-03 6.602359e-07 1.619271e-03
30 1.703836e-03 1.903791e-03 6.587104e-07 1.526923e-03
31 1.717839e-03 1.843389e-03 6.567913e-07 1.561753e-03
32 1.369229e-03 1.509922e-03 6.548661e-07 1.249889e-03
33 1.550422e-03 2.055962e-03 6.538679e-07 1.397732e-03
34 1.265619e-03 1.356717e-03 6.516589e-07 1.129718e-03
35 1.029501e-03 1.139188e-03 6.509680e-07 8.888743e-04
36 8.757664e-04 1.018751e-03 6.496152e-07 7.708498e-04
37 6.702232e-04 7.264391e-04 6.491057e-07 5.808362e-04
1 4.504223e-02 6.332249e-02 6.691092e-07 4.495122e-02
2 6.467966e-03 8.587894e-03 6.685625e-07 6.565905e-03
3 5.992810e-03 7.130715e-03 6.684607e-07 5.963187e-03
4 3.099558e-03 3.753929e-03 6.682601e-07 2.986497e-03
5 1.760965e-03 2.122926e-03 6.681352e-07 1.654110e-03
6 1.019457e-03 1.169617e-03 6.680564e-07 9.373002e-04
7 6.090019e-04 6.601251e-04 6.680020e-07 5.559275e-04
8 4.181135e-04 5.529525e-04 6.679545e-07 3.904067e-04
1 4.604550e-02 6.592464e-02 8.527539e-07 4.641719e-02
2 6.251272e-03 7.464783e-03 8.512791e-07 6.554004e-03
3 6.703584e-03 6.849841e-03 8.488680e-07 6.610288e-03
4 5.661202e-03 5.615968e-03 8.444599e-07 5.477211e-03
5 4.260513e-03 3.216283e-03 8.418852e-07 3.253530e-03
6 3.704452e-03 2.663945e-03 8.348075e-07 2.885732e-03
7 3.474997e-03 2.646631e-03 8.330617e-07 2.605750e-03
8 3.087251e-03 2.664277e-03 8.272877e-07 2.333523e-03
9 3.085471e-03 3.288380e-03 8.252745e-07 2.365063e-03
10 2.784669e-03 3.058174e-03 8.175336e-07 2.159042e-03
11 2.072279e-03 1.796194e-03 8.154505e-07 1.649889e-03
12 1.811093e-03 1.405603e-03 8.106657e-07 1.423443e-03
13 3.899126e-03 8.684635e-03 8.079316e-07 4.256553e-03
14 2.449028e-03 3.752071e-03 8.015513e-07 2.257880e-03
15 2.303988e-03 1.974983e-03 7.991674e-07 1.786207e-03
16 2.701113e-03 3.251185e-03 7.961770e-07 2.156508e-03
17 2.408898e-03 3.265352e-03 7.937409e-07 1.993067e-03
18 2.035955e-03 2.747723e-03 7.914785e-07 1.700344e-03
19 1.736719e-03 2.111964e-03 7.895449e-07 1.467871e-03
20 1.378127e-03 1.451076e-03 7.858837e-07 1.212498e-03
21 1.770937e-03 1.659814e-03 7.820147e-07 1.444782e-03
22 2.230723e-03 3.485983e-03 7.804033e-07 2.025118e-03
23 2.073646e-03 2.943901e-03 7.757954e-07 1.773209e-03
24 2.068842e-03 1.891526e-03 7.736507e-07 1.637867e-03
25 2.074623e-03 1.547568e-03 7.680367e-07 1.699504e-03
26 3.354355e-03 4.215360e-03 7.665754e-07 2.765432e-03
27 2.871514e-03 3.523762e-03 7.636498e-07 2.370775e-03
28 2.567437e-03 2.290053e-03 7.601181e-07 2.083250e-03
29 2.082509e-03 1.845293e-03 7.553342e-07 1.730745e-03
30 2.295534e-03 1.944007e-03 7.541118e-07 1.814339e-03
31 2.170710e-03 1.933111e-03 7.516244e-07 1.736814e-03
32 1.926365e-03 1.510185e-03 7.492611e-07 1.545437e-03
33 1.549514e-03 1.102709e-03 7.483025e-07 1.262028e-03
34 1.234283e-03 9.662653e-04 7.470246e-07 1.030037e-03
35 9.552910e-04 8.987276e-04 7.458570e-07 8.270159e-04
36 7.783813e-04 7.977490e-04 7.439234e-07 6.608586e-04
37 1.191167e-03 1.273206e-03 7.431696e-07 1.000510e-03
38 1.344862e-03 1.810461e-03 7.397815e-07 1.194150e-03
39 2.453980e-03 3.041610e-03 7.388101e-07 2.040701e-03
40 2.355985e-03 2.941177e-03 7.363614e-07 2.015955e-03
41 1.915089e-03 2.156896e-03 7.306818e-07 1.552326e-03
42 2.301479e-03 4.687653e-03 7.294580e-07 2.239108e-03
43 2.061365e-03 4.428716e-03 7.266580e-07 2.090068e-03
44 1.939638e-03 3.079659e-03 7.241944e-07 1.818270e-03
45 1.713310e-03 2.759178e-03 7.212063e-07 1.583024e-03
46 1.121244e-03 1.162212e-03 7.201337e-07 9.717700e-04
47 1.041251e-03 1.156826e-03 7.179350e-07 9.536443e-04
48 1.017546e-03 1.122680e-03 7.148288e-07 8.807892e-04
1 4.867822e-02 6.585854e-02 6.706658e-07 4.783758e-02
2 7.243368e-03 8.128320e-03 6.696757e-07 7.307040e-03
3 7.490143e-03 8.659791e-03 6.683522e-07 7.615552e-03
4 6.714279e-03 7.068917e-03 6.668874e-07 6.113102e-03
5 5.421486e-03 6.301587e-03 6.650456e-07 5.207693e-03
6 4.633164e-03 5.475618e-03 6.637539e-07 4.510975e-03
7 3.903849e-03 4.823630e-03 6.613571e-07 3.945452e-03
8 2.459632e-03 2.867802e-03 6.592979e-07 2.291699e-03
9 2.056441e-03 2.366546e-03 6.556581e-07 1.918178e-03
10 1.965768e-03 1.893525e-03 6.543648e-07 1.645184e-03
11 1.999192e-03 1.914840e-03 6.476840e-07 1.671488e-03
12 2.243162e-03 1.892989e-03 6.462106e-07 1.780545e-03
13 2.012151e-03 1.853880e-03 6.382754e-07 1.642098e-03
14 2.487316e-03 2.168445e-03 6.370358e-07 1.927517e-03
15 2.474738e-03 2.460545e-03 6.352544e-07 1.982971e-03
16 2.649742e-03 2.542193e-03 6.304202e-07 2.167458e-03
17 2.461413e-03 1.817734e-03 6.288759e-07 1.944219e-03
18 2.739823e-03 2.546505e-03 6.257655e-07 2.226442e-03
19 2.512799e-03 2.215573e-03 6.227996e-07 2.008138e-03
20 2.064075e-03 2.031161e-03 6.218665e-07 1.734988e-03
21 1.790160e-03 2.240532e-03 6.205279e-07 1.558398e-03
22 1.459702e-03 2.502521e-03 6.191248e-07 1.360316e-03
23 1.127255e-03 1.691055e-03 6.178923e-07 9.918456e-04
24 1.184671e-03 1.926367e-03 6.163855e-07 1.060271e-03
25 1.059492e-03 1.086859e-03 6.147851e-07 9.043229e-04
26 1.322149e-03 1.842114e-03 6.123303e-07 1.143369e-03
27 1.853993e-03 3.414152e-03 6.111032e-07 1.847553e-03
28 1.635948e-03 2.539586e-03 6.090554e-07 1.551296e-03
29 1.803419e-03 2.869399e-03 6.057071e-07 1.730246e-03
30 1.457031e-03 2.512321e-03 6.027229e-07 1.378443e-03
31 1.834168e-03 3.638069e-03 6.004642e-07 1.935113e-03
32 1.364777e-03 2.714804e-03 5.964881e-07 1.374190e-03
33 1.897381e-03 3.561049e-03 5.954835e-07 1.849813e-03
34 1.555682e-03 1.513747e-03 5.914146e-07 1.290081e-03
35 2.356078e-03 3.710444e-03 5.902982e-07 2.150647e-03
36 1.588825e-03 2.591780e-03 5.881665e-07 1.451107e-03
37 1.050507e-03 2.169627e-03 5.865838e-07 1.050163e-03
38 7.807295e-04 9.509884e-04 5.850296e-07 7.128051e-04
39 9.874941e-04 1.578946e-03 5.837856e-07 8.903470e-04
40 7.458488e-04 7.673785e-04 5.822637e-07 6.183417e-04
1 4.850367e-02 6.498096e-02 9.521163e-07 4.788885e-02
2 2.276923e-02 2.172541e-02 5.959031e-07 2.104300e-02
3 1.205158e-02 1.336845e-02 5.947284e-07 1.217507e-02
4 1.034042e-02 1.141835e-02 5.928144e-07 1.003712e-02
5 8.706028e-03 9.960320e-03 5.891149e-07 8.596782e-03
6 4.717445e-03 5.318709e-03 5.863004e-07 4.220393e-03
7 4.055445e-03 4.498759e-03 5.817659e-07 3.634825e-03
8 3.910884e-03 3.887825e-03 5.747133e-07 3.262617e-03
9 3.391118e-03 3.652525e-03 5.721844e-07 2.904293e-03
10 2.998795e-03 2.903481e-03 5.682937e-07 2.515297e-03
11 2.809455e-03 2.569789e-03 5.663846e-07 2.274737e-03
12 2.736981e-03 2.355071e-03 5.605279e-07 2.194120e-03
13 3.183412e-03 2.630941e-03 5.591824e-07 2.507090e-03
14 3.265223e-03 2.467166e-03 5.538441e-07 2.592632e-03
15 2.551457e-03 2.606422e-03 5.527469e-07 2.049869e-03
16 2.653267e-03 2.324439e-03 5.513828e-07 2.171797e-03
17 2.162798e-03 2.104259e-03 5.495687e-07 1.816842e-03
18 1.667089e-03 1.260872e-03 5.478278e-07 1.300946e-03
19 1.959520e-03 2.199100e-03 5.465211e-07 1.573121e-03
20 1.736704e-03 1.303956e-03 5.433780e-07 1.336497e-03
21 1.405504e-03 1.608921e-03 5.425332e-07 1.134894e-03
22 1.348475e-03 1.079712e-03 5.390612e-07 1.085807e-03
23 1.503722e-03 1.637733e-03 5.373410e-07 1.342079e-03
24 1.639008e-03 2.439126e-03 5.327637e-07 1.586206e-03
25 2.404940e-03 3.190017e-03 5.307160e-07 2.084425e-03
26 1.934349e-03 2.690674e-03 5.281796e-07 1.743677e-03
27 1.632528e-03 1.996694e-03 5.247697e-07 1.432439e-03
28 1.856521e-03 2.323971e-03 5.227535e-07 1.675058e-03
29 1.906905e-03 2.886069e-03 5.201751e-07 1.723666e-03
30 1.556788e-03 2.667760e-03 5.181606e-07 1.459044e-03
31 1.757926e-03 3.276953e-03 5.156015e-07 1.706962e-03
32 1.272064e-03 1.550233e-03 5.139654e-07 1.083529e-03
33 1.300032e-03 2.118742e-03 5.125274e-07 1.181328e-03
34 8.822269e-04 1.282217e-03 5.103795e-07 7.967757e-04
35 9.976150e-04 1.222970e-03 5.090585e-07 8.760514e-04
36 1.150288e-03 1.189870e-03 5.076208e-07 9.427209e-04
1 4.814644e-02 6.121536e-02 5.930399e-07 4.708821e-02
2 1.225849e-02 1.383949e-02 5.453434e-07 1.154941e-02
3 1.147967e-02 1.340743e-02 5.447744e-07 1.151669e-02
4 6.900006e-03 8.191584e-03 5.435055e-07 6.635758e-03
5 4.636478e-03 5.670998e-03 5.418472e-07 4.463007e-03
6 2.917400e-03 3.239730e-03 5.400904e-07 2.553694e-03
7 2.272218e-03 2.594704e-03 5.374404e-07 2.013963e-03
8 1.829486e-03 1.450156e-03 5.357683e-07 1.421913e-03
9 1.515357e-03 1.575622e-03 5.320979e-07 1.229681e-03
10 1.827543e-03 2.091150e-03 5.310368e-07 1.496190e-03
11 1.646511e-03 2.191710e-03 5.287453e-07 1.380582e-03
12 1.588573e-03 2.166799e-03 5.274230e-07 1.365382e-03
13 1.386802e-03 1.954185e-03 5.263070e-07 1.198855e-03
14 1.323584e-03 1.896791e-03 5.236308e-07 1.138965e-03
15 1.369229e-03 1.363336e-03 5.229565e-07 1.084462e-03
16 1.523291e-03 1.241377e-03 5.212328e-07 1.216853e-03
17 1.647185e-03 1.308171e-03 5.197472e-07 1.299006e-03
18 1.752760e-03 1.481491e-03 5.185011e-07 1.434092e-03
19 1.443400e-03 1.339911e-03 5.177787e-07 1.211140e-03
20 1.145795e-03 1.214421e-03 5.171848e-07 9.966812e-04
21 8.531773e-04 8.536545e-04 5.164129e-07 7.246841e-04
22 8.852863e-04 9.413550e-04 5.154263e-07 7.508710e-04
1 4.609307e-02 5.365991e-02 1.209565e-06 4.491145e-02
2 3.214278e-02 3.235908e-02 5.955201e-07 3.046766e-02
3 1.076686e-02 1.299292e-02 5.951742e-07 1.052552e-02
4 9.810515e-03 1.151948e-02 5.939469e-07 9.473647e-03
5 8.044985e-03 8.868275e-03 5.895727e-07 7.367145e-03
6 5.292222e-03 5.692875e-03 5.850974e-07 4.713504e-03
7 3.937767e-03 3.808175e-03 5.839886e-07 3.236563e-03
8 3.564063e-03 3.544746e-03 5.802697e-07 2.963691e-03
9 3.209441e-03 4.333739e-03 5.769541e-07 2.713013e-03
10 2.391055e-03 3.471916e-03 5.736660e-07 2.090300e-03
11 2.385258e-03 3.360402e-03 5.705382e-07 2.018098e-03
12 2.636157e-03 3.611028e-03 5.667105e-07 2.385390e-03
13 1.756522e-03 2.447591e-03 5.656641e-07 1.522013e-03
14 1.923406e-03 3.318510e-03 5.612247e-07 1.768195e-03
15 1.635481e-03 1.696708e-03 5.597233e-07 1.312510e-03
16 1.233277e-03 2.069522e-03 5.585065e-07 1.102030e-03
17 1.090441e-03 1.884755e-03 5.557626e-07 9.945034e-04
18 8.703785e-04 1.368652e-03 5.548849e-07 7.686373e-04
19 8.763003e-04 1.226197e-03 5.517854e-07 7.934757e-04
1 4.543859e-02 4.680740e-02 1.288380e-06 4.310438e-02
2 3.283767e-02 3.193757e-02 6.463608e-07 3.074190e-02
3 1.044149e-02 1.298297e-02 6.451448e-07 1.015960e-02
4 1.078591e-02 1.281606e-02 6.430465e-07 1.020621e-02
5 9.903870e-03 1.192993e-02 6.399414e-07 9.475205e-03
6 7.303762e-03 8.855936e-03 6.356394e-07 6.880674e-03
7 6.219953e-03 7.251339e-03 6.328277e-07 5.632276e-03
8 5.672509e-03 6.504989e-03 6.297978e-07 5.059106e-03
9 5.217467e-03 5.761184e-03 6.165172e-07 4.508697e-03
10 4.033238e-03 3.463295e-03 6.146195e-07 3.187583e-03
11 3.825401e-03 3.487770e-03 6.115887e-07 3.090421e-03
12 3.750205e-03 3.391898e-03 6.067778e-07 3.120907e-03
13 3.155034e-03 3.879913e-03 6.033817e-07 2.624030e-03
14 2.910944e-03 3.009288e-03 5.999176e-07 2.406851e-03
15 2.715274e-03 2.301379e-03 5.983998e-07 2.133495e-03
16 2.518473e-03 2.555595e-03 5.966947e-07 2.082911e-03
17 2.493490e-03 2.484303e-03 5.937259e-07 2.081736e-03
18 2.792145e-03 1.993992e-03 5.912399e-07 2.125080e-03
19 2.844458e-03 2.340198e-03 5.897313e-07 2.264622e-03
20 2.895597e-03 2.308062e-03 5.830783e-07 2.278045e-03
21 2.014749e-03 2.151634e-03 5.820545e-07 1.665269e-03
22 2.123448e-03 2.381872e-03 5.787141e-07 1.718842e-03
23 2.859361e-03 2.321381e-03 5.752333e-07 2.254149e-03
24 1.800440e-03 2.086677e-03 5.685873e-07 1.518542e-03
25 2.931666e-03 5.845075e-03 5.674848e-07 2.960233e-03
26 2.891221e-03 5.497394e-03 5.622490e-07 2.897048e-03
27 2.098921e-03 2.107093e-03 5.608127e-07 1.871180e-03
28 2.325762e-03 3.628442e-03 5.573773e-07 2.296857e-03
29 1.506774e-03 1.485183e-03 5.539949e-07 1.258367e-03
30 1.838409e-03 3.829207e-03 5.526851e-07 1.958100e-03
31 1.505733e-03 3.262439e-03 5.497898e-07 1.605689e-03
32 1.266543e-03 2.571129e-03 5.486037e-07 1.265387e-03
33 1.463472e-03 3.511601e-03 5.459531e-07 1.636842e-03
34 2.171220e-03 3.597662e-03 5.452057e-07 2.224539e-03
35 1.572869e-03 2.626175e-03 5.433484e-07 1.518287e-03
36 1.233837e-03 2.096581e-03 5.421708e-07 1.183542e-03
37 9.831178e-04 1.418529e-03 5.390698e-07 9.343463e-04
38 2.231430e-03 4.358767e-03 5.384768e-07 2.309580e-03
39 1.636951e-03 3.566695e-03 5.356827e-07 1.705156e-03
40 3.042632e-03 7.345994e-03 5.336739e-07 3.513123e-03
41 9.238777e-04 1.116106e-03 5.290371e-07 8.169638e-04
42 1.398875e-03 1.544278e-03 5.279155e-07 1.212940e-03
43 1.124437e-03 1.375147e-03 5.250244e-07 9.626046e-04
44 1.418514e-03 1.932506e-03 5.233723e-07 1.291584e-03
45 1.360257e-03 1.812983e-03 5.198695e-07 1.221208e-03
46 1.117817e-03 1.349609e-03 5.190347e-07 9.646739e-04
47 8.819914e-04 1.261095e-03 5.158817e-07 8.076550e-04
48 1.334692e-03 2.782059e-03 5.149973e-07 1.319080e-03
49 1.312187e-03 2.481440e-03 5.139363e-07 1.257071e-03
50 1.320373e-03 1.962643e-03 5.128984e-07 1.194163e-03
51 1.702206e-03 2.326666e-03 5.124526e-07 1.446199e-03
52 1.630477e-03 2.007554e-03 5.117579e-07 1.399956e-03
53 1.655216e-03 1.720889e-03 5.100208e-07 1.396638e-03
54 1.404843e-03 1.469001e-03 5.092778e-07 1.151249e-03
55 1.372339e-03 1.543410e-03 5.077819e-07 1.192066e-03
56 1.323174e-03 1.283218e-03 5.070007e-07 1.080919e-03
57 1.209802e-03 1.297170e-03 5.053587e-07 1.042460e-03
58 1.222434e-03 1.015667e-03 5.044284e-07 9.744072e-04
59 9.503624e-04 8.074511e-04 5.027798e-07 7.875641e-04
60 1.144686e-03 1.969736e-03 5.019392e-07 1.055292e-03
61 1.050841e-03 2.419746e-03 5.003035e-07 1.100262e-03
62 1.838969e-03 3.450665e-03 4.991508e-07 1.814585e-03
63 2.013855e-03 3.336459e-03 4.973762e-07 1.967850e-03
64 2.312693e-03 2.865724e-03 4.966422e-07 1.999026e-03
65 2.272517e-03 2.744520e-03 4.948538e-07 2.046253e-03
66 1.965295e-03 2.035227e-03 4.940759e-07 1.631304e-03
67 1.911720e-03 2.039913e-03 4.924548e-07 1.662306e-03
68 1.554204e-03 1.519276e-03 4.918738e-07 1.325732e-03
69 1.402331e-03 1.541623e-03 4.911882e-07 1.237412e-03
70 1.205019e-03 1.326600e-03 4.905696e-07 1.074267e-03
71 1.072261e-03 1.304247e-03 4.899169e-07 9.625709e-04
72 9.294107e-04 1.067876e-03 4.895433e-07 8.267114e-04
73 8.298564e-04 9.665537e-04 4.888505e-07 7.429677e-04
1 4.224012e-02 4.068699e-02 6.589545e-07 3.992934e-02
2 2.116346e-02 2.406314e-02 4.060699e-07 1.981252e-02
3 1.182609e-02 1.496112e-02 4.055945e-07 1.179789e-02
4 7.641772e-03 9.649367e-03 4.050043e-07 7.481392e-03
5 6.680026e-03 8.368169e-03 4.038450e-07 6.495237e-03
6 4.655766e-03 5.741533e-03 4.022127e-07 4.502089e-03
7 2.889979e-03 3.285499e-03 3.998437e-07 2.635087e-03
8 1.875269e-03 1.983370e-03 3.975760e-07 1.627197e-03
9 1.450711e-03 1.171907e-03 3.959546e-07 1.140455e-03
10 1.157693e-03 1.116577e-03 3.932327e-07 9.135150e-04
11 1.138491e-03 1.713952e-03 3.924298e-07 1.007891e-03
12 1.008242e-03 1.690895e-03 3.901266e-07 9.062220e-04
13 1.178405e-03 2.126191e-03 3.884658e-07 1.031864e-03
14 1.119284e-03 2.343757e-03 3.863420e-07 1.067324e-03
15 1.243004e-03 1.945054e-03 3.855907e-07 1.085233e-03
16 1.176943e-03 1.898638e-03 3.843998e-07 1.059042e-03
17 1.065771e-03 1.716653e-03 3.830451e-07 9.627021e-04
18 7.232508e-04 1.071960e-03 3.824217e-07 6.251207e-04
19 5.801522e-04 5.424331e-04 3.817051e-07 4.797439e-04
1 3.848594e-02 3.729035e-02 8.288697e-07 3.605424e-02
2 2.298047e-02 2.542365e-02 4.539784e-07 2.155153e-02
3 9.967428e-03 1.339324e-02 4.538335e-07 1.008650e-02
4 6.575205e-03 9.257921e-03 4.536219e-07 6.808395e-03
5 3.999678e-03 5.514669e-03 4.529291e-07 4.062973e-03
6 2.449909e-03 3.301073e-03 4.522314e-07 2.418103e-03
7 1.636226e-03 2.036389e-03 4.517559e-07 1.526052e-03
8 1.144115e-03 1.323574e-03 4.512910e-07 1.025441e-03
9 8.983207e-04 9.253061e-04 4.507746e-07 7.713235e-04
10 1.057257e-03 9.645271e-04 4.500863e-07 8.656572e-04
11 8.452266e-04 9.700221e-04 4.494176e-07 7.083458e-04
1 3.492133e-02 3.403887e-02 5.779155e-07 3.224781e-02
2 8.705916e-03 1.191493e-02 5.775926e-07 8.811374e-03
3 7.508595e-03 1.026561e-02 5.762826e-07 7.632722e-03
4 6.328061e-03 7.427857e-03 5.733501e-07 5.933057e-03
5 3.968198e-03 4.656716e-03 5.701150e-07 3.583631e-03
6 2.932256e-03 3.496464e-03 5.684160e-07 2.623746e-03
7 2.587615e-03 3.043034e-03 5.639278e-07 2.317315e-03
8 2.149588e-03 1.737378e-03 5.622524e-07 1.682922e-03
9 2.203718e-03 1.835409e-03 5.568531e-07 1.779644e-03
10 2.676065e-03 3.332596e-03 5.555929e-07 2.226203e-03
11 2.357926e-03 3.049450e-03 5.541151e-07 1.996297e-03
12 1.986994e-03 2.419703e-03 5.533714e-07 1.689590e-03
13 1.745809e-03 1.940460e-03 5.516484e-07 1.487852e-03
14 1.432754e-03 1.350524e-03 5.500585e-07 1.172584e-03
15 1.786186e-03 1.442073e-03 5.491787e-07 1.405183e-03
16 1.784304e-03 1.492269e-03 5.473853e-07 1.452193e-03
17 1.927534e-03 1.571124e-03 5.467468e-07 1.490270e-03
18 1.862926e-03 1.655150e-03 5.438556e-07 1.474165e-03
19 1.945086e-03 1.845845e-03 5.431715e-07 1.530446e-03
20 1.744081e-03 1.782831e-03 5.420640e-07 1.411849e-03
21 1.592529e-03 1.764479e-03 5.393601e-07 1.322574e-03
22 1.430182e-03 1.674805e-03 5.386074e-07 1.197470e-03
23 1.334627e-03 1.573623e-03 5.360471e-07 1.124325e-03
24 1.235445e-03 1.206837e-03 5.354174e-07 1.028044e-03
25 1.076612e-03 9.977533e-04 5.329243e-07 9.045327e-04
26 1.497830e-03 3.231608e-03 5.317995e-07 1.547321e-03
27 1.619800e-03 3.913911e-03 5.294481e-07 1.788501e-03
28 1.918608e-03 2.678902e-03 5.279182e-07 1.721980e-03
29 1.987198e-03 3.316607e-03 5.263952e-07 1.890562e-03
30 1.881500e-03 2.982961e-03 5.240235e-07 1.734902e-03
31 1.158454e-03 1.123841e-03 5.233166e-07 9.364424e-04
32 9.657657e-04 1.610257e-03 5.223303e-07 8.754871e-04
33 8.507451e-04 1.398688e-03 5.216527e-07 7.941345e-04
1 3.034478e-02 3.045018e-02 5.449963e-07 2.779177e-02
2 8.088509e-03 1.127569e-02 5.448000e-07 8.277941e-03
3 6.267256e-03 8.759406e-03 5.447544e-07 6.536284e-03
4 3.624945e-03 5.254742e-03 5.447367e-07 3.858339e-03
5 2.196117e-03 3.245811e-03 5.447298e-07 2.369871e-03
6 1.340948e-03 2.045080e-03 5.447267e-07 1.471590e-03
7 8.254937e-04 1.256543e-03 5.447253e-07 8.937968e-04
8 5.455048e-04 8.083779e-04 5.447248e-07 5.786593e-04
9 3.788505e-04 5.284765e-04 5.447245e-07 3.890655e-04
1 2.512235e-02 2.593067e-02 7.073729e-07 2.293018e-02
2 6.969841e-03 9.920651e-03 7.070903e-07 7.226142e-03
3 5.031247e-03 6.941224e-03 7.055939e-07 5.168641e-03
4 3.531617e-03 4.486241e-03 7.047362e-07 3.383821e-03
5 3.596058e-03 4.381942e-03 7.021445e-07 3.383381e-03
6 2.037538e-03 2.253737e-03 7.011274e-07 1.633002e-03
7 1.696051e-03 2.088473e-03 6.982744e-07 1.393726e-03
8 1.583071e-03 1.129902e-03 6.974963e-07 1.240416e-03
9 1.373381e-03 1.257908e-03 6.941333e-07 1.109717e-03
10 2.344899e-03 2.976104e-03 6.931940e-07 1.976489e-03
11 1.708340e-03 2.459361e-03 6.910354e-07 1.489328e-03
12 1.310848e-03 1.584020e-03 6.895086e-07 1.107456e-03
13 1.159484e-03 1.215323e-03 6.870835e-07 1.001527e-03
14 1.067386e-03 1.317883e-03 6.857758e-07 9.226253e-04
15 9.747199e-04 8.143886e-04 6.821945e-07 7.526124e-04
16 1.402675e-03 2.093284e-03 6.812517e-07 1.278648e-03
17 1.343982e-03 2.124628e-03 6.781720e-07 1.284907e-03
18 1.312832e-03 2.097637e-03 6.764389e-07 1.189326e-03
19 1.417678e-03 2.741254e-03 6.756169e-07 1.429207e-03
20 1.191759e-03 2.312402e-03 6.745502e-07 1.238089e-03
21 8.737173e-04 1.455884e-03 6.739892e-07 8.247369e-04
22 7.624752e-04 1.121186e-03 6.734011e-07 6.985776e-04
23 7.868233e-04 1.098949e-03 6.730013e-07 6.748008e-04
1 2.393083e-02 5.244705e-02 4.631115e-07 2.280053e-02
2 1.111541e-02 2.491388e-02 4.613534e-07 1.225906e-02
3 9.684870e-03 1.572477e-02 4.587242e-07 9.667030e-03
4 1.000271e-02 1.211456e-02 4.552045e-07 9.143496e-03
5 9.672752e-03 1.066749e-02 4.488107e-07 8.592179e-03
6 6.949727e-03 6.560837e-03 4.405962e-07 5.806532e-03
7 6.527905e-03 5.055618e-03 4.359407e-07 5.180043e-03
8 5.368475e-03 4.565840e-03 4.251948e-07 4.334679e-03
9 6.390282e-03 4.797480e-03 4.204249e-07 4.986660e-03
10 6.441503e-03 5.442383e-03 4.146250e-07 5.055497e-03
11 5.343059e-03 5.422439e-03 4.042707e-07 4.352546e-03
12 5.187518e-03 5.740863e-03 4.019776e-07 4.091271e-03
13 5.248312e-03 6.613817e-03 3.982862e-07 4.308211e-03
14 4.852765e-03 6.501151e-03 3.951061e-07 4.110904e-03
15 4.973987e-03 7.549590e-03 3.910436e-07 4.444163e-03
16 4.395380e-03 6.626450e-03 3.869015e-07 3.932234e-03
17 3.928879e-03 4.695800e-03 3.857444e-07 3.389056e-03
18 3.858998e-03 5.481167e-03 3.802384e-07 3.426538e-03
19 5.362322e-03 5.278665e-03 3.783356e-07 4.568047e-03
20 3.898207e-03 5.495714e-03 3.771231e-07 3.499176e-03
21 3.590470e-03 5.636494e-03 3.741751e-07 3.376605e-03
22 4.335681e-03 4.513654e-03 3.729355e-07 3.655286e-03
23 3.171587e-03 4.706781e-03 3.689074e-07 2.859263e-03
24 3.297239e-03 3.588712e-03 3.674449e-07 2.841072e-03
25 2.697854e-03 2.974068e-03 3.659174e-07 2.457612e-03
26 2.437481e-03 3.321844e-03 3.629824e-07 2.295214e-03
27 2.389624e-03 3.049602e-03 3.610189e-07 2.046797e-03
28 1.825032e-03 2.113152e-03 3.602538e-07 1.632437e-03
29 1.720631e-03 1.844634e-03 3.582735e-07 1.569944e-03
30 3.099269e-03 3.999230e-03 3.573148e-07 2.758086e-03
31 1.805617e-03 2.272448e-03 3.566125e-07 1.660195e-03
32 1.639401e-03 1.831075e-03 3.547386e-07 1.465529e-03
33 3.230535e-03 4.110739e-03 3.537544e-07 2.860942e-03
34 1.677903e-03 2.416881e-03 3.532149e-07 1.560411e-03
35 1.564828e-03 1.952062e-03 3.516780e-07 1.376790e-03
36 2.827359e-03 3.760240e-03 3.509448e-07 2.530285e-03
37 1.767726e-03 2.253478e-03 3.504059e-07 1.581286e-03
38 1.849377e-03 2.026627e-03 3.489854e-07 1.602588e-03
39 2.878509e-03 3.905960e-03 3.481642e-07 2.657409e-03
40 2.014831e-03 2.320068e-03 3.475932e-07 1.731366e-03
41 2.024879e-03 2.523566e-03 3.459859e-07 1.726331e-03
42 2.529634e-03 3.627278e-03 3.452316e-07 2.392604e-03
43 1.939131e-03 2.336559e-03 3.447339e-07 1.687811e-03
44 1.917575e-03 2.647783e-03 3.435569e-07 1.684981e-03
45 2.025163e-03 2.796213e-03 3.429864e-07 1.855146e-03
46 1.641622e-03 2.213132e-03 3.425636e-07 1.440444e-03
47 1.774359e-03 2.655090e-03 3.414100e-07 1.603046e-03
48 2.896289e-03 4.110354e-03 3.407540e-07 2.736608e-03
49 2.115737e-03 2.575017e-03 3.396923e-07 1.881527e-03
50 1.836234e-03 2.312863e-03 3.391942e-07 1.646119e-03
51 1.743332e-03 2.445123e-03 3.382075e-07 1.576498e-03
52 1.886066e-03 2.537999e-03 3.376822e-07 1.752865e-03
53 1.511585e-03 1.856784e-03 3.373047e-07 1.350671e-03
54 1.463712e-03 1.877016e-03 3.367229e-07 1.303288e-03
55 1.796108e-03 2.323954e-03 3.363526e-07 1.662562e-03
56 1.484505e-03 1.704799e-03 3.356070e-07 1.351815e-03
57 1.695752e-03 2.345105e-03 3.351415e-07 1.566323e-03
58 1.439736e-03 2.309175e-03 3.341211e-07 1.314038e-03
59 1.776909e-03 3.816979e-03 3.337410e-07 1.796864e-03
60 1.919937e-03 4.549863e-03 3.326821e-07 2.026302e-03
61 3.071776e-03 8.121517e-03 3.319113e-07 3.443532e-03
62 3.333883e-03 9.505162e-03 3.271417e-07 3.917574e-03
63 6.770155e-03 1.037746e-02 3.242843e-07 6.221258e-03
64 4.578524e-03 7.218311e-03 3.225283e-07 4.236267e-03
65 4.150577e-03 6.897604e-03 3.217883e-07 3.891117e-03
66 1.987971e-03 4.323622e-03 3.213329e-07 1.941183e-03
67 4.242437e-03 8.700317e-03 3.208080e-07 4.248524e-03
68 1.671264e-03 2.870326e-03 3.207229e-07 1.514440e-03
69 3.662067e-03 7.300865e-03 3.204508e-07 3.584389e-03
70 1.919375e-03 3.428524e-03 3.199528e-07 1.742024e-03
71 1.861255e-03 2.624296e-03 3.195186e-07 1.709969e-03
72 2.543224e-03 4.650977e-03 3.194677e-07 2.447724e-03
73 4.140277e-03 7.426136e-03 3.193925e-07 3.969064e-03
74 1.482212e-03 1.709101e-03 3.186989e-07 1.378895e-03
75 2.018831e-03 2.972374e-03 3.182903e-07 1.987063e-03
76 1.107175e-03 1.474828e-03 3.180204e-07 1.030741e-03
77 9.449231e-04 1.143505e-03 3.176804e-07 8.462282e-04
78 1.128409e-03 1.882995e-03 3.174487e-07 1.127058e-03
79 8.058696e-04 1.022098e-03 3.171599e-07 7.116513e-04
80 8.010181e-04 1.098744e-03 3.170067e-07 7.233329e-04
81 8.009972e-04 9.411269e-04 3.167920e-07 6.776282e-04
1 2.721757e-02 2.180379e-02 2.606806e-07 2.302180e-02
2 8.592550e-03 8.563423e-03 2.594988e-07 7.494289e-03
3 9.142220e-03 8.671614e-03 2.586606e-07 7.951080e-03
4 9.442067e-03 8.882271e-03 2.567304e-07 8.189132e-03
5 1.041412e-02 9.500327e-03 2.547053e-07 8.739540e-03
6 9.633213e-03 8.880810e-03 2.519364e-07 8.100618e-03
7 7.931756e-03 7.528227e-03 2.485956e-07 6.728802e-03
8 6.652902e-03 6.325140e-03 2.473088e-07 5.618800e-03
9 6.090421e-03 5.937765e-03 2.440381e-07 5.194334e-03
10 5.889791e-03 5.341256e-03 2.431630e-07 4.961698e-03
11 5.978337e-03 5.340497e-03 2.399218e-07 5.018408e-03
12 5.042302e-03 4.707291e-03 2.391312e-07 4.263603e-03
13 5.189286e-03 4.822344e-03 2.365106e-07 4.370209e-03
14 4.281241e-03 4.517296e-03 2.359383e-07 3.776780e-03
15 4.163204e-03 4.525938e-03 2.349645e-07 3.731976e-03
16 4.026726e-03 4.377545e-03 2.330845e-07 3.596011e-03
17 2.941038e-03 3.420916e-03 2.320967e-07 2.714475e-03
18 3.012169e-03 3.247049e-03 2.312208e-07 2.631419e-03
19 2.322745e-03 2.800077e-03 2.303803e-07 2.132623e-03
20 2.401429e-03 2.458138e-03 2.297153e-07 2.057513e-03
21 1.815065e-03 2.215856e-03 2.290048e-07 1.668880e-03
22 1.668572e-03 1.976109e-03 2.285545e-07 1.466921e-03
23 1.365171e-03 1.745111e-03 2.281592e-07 1.281125e-03
24 1.362741e-03 1.469767e-03 2.278931e-07 1.184204e-03
25 1.270741e-03 1.291692e-03 2.276852e-07 1.126205e-03
26 1.407372e-03 2.211280e-03 2.275475e-07 1.344604e-03
27 1.411267e-03 2.590578e-03 2.274037e-07 1.417683e-03
28 1.286823e-03 2.416679e-03 2.272453e-07 1.269166e-03
29 1.102718e-03 1.798960e-03 2.271000e-07 1.030789e-03
30 9.665007e-04 1.185950e-03 2.269079e-07 8.654930e-04
31 9.604080e-04 1.038135e-03 2.265264e-07 8.370524e-04
32 1.158850e-03 1.242135e-03 2.256372e-07 9.983454e-04
1 3.831637e-02 3.411253e-02 2.369657e-07 3.403285e-02
2 9.508424e-03 1.015277e-02 2.360238e-07 8.739500e-03
3 1.576283e-02 1.415936e-02 2.350001e-07 1.410840e-02
4 9.512781e-03 9.866712e-03 2.334460e-07 8.492247e-03
5 9.172105e-03 9.009695e-03 2.310957e-07 8.189417e-03
6 7.474461e-03 7.074142e-03 2.294631e-07 6.670717e-03
7 5.805377e-03 5.697462e-03 2.280501e-07 5.310122e-03
8 4.583011e-03 4.422543e-03 2.271695e-07 4.205213e-03
9 3.573261e-03 3.664479e-03 2.266219e-07 3.327993e-03
10 2.586817e-03 2.833056e-03 2.262896e-07 2.503726e-03
11 2.158858e-03 2.390341e-03 2.260453e-07 2.027386e-03
12 1.821973e-03 2.056205e-03 2.258603e-07 1.700523e-03
13 1.653360e-03 1.833979e-03 2.257112e-07 1.526709e-03
14 1.495664e-03 1.642410e-03 2.255894e-07 1.394074e-03
15 1.378409e-03 1.720865e-03 2.254816e-07 1.316071e-03
16 1.296081e-03 1.952191e-03 2.253731e-07 1.268637e-03
17 1.263777e-03 2.239488e-03 2.252442e-07 1.271205e-03
18 1.256041e-03 2.477854e-03 2.250689e-07 1.283346e-03
19 1.283737e-03 2.775538e-03 2.248155e-07 1.336490e-03
20 1.326405e-03 3.034241e-03 2.244637e-07 1.409162e-03
21 1.474148e-03 3.282431e-03 2.241390e-07 1.717733e-03
22 1.303432e-03 3.099796e-03 2.238323e-07 1.551096e-03
23 1.206026e-03 3.156905e-03 2.235848e-07 1.465564e-03
24 1.024515e-03 2.685085e-03 2.234241e-07 1.248782e-03
25 8.694129e-04 2.261448e-03 2.233133e-07 1.044214e-03
26 7.144278e-04 1.829970e-03 2.232473e-07 8.514826e-04
27 5.909203e-04 1.491629e-03 2.232056e-07 6.889202e-04
28 4.873116e-04 1.193284e-03 2.231795e-07 5.572788e-04
1 3.259783e-02 5.229496e-02 2.318992e-07 2.997945e-02
2 1.067830e-02 1.083485e-02 2.299118e-07 9.816390e-03
3 1.269781e-02 1.207446e-02 2.282090e-07 1.115421e-02
4 1.409911e-02 1.224648e-02 2.263492e-07 1.197149e-02
5 1.244847e-02 1.120531e-02 2.224254e-07 1.080754e-02
6 1.151381e-02 1.032389e-02 2.197639e-07 9.706057e-03
7 1.114541e-02 9.809794e-03 2.143857e-07 9.398824e-03
8 9.335631e-03 8.273083e-03 2.133415e-07 7.821605e-03
9 9.106250e-03 8.026068e-03 2.096942e-07 7.659996e-03
10 7.359379e-03 6.343394e-03 2.083851e-07 6.063071e-03
11 7.452868e-03 6.406913e-03 2.052115e-07 6.245369e-03
12 5.598140e-03 4.757660e-03 2.042222e-07 4.605636e-03
13 5.711301e-03 4.971026e-03 2.018019e-07 4.817924e-03
14 4.514723e-03 3.899489e-03 2.011266e-07 3.785295e-03
15 4.359356e-03 3.830234e-03 1.995157e-07 3.717226e-03
16 3.884057e-03 3.012832e-03 1.987690e-07 3.172333e-03
17 4.028893e-03 3.895676e-03 1.971017e-07 3.337841e-03
18 3.560202e-03 3.285304e-03 1.964570e-07 2.895574e-03
19 3.639296e-03 3.424658e-03 1.949484e-07 2.973775e-03
20 2.876072e-03 2.377901e-03 1.944204e-07 2.353312e-03
21 2.837656e-03 2.550824e-03 1.934041e-07 2.357400e-03
22 2.391216e-03 1.985649e-03 1.930400e-07 1.978099e-03
23 2.311400e-03 2.098452e-03 1.923219e-07 1.947199e-03
24 2.142255e-03 1.736613e-03 1.919768e-07 1.763809e-03
25 1.934063e-03 1.714451e-03 1.913875e-07 1.621689e-03
26 1.741163e-03 1.387200e-03 1.911063e-07 1.433319e-03
27 1.621963e-03 1.439965e-03 1.906630e-07 1.356261e-03
28 1.496347e-03 1.223042e-03 1.904252e-07 1.233321e-03
29 1.381396e-03 1.231197e-03 1.900871e-07 1.151980e-03
30 1.200891e-03 1.045820e-03 1.899031e-07 9.949353e-04
31 1.096831e-03 1.016878e-03 1.896835e-07 9.186363e-04
32 9.279833e-04 8.583237e-04 1.895435e-07 7.744973e-04
1 2.946550e-02 4.452226e-02 1.949554e-07 2.848496e-02
2 1.002946e-02 1.106503e-02 1.940570e-07 9.725701e-03
3 1.120766e-02 1.223488e-02 1.933138e-07 1.074885e-02
4 9.518618e-03 1.096205e-02 1.921945e-07 8.896434e-03
5 8.036600e-03 8.097364e-03 1.909452e-07 7.503130e-03
6 7.082620e-03 6.585531e-03 1.896824e-07 6.445258e-03
7 5.712326e-03 5.286475e-03 1.885494e-07 5.273885e-03
8 4.917016e-03 4.525524e-03 1.872431e-07 4.471396e-03
9 4.495109e-03 4.122145e-03 1.857405e-07 3.930241e-03
10 3.889488e-03 3.692675e-03 1.842205e-07 3.400650e-03
11 3.640695e-03 3.621128e-03 1.828170e-07 3.110137e-03
12 3.345657e-03 3.256674e-03 1.816349e-07 2.847178e-03
13 2.855014e-03 2.952768e-03 1.812443e-07 2.448487e-03
14 2.711268e-03 2.876263e-03 1.803760e-07 2.340274e-03
15 2.387985e-03 2.705183e-03 1.796556e-07 2.084797e-03
16 2.109415e-03 2.518645e-03 1.791131e-07 1.854123e-03
17 1.807712e-03 2.257398e-03 1.787306e-07 1.602418e-03
18 1.528962e-03 2.002528e-03 1.784724e-07 1.369456e-03
19 1.297593e-03 1.770808e-03 1.782994e-07 1.172542e-03
20 1.110950e-03 1.551115e-03 1.781790e-07 1.005929e-03
21 9.834811e-04 1.365819e-03 1.780843e-07 8.861063e-04
22 9.252411e-04 1.227077e-03 1.779925e-07 8.328126e-04
23 9.638775e-04 1.226240e-03 1.778769e-07 8.845417e-04
1 3.302336e-02 3.708702e-02 1.848870e-07 3.163709e-02
2 1.070132e-02 1.183387e-02 1.840366e-07 1.022039e-02
3 1.223049e-02 1.273574e-02 1.828224e-07 1.188441e-02
4 9.696854e-03 1.008871e-02 1.810116e-07 9.129494e-03
5 8.032959e-03 7.668754e-03 1.795919e-07 7.423871e-03
6 6.572677e-03 6.543002e-03 1.784452e-07 6.071340e-03
7 5.915046e-03 6.093591e-03 1.771784e-07 5.288293e-03
8 5.176182e-03 5.476230e-03 1.759809e-07 4.608967e-03
9 4.430735e-03 4.694007e-03 1.749276e-07 3.934407e-03
10 3.829625e-03 4.202646e-03 1.740093e-07 3.372290e-03
11 3.239977e-03 3.686477e-03 1.732748e-07 2.837784e-03
12 2.813607e-03 3.097261e-03 1.727108e-07 2.432340e-03
13 2.480562e-03 2.498176e-03 1.722763e-07 2.135777e-03
14 2.225855e-03 2.874259e-03 1.719371e-07 1.950820e-03
15 2.016291e-03 3.060308e-03 1.716637e-07 1.830902e-03
16 1.800232e-03 2.837152e-03 1.714361e-07 1.674114e-03
17 1.519796e-03 2.325567e-03 1.712482e-07 1.413670e-03
18 1.195549e-03 1.726607e-03 1.710967e-07 1.087881e-03
19 9.148221e-04 1.208824e-03 1.709737e-07 8.083163e-04
20 7.379371e-04 9.176490e-04 1.708590e-07 6.440354e-04
21 6.414855e-04 9.337204e-04 1.707374e-07 5.636017e-04
1 3.729759e-02 4.307426e-02 1.725416e-07 3.603353e-02
2 1.102505e-02 1.235911e-02 1.713993e-07 1.074708e-02
3 1.205047e-02 1.329156e-02 1.700112e-07 1.170781e-02
4 1.081862e-02 1.140094e-02 1.681840e-07 1.029528e-02
5 8.627657e-03 9.092576e-03 1.665213e-07 8.320251e-03
6 7.250844e-03 7.146529e-03 1.647564e-07 6.539878e-03
7 6.085900e-03 6.138003e-03 1.631694e-07 5.559413e-03
8 5.153638e-03 4.968515e-03 1.619132e-07 4.411658e-03
9 4.056350e-03 3.756357e-03 1.612470e-07 3.589649e-03
10 3.488860e-03 3.493974e-03 1.605106e-07 3.120641e-03
11 2.835711e-03 2.876705e-03 1.599662e-07 2.535614e-03
12 2.383855e-03 2.511648e-03 1.595374e-07 2.112516e-03
13 2.219226e-03 2.395559e-03 1.591322e-07 1.934613e-03
14 2.049245e-03 2.133238e-03 1.587572e-07 1.736272e-03
15 1.874800e-03 1.913386e-03 1.584224e-07 1.548056e-03
16 1.579830e-03 1.651822e-03 1.581780e-07 1.321092e-03
17 1.352895e-03 1.381094e-03 1.579939e-07 1.137074e-03
18 1.117877e-03 1.106412e-03 1.578400e-07 9.468950e-04
19 9.374375e-04 1.080235e-03 1.576867e-07 8.136405e-04
20 8.995980e-04 1.744575e-03 1.575297e-07 8.508558e-04
1 3.933402e-02 5.264294e-02 1.593023e-07 3.969183e-02
2 1.176588e-02 1.303807e-02 1.578000e-07 1.112555e-02
3 1.312511e-02 1.503458e-02 1.566764e-07 1.328837e-02
4 1.074228e-02 1.278413e-02 1.545359e-07 1.043666e-02
5 8.902700e-03 9.568626e-03 1.526773e-07 8.208304e-03
6 7.145841e-03 7.673310e-03 1.513603e-07 6.501911e-03
7 5.899304e-03 6.082485e-03 1.501593e-07 5.208349e-03
8 4.590293e-03 4.784708e-03 1.493317e-07 4.033364e-03
9 3.481001e-03 3.500244e-03 1.487036e-07 3.019951e-03
10 2.683663e-03 2.648466e-03 1.482286e-07 2.300420e-03
11 2.066947e-03 1.705124e-03 1.477407e-07 1.700116e-03
12 1.794947e-03 2.221786e-03 1.472300e-07 1.486193e-03
13 1.987065e-03 3.422291e-03 1.466763e-07 1.890876e-03
14 1.810811e-03 2.565374e-03 1.462747e-07 1.689642e-03
15 1.797448e-03 3.131567e-03 1.459946e-07 1.910611e-03
16 1.861857e-03 3.519654e-03 1.457830e-07 2.098568e-03
17 1.757661e-03 3.439122e-03 1.456191e-07 2.060678e-03
18 1.543115e-03 3.067883e-03 1.455011e-07 1.806806e-03
19 1.309675e-03 2.565935e-03 1.454152e-07 1.493769e-03
20 1.064357e-03 1.973207e-03 1.453510e-07 1.157668e-03
21 8.232528e-04 1.365895e-03 1.453008e-07 8.339652e-04
22 6.378761e-04 8.944535e-04 1.452571e-07 5.933677e-04
23 5.112036e-04 6.865112e-04 1.452156e-07 4.479710e-04
1 3.940495e-02 6.016910e-02 1.488902e-07 4.079267e-02
2 1.219390e-02 1.405178e-02 1.468817e-07 1.140695e-02
3 1.312018e-02 1.585138e-02 1.457103e-07 1.373199e-02
4 1.019655e-02 1.263897e-02 1.443271e-07 9.893070e-03
5 8.241518e-03 9.489344e-03 1.431425e-07 7.773931e-03
6 6.565394e-03 7.299957e-03 1.422541e-07 5.955750e-03
7 5.084235e-03 5.494215e-03 1.414740e-07 4.511417e-03
8 3.956151e-03 4.144225e-03 1.407552e-07 3.426581e-03
9 3.012351e-03 3.066146e-03 1.401313e-07 2.574057e-03
10 2.382765e-03 2.266879e-03 1.396223e-07 1.986341e-03
11 2.133837e-03 1.676307e-03 1.391696e-07 1.718440e-03
12 2.022040e-03 2.465567e-03 1.387352e-07 1.759957e-03
13 1.879643e-03 3.235727e-03 1.383069e-07 1.858478e-03
14 1.669485e-03 3.111290e-03 1.379709e-07 1.692151e-03
15 1.304983e-03 2.388780e-03 1.377463e-07 1.281132e-03
16 8.985067e-04 1.595167e-03 1.375950e-07 8.706931e-04
17 6.508163e-04 9.355433e-04 1.374882e-07 5.895695e-04
18 5.104959e-04 5.154748e-04 1.374106e-07 4.396499e-04
1 4.244133e-02 6.138185e-02 1.406989e-07 4.240518e-02
2 1.311130e-02 1.590123e-02 1.387677e-07 1.246132e-02
3 1.436013e-02 1.735399e-02 1.367810e-07 1.417247e-02
4 1.061954e-02 1.303142e-02 1.357428e-07 1.006924e-02
5 8.201156e-03 9.892763e-03 1.350876e-07 7.719819e-03
6 5.951787e-03 7.284454e-03 1.345778e-07 5.589020e-03
7 4.383086e-03 5.334945e-03 1.341863e-07 4.070334e-03
8 3.269893e-03 3.911644e-03 1.338807e-07 2.992940e-03
9 2.512156e-03 2.889373e-03 1.336242e-07 2.248590e-03
10 2.010156e-03 2.158404e-03 1.334024e-07 1.744942e-03
11 1.690054e-03 1.635723e-03 1.332022e-07 1.417143e-03
12 1.493482e-03 1.361446e-03 1.330139e-07 1.213888e-03
13 1.341445e-03 1.338599e-03 1.328340e-07 1.069272e-03
14 1.245644e-03 1.280325e-03 1.326563e-07 9.861160e-04
15 1.181015e-03 1.177197e-03 1.324802e-07 9.632248e-04
16 1.142597e-03 1.930909e-03 1.323041e-07 1.023068e-03
17 1.108117e-03 2.378202e-03 1.321344e-07 1.080726e-03
18 1.023012e-03 2.353812e-03 1.319799e-07 1.041797e-03
19 9.297476e-04 2.094802e-03 1.318436e-07 9.526699e-04
20 8.538555e-04 1.864326e-03 1.317256e-07 8.700144e-04
21 7.777191e-04 1.546421e-03 1.316272e-07 7.692008e-04
1 4.706024e-02 6.117390e-02 1.381657e-07 4.605740e-02
2 1.393511e-02 1.652004e-02 1.359534e-07 1.315623e-02
3 1.398876e-02 1.741287e-02 1.349367e-07 1.375401e-02
4 1.074762e-02 1.378765e-02 1.340634e-07 1.050823e-02
5 8.460374e-03 1.027897e-02 1.333882e-07 7.998322e-03
6 6.209064e-03 7.493168e-03 1.328346e-07 5.815558e-03
7 4.518920e-03 5.500005e-03 1.324177e-07 4.239431e-03
8 3.232355e-03 4.045283e-03 1.320721e-07 3.066157e-03
9 2.503195e-03 2.998800e-03 1.317448e-07 2.306659e-03
10 2.097107e-03 2.205701e-03 1.314176e-07 1.842911e-03
11 1.764276e-03 1.598863e-03 1.311074e-07 1.532914e-03
12 1.432718e-03 1.543404e-03 1.308411e-07 1.262718e-03
13 1.179566e-03 1.416412e-03 1.306251e-07 1.044028e-03
14 1.005545e-03 1.264612e-03 1.304438e-07 8.847370e-04
15 8.917646e-04 1.124953e-03 1.302825e-07 7.810631e-04
16 8.460324e-04 1.095627e-03 1.301287e-07 7.499281e-04
1 4.753010e-02 6.820213e-02 1.379237e-07 4.860220e-02
2 1.421492e-02 1.483165e-02 1.355310e-07 1.307207e-02
3 1.466360e-02 1.751604e-02 1.343379e-07 1.426441e-02
4 1.046675e-02 1.302114e-02 1.336118e-07 1.016882e-02
5 8.211448e-03 9.708063e-03 1.327698e-07 7.733108e-03
6 6.503341e-03 7.183142e-03 1.320341e-07 5.859496e-03
7 5.001183e-03 5.190671e-03 1.315112e-07 4.346604e-03
8 3.875155e-03 3.767874e-03 1.311356e-07 3.258774e-03
9 2.944376e-03 2.687983e-03 1.308617e-07 2.413015e-03
10 2.234227e-03 1.920188e-03 1.306536e-07 1.796064e-03
11 1.669373e-03 1.358837e-03 1.304947e-07 1.324388e-03
12 1.247703e-03 9.590237e-04 1.303702e-07 9.777396e-04
13 1.005096e-03 7.363246e-04 1.302664e-07 7.740093e-04
14 9.018357e-04 8.182584e-04 1.301734e-07 7.349138e-04
1 5.181804e-02 7.773054e-02 1.404790e-07 5.349035e-02
2 1.470675e-02 1.382366e-02 1.378918e-07 1.316956e-02
3 1.502042e-02 2.292169e-02 1.368729e-07 1.456610e-02
4 1.056930e-02 1.306230e-02 1.359940e-07 1.039965e-02
5 7.943923e-03 9.302306e-03 1.352039e-07 7.601875e-03
6 5.878964e-03 6.648267e-03 1.343420e-07 5.511765e-03
7 4.408368e-03 4.804638e-03 1.338050e-07 4.067156e-03
8 3.373271e-03 3.488024e-03 1.333784e-07 3.014471e-03
9 2.621838e-03 2.507031e-03 1.329398e-07 2.269670e-03
10 2.042843e-03 1.812240e-03 1.325043e-07 1.715737e-03
11 1.698557e-03 1.340992e-03 1.321162e-07 1.376785e-03
12 1.379074e-03 9.942873e-04 1.317970e-07 1.090040e-03
13 1.111319e-03 7.523870e-04 1.315628e-07 8.620080e-04
14 9.708793e-04 6.039552e-04 1.313454e-07 7.396846e-04
15 1.092666e-03 1.348144e-03 1.311156e-07 9.457173e-04
1 5.338348e-02 8.740239e-02 1.361727e-07 5.785778e-02
2 1.377511e-02 1.235608e-02 1.330835e-07 1.234946e-02
3 1.477386e-02 1.675809e-02 1.314445e-07 1.423936e-02
4 9.992006e-03 1.151325e-02 1.306411e-07 9.515069e-03
5 8.026418e-03 8.552873e-03 1.298299e-07 7.405399e-03
6 6.069852e-03 6.160294e-03 1.291915e-07 5.447178e-03
7 4.558958e-03 4.404490e-03 1.287413e-07 4.005287e-03
8 3.341634e-03 3.130112e-03 1.283989e-07 2.920899e-03
9 2.470637e-03 2.222281e-03 1.281124e-07 2.153855e-03
10 1.941975e-03 1.614233e-03 1.278554e-07 1.634746e-03
11 1.658338e-03 1.198364e-03 1.276089e-07 1.349205e-03
12 1.528393e-03 2.262556e-03 1.273562e-07 1.369442e-03
13 1.404833e-03 3.004106e-03 1.270824e-07 1.430080e-03
14 1.211054e-03 2.897197e-03 1.268291e-07 1.223487e-03
15 1.090969e-03 2.754444e-03 1.266201e-07 1.154300e-03
16 9.251405e-04 2.290201e-03 1.264415e-07 9.726154e-04
17 1.001086e-03 1.648431e-03 1.262325e-07 1.046046e-03
18 7.516911e-04 1.153212e-03 1.260971e-07 7.350059e-04
19 6.337423e-04 6.947064e-04 1.259951e-07 5.685732e-04
20 5.786063e-04 6.121834e-04 1.259018e-07 5.141523e-04
1 5.561364e-02 9.520068e-02 1.351641e-07 6.203128e-02
2 1.347292e-02 1.201394e-02 1.325730e-07 1.198285e-02
3 1.515336e-02 1.618090e-02 1.309236e-07 1.442100e-02
4 9.944813e-03 1.089549e-02 1.301493e-07 9.349856e-03
5 7.651895e-03 7.869992e-03 1.294995e-07 7.080682e-03
6 5.768737e-03 5.652088e-03 1.289604e-07 5.193391e-03
7 4.431718e-03 4.422872e-03 1.285178e-07 3.882928e-03
8 3.296966e-03 3.210569e-03 1.281379e-07 2.812497e-03
9 2.589310e-03 2.257652e-03 1.277687e-07 2.107662e-03
10 1.924086e-03 1.706051e-03 1.275393e-07 1.556629e-03
11 1.459155e-03 1.308972e-03 1.273784e-07 1.177133e-03
12 1.173588e-03 1.012790e-03 1.272588e-07 9.368714e-04
13 9.762700e-04 8.167469e-04 1.271657e-07 7.732352e-04
14 8.260870e-04 7.655041e-04 1.270907e-07 6.543730e-04
1 6.146915e-02 1.003271e-01 1.389323e-07 6.787743e-02
2 1.256454e-02 1.225006e-02 1.361897e-07 1.130495e-02
3 1.529296e-02 1.548308e-02 1.348930e-07 1.446730e-02
4 9.971383e-03 1.029767e-02 1.340715e-07 9.087210e-03
5 7.336629e-03 7.156979e-03 1.334267e-07 6.682702e-03
6 5.202245e-03 5.221085e-03 1.328927e-07 4.678604e-03
7 4.057775e-03 4.162085e-03 1.324499e-07 3.522332e-03
8 3.277251e-03 3.263182e-03 1.320502e-07 2.777619e-03
9 2.544758e-03 2.530850e-03 1.317145e-07 2.138325e-03
10 2.072528e-03 1.938836e-03 1.314335e-07 1.707416e-03
11 1.870617e-03 1.446414e-03 1.311880e-07 1.483674e-03
12 1.844089e-03 2.024650e-03 1.309585e-07 1.540280e-03
13 1.800324e-03 2.829806e-03 1.307345e-07 1.711162e-03
14 1.783821e-03 3.424598e-03 1.304965e-07 1.899367e-03
15 1.722833e-03 3.548607e-03 1.302387e-07 1.911370e-03
16 1.539592e-03 3.726886e-03 1.299674e-07 1.931471e-03
17 1.215864e-03 2.989670e-03 1.297637e-07 1.519819e-03
18 9.322759e-04 2.151380e-03 1.296271e-07 1.098946e-03
19 6.918114e-04 1.165142e-03 1.295309e-07 6.670411e-04
20 5.175175e-04 6.052860e-04 1.294579e-07 4.412966e-04
21 4.351302e-04 5.253438e-04 1.293990e-07 3.706654e-04
1 6.643364e-02 1.049982e-01 1.342995e-07 7.424114e-02
2 1.217838e-02 1.197808e-02 1.310131e-07 1.068731e-02
3 1.510980e-02 1.483897e-02 1.301698e-07 1.465697e-02
4 7.630702e-03 8.965720e-03 1.292724e-07 6.804168e-03
5 6.098923e-03 5.216035e-03 1.285057e-07 5.064994e-03
6 4.737246e-03 4.107331e-03 1.280410e-07 3.913539e-03
7 3.599685e-03 3.478226e-03 1.277193e-07 2.924715e-03
8 3.765816e-03 5.811126e-03 1.274617e-07 3.398295e-03
9 3.629939e-03 5.209168e-03 1.272420e-07 3.317175e-03
10 2.270464e-03 2.583080e-03 1.270536e-07 1.817484e-03
11 1.791062e-03 1.809450e-03 1.268935e-07 1.435156e-03
12 1.668385e-03 1.821734e-03 1.267582e-07 1.370852e-03
13 1.642885e-03 2.011644e-03 1.266441e-07 1.385906e-03
14 1.411741e-03 1.415715e-03 1.265489e-07 1.159886e-03
15 1.039226e-03 1.163387e-03 1.264698e-07 8.444382e-04
16 8.626367e-04 1.075226e-03 1.264038e-07 7.219044e-04
17 7.630219e-04 9.731036e-04 1.263479e-07 6.558137e-04
1 5.323760e-02 9.113338e-02 1.400069e-07 6.418601e-02
2 1.312978e-02 1.231378e-02 1.340488e-07 1.122299e-02
3 1.411262e-02 2.240866e-02 1.330674e-07 1.348527e-02
4 8.816993e-03 1.072905e-02 1.322475e-07 7.781666e-03
5 8.180765e-03 1.187985e-02 1.314527e-07 7.563095e-03
6 5.800941e-03 7.333645e-03 1.307552e-07 5.207004e-03
7 4.660662e-03 5.345114e-03 1.301437e-07 3.953986e-03
8 3.215839e-03 2.556940e-03 1.295767e-07 2.632797e-03
9 2.494706e-03 2.309507e-03 1.290999e-07 2.084792e-03
10 2.181693e-03 2.146837e-03 1.286909e-07 1.859231e-03
11 1.979846e-03 2.035338e-03 1.283341e-07 1.730558e-03
12 1.590254e-03 1.747949e-03 1.280550e-07 1.437701e-03
13 1.124184e-03 1.254974e-03 1.278605e-07 1.021043e-03
14 8.736593e-04 7.501104e-04 1.277265e-07 7.198918e-04
15 7.770043e-04 7.059950e-04 1.276261e-07 6.162684e-04
16 7.655181e-04 7.380585e-04 1.275440e-07 6.074063e-04
