1.001466e+00 1.000427e+00
1.001321e+00 1.000385e+00
1.002408e+00 1.000691e+00
1.001674e+00 1.000438e+00
1.002672e+00 1.000687e+00
1.002454e+00 1.000736e+00
1.003107e+00 1.000988e+00
1.002950e+00 1.000992e+00
1.003610e+00 1.001398e+00
1.003068e+00 1.001338e+00
1.003959e+00 1.001942e+00
1.004334e+00 1.002122e+00
1.004476e+00 1.002229e+00
1.005378e+00 1.002628e+00
1.005112e+00 1.002552e+00
1.006226e+00 1.002918e+00
1.006756e+00 1.003114e+00
1.008944e+00 1.004277e+00
1.012452e+00 1.006059e+00
1.012798e+00 1.004877e+00
1.018205e+00 1.007171e+00
1.021244e+00 1.005879e+00
1.024036e+00 1.006988e+00
1.027152e+00 1.007774e+00
1.032720e+00 1.010341e+00
1.027353e+00 1.008097e+00
1.032686e+00 1.011795e+00
1.030520e+00 1.009365e+00
1.037232e+00 1.012497e+00
1.030562e+00 1.009531e+00
1.027235e+00 1.008875e+00
1.025681e+00 1.008526e+00
1.027930e+00 1.009128e+00
1.029179e+00 1.010482e+00
1.019450e+00 1.005971e+00
1.022390e+00 1.012619e+00
1.026733e+00 1.011916e+00
1.025548e+00 1.009224e+00
1.031774e+00 1.018709e+00
1.033301e+00 1.016658e+00
1.016922e+00 1.004768e+00
1.014618e+00 1.004279e+00
1.014184e+00 1.003426e+00
1.009063e+00 1.001977e+00
1.008027e+00 1.001801e+00
1.006782e+00 1.001640e+00
1.005531e+00 1.001350e+00
1.004104e+00 1.001166e+00
1.003382e+00 1.000988e+00
1.002839e+00 1.000823e+00
1.002941e+00 1.000872e+00
1.003258e+00 1.000836e+00
1.003111e+00 1.000783e+00
1.002837e+00 1.000725e+00
1.003036e+00 1.000671e+00
1.002408e+00 1.000682e+00
1.002539e+00 1.000580e+00
1.002328e+00 1.000532e+00
