9 79
7 79
9 86
11 79
9 93
9 84
11 76
11 88
11 84
11 73
9 86
9 89
11 73
11 87
11 81
11 74
9 85
9 87
11 78
11 79
11 80
11 67
9 78
9 79
11 72
11 72
11 87
11 70
9 67
9 80
11 75
11 73
11 81
11 75
9 69
9 71
11 89
11 69
11 73
11 89
9 73
9 63
11 77
11 74
11 68
11 81
9 87
9 66
11 65
11 83
11 69
11 71
9 75
9 80
11 73
11 67
11 76
11 69
9 67
9 73
11 77
11 67
11 71
11 67
9 67
9 63
11 71
11 67
11 61
11 69
9 78
9 63
11 61
11 71
11 67
11 61
9 61
9 75
11 65
11 53
11 76
11 67
9 66
9 57
11 77
11 63
11 55
11 77
9 65
9 65
11 55
11 81
11 64
11 49
8 65
9 75
11 59
11 50
11 77
11 65
9 59
9 47
10 75
11 61
11 48
10 78
8 72
16 66
11 52
10 81
22 65
9 54
21 57
8 75
19 63
11 53
23 75
23 68
8 61
8 52
19 72
27 66
17 53
18 69
8 83
8 74
21 54
39 71
9 76
9 54
8 52
7 66
9 83
33 54
25 62
25 86
21 73
14 54
30 56
38 87
50 60
35 59
13 80
17 89
35 73
17 63
19 89
21 71
18 62
14 61
18 83
16 76
10 61
20 85
19 90
18 83
24 64
19 81
16 93
56 69
8 65
19 78
10 100
10 71
9 69
24 93
22 82
22 67
28 64
10 93
24 80
9 71
17 88
16 96
28 90
22 75
14 98
33 100
14 77
29 76
20 99
24 101
28 79
20 97
14 106
12 103
24 81
22 83
26 109
28 86
16 89
21 90
31 117
20 99
29 98
26 122
32 119
19 100
14 106
15 149
13 193
8 217
7 232
7 276
7 315
7 340
5 343
4 351
7 364
4 368
7 372
12 347
6 355
4 361
4 354
4 354
8 361
9 359
4 351
4 353
11 361
4 351
4 350
15 353
11 344
11 356
4 359
4 357
4 359
4 355
15 337
11 351
4 353
4 352
4 346
4 342
4 343
4 342
4 344
4 341
4 337
12 345
16 353
15 342
4 340
4 342
11 351
4 348
4 347
4 347
4 346
12 346
14 353
11 347
9 349
4 348
4 345
4 348
4 353
15 350
4 347
4 346
12 362
8 353
4 354
4 351
4 350
13 356
4 351
4 347
4 342
13 359
14 352
11 357
4 353
4 353
4 354
4 350
4 345
18 355
10 366
4 364
4 355
10 351
10 360
4 348
4 345
4 346
4 343
12 353
10 372
4 370
4 365
13 358
11 357
4 356
4 356
4 352
11 359
7 358
4 358
4 357
4 358
4 353
16 353
12 356
12 343
4 341
4 343
4 338
11 349
4 353
4 354
11 357
11 353
9 349
4 353
4 351
10 347
11 355
4 355
4 354
4 356
4 352
12 366
4 365
4 365
12 387
4 384
13 359
11 362
4 362
4 363
13 382
4 382
4 382
11 364
10 365
4 371
4 370
4 376
4 374
4 378
15 378
4 374
4 374
4 371
11 369
9 380
14 376
4 370
4 367
10 368
4 378
4 375
13 375
13 386
4 384
4 381
4 379
4 376
13 387
13 372
11 384
4 379
10 370
10 376
10 380
4 371
4 373
4 379
4 372
4 370
13 382
10 379
4 373
4 372
11 367
9 366
10 365
10 372
4 369
4 373
4 377
4 378
4 382
13 363
9 368
4 367
4 368
4 369
4 365
4 363
4 367
18 377
11 370
4 375
4 368
4 367
13 392
4 394
4 389
4 389
12 374
11 373
4 370
12 362
4 360
4 366
10 364
4 364
4 365
10 374
4 370
4 370
4 367
4 362
4 359
14 358
12 373
4 361
4 361
4 360
16 367
12 368
8 363
10 365
4 361
4 359
11 356
10 354
4 357
4 362
12 370
4 370
4 369
10 372
4 359
4 361
12 367
7 376
4 375
4 376
10 367
12 378
4 381
4 383
13 365
4 369
4 366
