1.000406e+00 1.000229e+00
1.000120e+00 1.000058e+00
1.000056e+00 1.000029e+00
1.000055e+00 1.000029e+00
1.000047e+00 1.000027e+00
1.000041e+00 1.000023e+00
1.000046e+00 1.000023e+00
1.000047e+00 1.000024e+00
1.000042e+00 1.000022e+00
1.000048e+00 1.000026e+00
1.000046e+00 1.000026e+00
1.000039e+00 1.000022e+00
1.000043e+00 1.000023e+00
1.000045e+00 1.000024e+00
1.000040e+00 1.000022e+00
1.000043e+00 1.000024e+00
1.000045e+00 1.000026e+00
1.000037e+00 1.000021e+00
1.000040e+00 1.000022e+00
1.000047e+00 1.000025e+00
1.000044e+00 1.000024e+00
1.000044e+00 1.000024e+00
1.000046e+00 1.000027e+00
1.000043e+00 1.000024e+00
1.000040e+00 1.000021e+00
1.000047e+00 1.000026e+00
1.000045e+00 1.000024e+00
1.000045e+00 1.000024e+00
1.000049e+00 1.000028e+00
1.000050e+00 1.000028e+00
1.000046e+00 1.000024e+00
1.000050e+00 1.000027e+00
1.000051e+00 1.000027e+00
1.000045e+00 1.000024e+00
1.000051e+00 1.000030e+00
1.000050e+00 1.000028e+00
1.000046e+00 1.000025e+00
1.000049e+00 1.000027e+00
1.000050e+00 1.000028e+00
1.000046e+00 1.000026e+00
1.000048e+00 1.000029e+00
1.000050e+00 1.000030e+00
1.000050e+00 1.000027e+00
1.000045e+00 1.000025e+00
1.000051e+00 1.000029e+00
1.000048e+00 1.000027e+00
1.000044e+00 1.000026e+00
1.000050e+00 1.000029e+00
1.000051e+00 1.000028e+00
1.000047e+00 1.000027e+00
1.000049e+00 1.000028e+00
1.000049e+00 1.000028e+00
1.000050e+00 1.000030e+00
1.000049e+00 1.000029e+00
1.000054e+00 1.000030e+00
1.000051e+00 1.000029e+00
1.000052e+00 1.000030e+00
1.000054e+00 1.000031e+00
1.000054e+00 1.000034e+00
1.000052e+00 1.000032e+00
1.000054e+00 1.000030e+00
1.000054e+00 1.000031e+00
1.000052e+00 1.000030e+00
1.000054e+00 1.000031e+00
1.000053e+00 1.000033e+00
1.000050e+00 1.000030e+00
1.000052e+00 1.000030e+00
1.000053e+00 1.000030e+00
1.000051e+00 1.000030e+00
1.000053e+00 1.000031e+00
1.000051e+00 1.000031e+00
1.000055e+00 1.000033e+00
1.000051e+00 1.000029e+00
1.000054e+00 1.000031e+00
1.000053e+00 1.000031e+00
1.000050e+00 1.000030e+00
1.000058e+00 1.000038e+00
1.000056e+00 1.000034e+00
1.000055e+00 1.000031e+00
1.000051e+00 1.000030e+00
1.000057e+00 1.000033e+00
1.000054e+00 1.000032e+00
1.000049e+00 1.000031e+00
1.000055e+00 1.000035e+00
1.000060e+00 1.000034e+00
1.000055e+00 1.000032e+00
1.000053e+00 1.000032e+00
1.000060e+00 1.000036e+00
1.000057e+00 1.000037e+00
1.000054e+00 1.000034e+00
1.000053e+00 1.000031e+00
1.000060e+00 1.000036e+00
1.000054e+00 1.000032e+00
1.000054e+00 1.000033e+00
1.000065e+00 1.000041e+00
1.000056e+00 1.000035e+00
1.000054e+00 1.000032e+00
1.000055e+00 1.000033e+00
1.000062e+00 1.000037e+00
1.000054e+00 1.000032e+00
1.000055e+00 1.000036e+00
1.000063e+00 1.000041e+00
1.000065e+00 1.000038e+00
1.000056e+00 1.000034e+00
1.000058e+00 1.000035e+00
1.000065e+00 1.000039e+00
1.000059e+00 1.000036e+00
1.000052e+00 1.000034e+00
1.000059e+00 1.000035e+00
1.000068e+00 1.000040e+00
1.000056e+00 1.000037e+00
1.000064e+00 1.000036e+00
1.000072e+00 1.000049e+00
1.000071e+00 1.000043e+00
1.000059e+00 1.000037e+00
1.000063e+00 1.000037e+00
1.000074e+00 1.000048e+00
1.000060e+00 1.000037e+00
1.000063e+00 1.000038e+00
1.000074e+00 1.000045e+00
1.000081e+00 1.000049e+00
1.000065e+00 1.000041e+00
1.000067e+00 1.000042e+00
1.000083e+00 1.000051e+00
1.000072e+00 1.000045e+00
1.000059e+00 1.000035e+00
1.000065e+00 1.000040e+00
1.000083e+00 1.000051e+00
1.000076e+00 1.000044e+00
1.000069e+00 1.000040e+00
1.000081e+00 1.000048e+00
1.000087e+00 1.000051e+00
1.000081e+00 1.000048e+00
1.000068e+00 1.000042e+00
1.000085e+00 1.000052e+00
1.000084e+00 1.000051e+00
1.000062e+00 1.000038e+00
1.000079e+00 1.000049e+00
1.000089e+00 1.000053e+00
1.000091e+00 1.000055e+00
1.000069e+00 1.000042e+00
1.000088e+00 1.000054e+00
1.000100e+00 1.000061e+00
1.000090e+00 1.000055e+00
1.000068e+00 1.000041e+00
1.000090e+00 1.000055e+00
1.000105e+00 1.000064e+00
1.000071e+00 1.000043e+00
1.000093e+00 1.000058e+00
1.000100e+00 1.000061e+00
1.000116e+00 1.000071e+00
1.000078e+00 1.000048e+00
1.000094e+00 1.000057e+00
1.000115e+00 1.000070e+00
1.000093e+00 1.000057e+00
1.000072e+00 1.000045e+00
1.000092e+00 1.000056e+00
1.000114e+00 1.000070e+00
1.000092e+00 1.000057e+00
1.000090e+00 1.000056e+00
1.000111e+00 1.000068e+00
1.000115e+00 1.000071e+00
1.000104e+00 1.000063e+00
1.000095e+00 1.000059e+00
1.000114e+00 1.000070e+00
1.000117e+00 1.000073e+00
1.000073e+00 1.000046e+00
1.000107e+00 1.000067e+00
1.000120e+00 1.000074e+00
1.000139e+00 1.000086e+00
1.000093e+00 1.000060e+00
1.000122e+00 1.000076e+00
1.000131e+00 1.000082e+00
1.000161e+00 1.000100e+00
1.000103e+00 1.000064e+00
1.000128e+00 1.000080e+00
1.000165e+00 1.000103e+00
1.000111e+00 1.000070e+00
1.000129e+00 1.000080e+00
1.000145e+00 1.000091e+00
1.000163e+00 1.000102e+00
1.000119e+00 1.000075e+00
1.000120e+00 1.000077e+00
1.000150e+00 1.000094e+00
1.000194e+00 1.000124e+00
1.000101e+00 1.000065e+00
1.000114e+00 1.000072e+00
1.000150e+00 1.000095e+00
1.000151e+00 1.000097e+00
1.000111e+00 1.000071e+00
1.000159e+00 1.000100e+00
1.000166e+00 1.000105e+00
1.000198e+00 1.000126e+00
1.000126e+00 1.000081e+00
1.000173e+00 1.000110e+00
1.000244e+00 1.000155e+00
1.000112e+00 1.000073e+00
1.000146e+00 1.000094e+00
1.000180e+00 1.000114e+00
1.000269e+00 1.000172e+00
1.000179e+00 1.000113e+00
1.000282e+00 1.000176e+00
1.000397e+00 1.000239e+00
1.000507e+00 1.000301e+00
1.000780e+00 1.000480e+00
1.000840e+00 1.000542e+00
1.001533e+00 1.001004e+00
1.002791e+00 1.001780e+00
1.002612e+00 1.001719e+00
1.003169e+00 1.002103e+00
1.003660e+00 1.002450e+00
1.002867e+00 1.001341e+00
1.004088e+00 1.002552e+00
1.005477e+00 1.002517e+00
1.005796e+00 1.002424e+00
1.006438e+00 1.003569e+00
1.006232e+00 1.002414e+00
1.005834e+00 1.003286e+00
1.006449e+00 1.003350e+00
1.007879e+00 1.004532e+00
1.006849e+00 1.002664e+00
1.006745e+00 1.004026e+00
1.007972e+00 1.004637e+00
1.007118e+00 1.002765e+00
1.005907e+00 1.002343e+00
1.005405e+00 1.002601e+00
1.005813e+00 1.003479e+00
1.006344e+00 1.002644e+00
1.007452e+00 1.003087e+00
1.008885e+00 1.005040e+00
1.007057e+00 1.002785e+00
1.005841e+00 1.003396e+00
1.006173e+00 1.003723e+00
1.006693e+00 1.002919e+00
1.007688e+00 1.003208e+00
1.008689e+00 1.003579e+00
1.009871e+00 1.005552e+00
1.010764e+00 1.004384e+00
1.011321e+00 1.006487e+00
1.011947e+00 1.006575e+00
1.012892e+00 1.005127e+00
1.011277e+00 1.004386e+00
1.008225e+00 1.003286e+00
1.006661e+00 1.003875e+00
1.006868e+00 1.004190e+00
1.007497e+00 1.004425e+00
1.007133e+00 1.002949e+00
1.008017e+00 1.004868e+00
1.009471e+00 1.005522e+00
1.010571e+00 1.004311e+00
1.011310e+00 1.006408e+00
1.008619e+00 1.003489e+00
1.007200e+00 1.004213e+00
1.006357e+00 1.003732e+00
1.006226e+00 1.003622e+00
1.007274e+00 1.004302e+00
1.007657e+00 1.003246e+00
1.008174e+00 1.003533e+00
1.009497e+00 1.003886e+00
1.007764e+00 1.003194e+00
1.008603e+00 1.005151e+00
1.009970e+00 1.005729e+00
1.007584e+00 1.003074e+00
1.006827e+00 1.004031e+00
1.007778e+00 1.004548e+00
1.008877e+00 1.003728e+00
1.010216e+00 1.005887e+00
1.008260e+00 1.003407e+00
1.008504e+00 1.005148e+00
1.009161e+00 1.005392e+00
1.010308e+00 1.004250e+00
1.008196e+00 1.003385e+00
1.006675e+00 1.003921e+00
1.005881e+00 1.003549e+00
1.006371e+00 1.003864e+00
1.007004e+00 1.004080e+00
1.008033e+00 1.003407e+00
1.009214e+00 1.005262e+00
1.010560e+00 1.005941e+00
1.007764e+00 1.003247e+00
1.006586e+00 1.003933e+00
1.006883e+00 1.004211e+00
1.008121e+00 1.003543e+00
1.007089e+00 1.002974e+00
1.006031e+00 1.002600e+00
1.007204e+00 1.004308e+00
1.007545e+00 1.003279e+00
1.008010e+00 1.003725e+00
1.009286e+00 1.004033e+00
1.007521e+00 1.003141e+00
1.006517e+00 1.003867e+00
1.007515e+00 1.004510e+00
1.008198e+00 1.004786e+00
1.006328e+00 1.002704e+00
1.005777e+00 1.003538e+00
1.006749e+00 1.004143e+00
1.007848e+00 1.004127e+00
1.008987e+00 1.004568e+00
1.007124e+00 1.002990e+00
1.006888e+00 1.004084e+00
1.007927e+00 1.004718e+00
1.009006e+00 1.003902e+00
1.009970e+00 1.004253e+00
1.011252e+00 1.006559e+00
1.008274e+00 1.003479e+00
1.006301e+00 1.003719e+00
1.005550e+00 1.003411e+00
1.006403e+00 1.003957e+00
1.007456e+00 1.004525e+00
1.008727e+00 1.005064e+00
1.006851e+00 1.002950e+00
1.006927e+00 1.004339e+00
1.008155e+00 1.004921e+00
1.007273e+00 1.003109e+00
1.006427e+00 1.003115e+00
1.006176e+00 1.003706e+00
1.006407e+00 1.003957e+00
1.007035e+00 1.004264e+00
1.006329e+00 1.002753e+00
1.005639e+00 1.002669e+00
1.006729e+00 1.004081e+00
1.007912e+00 1.003468e+00
1.008331e+00 1.003645e+00
1.008853e+00 1.004871e+00
1.006912e+00 1.003033e+00
1.007757e+00 1.004812e+00
1.009008e+00 1.005423e+00
1.007503e+00 1.003256e+00
1.008011e+00 1.004803e+00
1.005994e+00 1.002623e+00
1.005265e+00 1.003270e+00
1.006326e+00 1.003897e+00
1.007560e+00 1.004405e+00
1.006239e+00 1.002716e+00
1.006566e+00 1.004051e+00
1.007178e+00 1.004305e+00
1.005966e+00 1.002634e+00
1.005273e+00 1.003174e+00
1.006275e+00 1.003833e+00
1.007400e+00 1.003398e+00
1.007773e+00 1.003482e+00
1.008181e+00 1.003660e+00
1.009374e+00 1.005564e+00
1.007434e+00 1.003290e+00
1.008344e+00 1.005115e+00
1.009343e+00 1.004307e+00
1.009959e+00 1.006009e+00
1.007996e+00 1.003501e+00
1.007784e+00 1.004609e+00
1.006136e+00 1.002784e+00
1.007038e+00 1.004423e+00
1.008235e+00 1.004968e+00
1.007111e+00 1.003207e+00
1.007415e+00 1.004465e+00
1.008557e+00 1.005014e+00
1.007511e+00 1.003334e+00
1.006599e+00 1.004100e+00
1.007599e+00 1.004701e+00
1.008214e+00 1.005020e+00
1.008567e+00 1.003906e+00
1.009699e+00 1.005487e+00
1.008110e+00 1.003604e+00
1.006852e+00 1.004099e+00
1.006127e+00 1.003793e+00
1.006495e+00 1.004055e+00
1.005504e+00 1.002508e+00
1.004848e+00 1.002212e+00
1.004671e+00 1.002931e+00
1.005702e+00 1.003517e+00
1.006835e+00 1.003206e+00
1.007148e+00 1.003257e+00
1.007618e+00 1.004222e+00
1.008554e+00 1.003795e+00
1.006085e+00 1.002731e+00
1.005172e+00 1.003194e+00
1.006043e+00 1.003753e+00
1.006677e+00 1.004029e+00
1.005261e+00 1.002427e+00
1.004733e+00 1.002949e+00
1.004442e+00 1.002765e+00
1.004161e+00 1.001942e+00
1.004908e+00 1.003040e+00
1.005528e+00 1.003411e+00
1.005721e+00 1.002719e+00
1.006606e+00 1.003127e+00
1.007784e+00 1.004720e+00
1.006022e+00 1.002765e+00
1.005312e+00 1.003327e+00
1.005723e+00 1.003593e+00
1.006216e+00 1.003131e+00
1.007156e+00 1.003341e+00
1.008111e+00 1.003743e+00
1.009059e+00 1.004180e+00
1.010214e+00 1.006108e+00
1.007319e+00 1.003334e+00
1.005732e+00 1.003578e+00
1.006511e+00 1.004028e+00
1.007300e+00 1.003497e+00
1.008407e+00 1.004975e+00
1.006949e+00 1.003226e+00
1.007259e+00 1.004583e+00
1.007769e+00 1.004739e+00
1.008784e+00 1.004100e+00
1.006978e+00 1.003253e+00
1.006123e+00 1.003865e+00
1.007172e+00 1.004473e+00
1.005810e+00 1.002763e+00
1.006010e+00 1.003860e+00
1.007121e+00 1.004392e+00
1.006310e+00 1.002981e+00
1.007187e+00 1.004554e+00
1.008323e+00 1.004998e+00
1.007113e+00 1.003355e+00
1.007361e+00 1.004742e+00
1.008401e+00 1.005161e+00
1.009427e+00 1.004466e+00
1.010273e+00 1.004871e+00
1.011383e+00 1.006966e+00
1.009315e+00 1.004261e+00
1.006938e+00 1.003270e+00
1.007572e+00 1.004871e+00
1.008558e+00 1.005267e+00
1.009662e+00 1.005744e+00
1.007323e+00 1.003429e+00
1.005581e+00 1.003479e+00
1.004960e+00 1.003102e+00
1.004603e+00 1.002244e+00
1.005423e+00 1.003465e+00
1.006439e+00 1.003774e+00
1.005322e+00 1.002553e+00
1.004594e+00 1.002899e+00
1.004973e+00 1.003134e+00
1.006025e+00 1.002867e+00
1.005109e+00 1.002469e+00
1.005964e+00 1.003840e+00
1.007004e+00 1.004236e+00
1.006055e+00 1.002883e+00
1.006258e+00 1.003941e+00
1.007255e+00 1.004425e+00
1.005833e+00 1.002801e+00
1.006020e+00 1.003747e+00
1.006891e+00 1.004307e+00
1.007436e+00 1.004601e+00
1.006348e+00 1.003048e+00
1.005275e+00 1.002592e+00
1.006197e+00 1.003927e+00
1.007232e+00 1.003754e+00
1.006398e+00 1.003061e+00
1.006648e+00 1.004181e+00
1.007238e+00 1.004331e+00
