11 73
10 89
10 80
10 88
8 87
8 81
10 71
10 87
10 76
10 85
8 90
8 82
10 73
10 89
10 77
10 85
8 96
8 79
10 75
10 90
10 77
10 81
8 93
8 82
8 71
8 87
8 77
8 65
8 81
8 93
10 77
10 74
10 94
10 71
8 69
8 79
10 83
10 65
10 79
10 74
8 67
8 67
10 82
10 71
10 67
10 77
8 70
8 65
10 65
10 87
10 66
10 71
8 75
8 81
10 66
10 71
10 75
10 65
8 67
8 75
10 67
10 63
10 77
10 69
8 65
8 63
10 77
10 64
10 64
10 81
8 67
8 69
10 71
10 79
10 67
10 67
8 71
8 76
10 63
10 67
10 83
10 64
8 62
8 67
10 79
10 65
10 60
10 81
8 67
8 65
10 59
10 79
10 61
10 58
8 68
8 78
10 64
10 59
10 84
10 59
8 61
8 62
10 83
10 63
10 60
11 82
8 69
8 66
10 57
10 84
10 62
10 54
8 68
8 83
10 68
10 55
10 82
10 68
8 57
8 54
10 76
10 64
10 55
10 78
8 85
8 69
10 54
10 74
10 68
10 55
8 57
8 74
10 73
10 55
10 70
10 73
8 61
8 56
10 69
10 91
10 58
10 67
8 81
8 90
10 57
10 62
10 88
10 59
9 55
9 57
10 89
10 61
10 56
10 87
9 74
8 61
10 57
10 82
10 74
10 58
8 62
8 76
10 70
10 55
10 79
14 75
8 56
8 56
10 77
10 86
13 56
10 68
8 82
10 87
10 58
10 59
14 86
10 56
11 55
9 55
11 85
10 62
15 60
10 98
9 104
8 66
11 65
9 95
12 86
15 72
8 70
13 94
12 95
10 87
9 116
10 135
8 116
8 119
10 128
11 185
10 199
9 249
8 287
7 312
9 358
8 357
7 371
6 379
4 375
4 373
7 400
11 401
8 392
12 351
10 353
7 342
9 353
9 357
9 351
9 360
8 360
8 350
9 354
9 367
9 353
9 351
8 357
8 366
9 371
9 361
10 371
9 356
8 335
12 292
10 242
10 215
10 201
10 199
8 207
8 194
9 201
8 194
8 204
9 197
8 201
6 191
9 195
8 187
8 197
8 178
8 175
8 182
8 182
8 182
8 155
8 162
8 167
8 164
8 166
10 159
10 152
10 157
8 157
8 144
10 156
8 161
8 158
8 149
6 142
7 145
8 160
8 156
8 145
10 142
8 142
8 139
8 151
8 133
10 129
10 131
8 135
8 134
12 142
10 128
9 137
10 132
8 130
8 125
9 136
9 129
8 125
9 125
8 127
8 128
8 128
11 139
10 123
10 134
8 138
8 132
8 135
8 122
8 127
8 145
7 149
7 139
10 133
10 135
11 140
8 151
7 142
7 139
8 131
8 136
8 133
8 152
7 152
7 149
8 135
10 135
8 141
8 151
7 146
6 128
8 136
8 122
8 128
8 135
8 133
8 124
8 114
8 119
8 124
8 128
8 129
8 119
8 117
8 112
9 130
8 130
7 125
8 118
8 120
8 117
10 121
8 126
8 125
8 120
11 116
8 123
10 127
8 123
11 127
9 125
10 126
8 128
8 133
8 134
8 117
8 124
8 125
9 135
8 134
8 126
7 125
6 123
8 122
8 127
8 128
8 122
8 117
8 116
10 124
8 121
8 133
8 118
8 116
8 118
8 119
8 132
9 121
8 127
9 126
6 124
8 114
8 120
8 126
8 114
8 116
7 119
10 124
8 122
8 123
8 124
7 116
9 111
8 121
8 124
8 123
8 121
8 110
8 112
8 109
8 118
8 117
8 122
8 119
8 111
9 117
8 114
8 123
9 116
8 118
7 124
8 114
8 117
8 119
8 119
7 129
7 121
8 124
8 115
8 113
8 117
8 126
8 127
8 127
9 126
8 122
8 119
8 114
8 115
8 128
8 124
8 114
8 121
8 117
7 117
8 118
8 131
8 128
8 129
7 121
7 123
8 118
8 127
8 127
8 130
8 114
7 114
