1.000085e+00 1.000041e+00
1.000018e+00 1.000008e+00
1.000015e+00 1.000007e+00
1.000014e+00 1.000008e+00
1.000010e+00 1.000006e+00
1.000012e+00 1.000007e+00
1.000012e+00 1.000007e+00
1.000012e+00 1.000006e+00
1.000013e+00 1.000007e+00
1.000014e+00 1.000007e+00
1.000011e+00 1.000006e+00
1.000012e+00 1.000007e+00
1.000012e+00 1.000006e+00
1.000012e+00 1.000007e+00
1.000011e+00 1.000006e+00
1.000013e+00 1.000007e+00
1.000009e+00 1.000005e+00
1.000011e+00 1.000006e+00
1.000012e+00 1.000006e+00
1.000012e+00 1.000007e+00
1.000010e+00 1.000006e+00
1.000013e+00 1.000007e+00
1.000009e+00 1.000006e+00
1.000010e+00 1.000006e+00
1.000012e+00 1.000007e+00
1.000014e+00 1.000007e+00
1.000012e+00 1.000006e+00
1.000013e+00 1.000007e+00
1.000013e+00 1.000008e+00
1.000010e+00 1.000006e+00
1.000011e+00 1.000006e+00
1.000013e+00 1.000007e+00
1.000010e+00 1.000005e+00
1.000012e+00 1.000007e+00
1.000012e+00 1.000008e+00
1.000014e+00 1.000009e+00
1.000012e+00 1.000007e+00
1.000013e+00 1.000007e+00
1.000014e+00 1.000008e+00
1.000012e+00 1.000007e+00
1.000013e+00 1.000008e+00
1.000014e+00 1.000008e+00
1.000013e+00 1.000007e+00
1.000013e+00 1.000007e+00
1.000015e+00 1.000008e+00
1.000012e+00 1.000007e+00
1.000012e+00 1.000008e+00
1.000014e+00 1.000009e+00
1.000014e+00 1.000008e+00
1.000012e+00 1.000007e+00
1.000015e+00 1.000008e+00
1.000013e+00 1.000007e+00
1.000013e+00 1.000008e+00
1.000013e+00 1.000008e+00
1.000015e+00 1.000009e+00
1.000014e+00 1.000008e+00
1.000014e+00 1.000008e+00
1.000015e+00 1.000009e+00
1.000012e+00 1.000007e+00
1.000014e+00 1.000009e+00
1.000014e+00 1.000008e+00
1.000014e+00 1.000008e+00
1.000013e+00 1.000007e+00
1.000014e+00 1.000008e+00
1.000014e+00 1.000009e+00
1.000011e+00 1.000007e+00
1.000012e+00 1.000007e+00
1.000015e+00 1.000009e+00
1.000012e+00 1.000007e+00
1.000013e+00 1.000008e+00
1.000014e+00 1.000009e+00
1.000014e+00 1.000009e+00
1.000014e+00 1.000008e+00
1.000014e+00 1.000008e+00
1.000014e+00 1.000008e+00
1.000013e+00 1.000008e+00
1.000013e+00 1.000009e+00
1.000013e+00 1.000009e+00
1.000015e+00 1.000009e+00
1.000014e+00 1.000009e+00
1.000014e+00 1.000009e+00
1.000014e+00 1.000008e+00
1.000013e+00 1.000009e+00
1.000015e+00 1.000010e+00
1.000016e+00 1.000009e+00
1.000015e+00 1.000009e+00
1.000015e+00 1.000009e+00
1.000015e+00 1.000009e+00
1.000016e+00 1.000010e+00
1.000013e+00 1.000008e+00
1.000016e+00 1.000009e+00
1.000016e+00 1.000010e+00
1.000014e+00 1.000008e+00
1.000015e+00 1.000009e+00
1.000016e+00 1.000011e+00
1.000015e+00 1.000010e+00
1.000014e+00 1.000008e+00
1.000016e+00 1.000010e+00
1.000016e+00 1.000010e+00
1.000014e+00 1.000008e+00
1.000015e+00 1.000010e+00
1.000017e+00 1.000011e+00
1.000017e+00 1.000010e+00
1.000015e+00 1.000008e+00
1.000016e+00 1.000009e+00
1.000017e+00 1.000010e+00
1.000016e+00 1.000011e+00
1.000013e+00 1.000009e+00
1.000017e+00 1.000011e+00
1.000017e+00 1.000011e+00
1.000014e+00 1.000008e+00
1.000016e+00 1.000010e+00
1.000019e+00 1.000013e+00
1.000016e+00 1.000010e+00
1.000014e+00 1.000008e+00
1.000017e+00 1.000010e+00
1.000018e+00 1.000011e+00
1.000014e+00 1.000008e+00
1.000017e+00 1.000011e+00
1.000018e+00 1.000012e+00
1.000020e+00 1.000012e+00
1.000014e+00 1.000008e+00
1.000017e+00 1.000011e+00
1.000021e+00 1.000013e+00
1.000019e+00 1.000012e+00
1.000014e+00 1.000009e+00
1.000018e+00 1.000011e+00
1.000022e+00 1.000014e+00
1.000015e+00 1.000009e+00
1.000019e+00 1.000012e+00
1.000019e+00 1.000012e+00
1.000023e+00 1.000015e+00
1.000016e+00 1.000010e+00
1.000018e+00 1.000011e+00
1.000024e+00 1.000015e+00
1.000018e+00 1.000011e+00
1.000017e+00 1.000010e+00
1.000020e+00 1.000013e+00
1.000024e+00 1.000014e+00
1.000019e+00 1.000012e+00
1.000018e+00 1.000012e+00
1.000022e+00 1.000014e+00
1.000026e+00 1.000016e+00
1.000018e+00 1.000011e+00
1.000019e+00 1.000012e+00
1.000021e+00 1.000013e+00
1.000021e+00 1.000013e+00
1.000018e+00 1.000012e+00
1.000021e+00 1.000014e+00
1.000021e+00 1.000014e+00
1.000023e+00 1.000014e+00
1.000018e+00 1.000012e+00
1.000022e+00 1.000014e+00
1.000028e+00 1.000018e+00
1.000013e+00 1.000009e+00
1.000020e+00 1.000013e+00
1.000023e+00 1.000015e+00
1.000031e+00 1.000020e+00
1.000018e+00 1.000011e+00
1.000023e+00 1.000015e+00
1.000023e+00 1.000015e+00
1.000033e+00 1.000021e+00
1.000017e+00 1.000011e+00
1.000023e+00 1.000015e+00
1.000032e+00 1.000020e+00
1.000016e+00 1.000011e+00
1.000023e+00 1.000015e+00
1.000025e+00 1.000016e+00
1.000030e+00 1.000019e+00
1.000017e+00 1.000011e+00
1.000023e+00 1.000015e+00
1.000027e+00 1.000017e+00
1.000038e+00 1.000025e+00
1.000012e+00 1.000008e+00
1.000023e+00 1.000015e+00
1.000025e+00 1.000017e+00
1.000016e+00 1.000011e+00
1.000022e+00 1.000015e+00
1.000025e+00 1.000017e+00
1.000026e+00 1.000017e+00
1.000024e+00 1.000016e+00
1.000023e+00 1.000015e+00
1.000027e+00 1.000018e+00
1.000040e+00 1.000026e+00
1.000012e+00 1.000008e+00
1.000025e+00 1.000017e+00
1.000028e+00 1.000019e+00
1.000047e+00 1.000030e+00
1.000022e+00 1.000015e+00
1.000029e+00 1.000019e+00
1.000029e+00 1.000019e+00
1.000046e+00 1.000030e+00
1.000022e+00 1.000015e+00
1.000030e+00 1.000019e+00
1.000040e+00 1.000026e+00
1.000018e+00 1.000013e+00
1.000033e+00 1.000022e+00
1.000038e+00 1.000026e+00
1.000041e+00 1.000028e+00
1.000042e+00 1.000031e+00
1.000054e+00 1.000041e+00
1.000086e+00 1.000067e+00
1.000106e+00 1.000084e+00
1.000198e+00 1.000150e+00
1.000176e+00 1.000122e+00
1.000329e+00 1.000287e+00
1.000555e+00 1.000481e+00
1.000963e+00 1.000791e+00
1.001284e+00 1.001016e+00
1.001345e+00 1.001077e+00
1.001714e+00 1.001487e+00
1.001307e+00 1.000622e+00
1.001122e+00 1.000698e+00
1.000617e+00 1.000288e+00
1.000302e+00 1.000193e+00
1.000222e+00 1.000138e+00
1.000212e+00 1.000123e+00
1.000205e+00 1.000132e+00
1.000216e+00 1.000128e+00
1.000194e+00 1.000087e+00
1.000182e+00 1.000115e+00
1.000188e+00 1.000084e+00
1.000201e+00 1.000088e+00
1.000194e+00 1.000090e+00
1.000197e+00 1.000087e+00
1.000191e+00 1.000089e+00
1.000195e+00 1.000129e+00
1.000199e+00 1.000093e+00
1.000201e+00 1.000091e+00
1.000207e+00 1.000095e+00
1.000181e+00 1.000082e+00
1.000205e+00 1.000105e+00
1.000190e+00 1.000116e+00
1.000108e+00 1.000058e+00
1.000069e+00 1.000046e+00
1.000051e+00 1.000030e+00
1.000043e+00 1.000028e+00
1.000039e+00 1.000027e+00
1.000040e+00 1.000029e+00
1.000041e+00 1.000022e+00
1.000036e+00 1.000018e+00
1.000038e+00 1.000018e+00
1.000037e+00 1.000019e+00
1.000034e+00 1.000017e+00
1.000032e+00 1.000022e+00
1.000035e+00 1.000023e+00
1.000033e+00 1.000016e+00
1.000025e+00 1.000012e+00
1.000025e+00 1.000016e+00
1.000025e+00 1.000015e+00
1.000021e+00 1.000013e+00
1.000020e+00 1.000010e+00
1.000019e+00 1.000010e+00
1.000019e+00 1.000009e+00
1.000018e+00 1.000009e+00
1.000016e+00 1.000009e+00
1.000013e+00 1.000010e+00
1.000013e+00 1.000010e+00
1.000015e+00 1.000008e+00
1.000013e+00 1.000006e+00
1.000013e+00 1.000009e+00
1.000013e+00 1.000007e+00
1.000012e+00 1.000008e+00
1.000012e+00 1.000007e+00
1.000014e+00 1.000007e+00
1.000014e+00 1.000007e+00
1.000015e+00 1.000007e+00
1.000014e+00 1.000008e+00
1.000013e+00 1.000009e+00
1.000018e+00 1.000009e+00
1.000015e+00 1.000008e+00
1.000013e+00 1.000007e+00
1.000013e+00 1.000006e+00
1.000011e+00 1.000006e+00
1.000014e+00 1.000007e+00
1.000015e+00 1.000006e+00
1.000017e+00 1.000009e+00
1.000013e+00 1.000006e+00
1.000013e+00 1.000009e+00
1.000011e+00 1.000006e+00
1.000010e+00 1.000006e+00
1.000012e+00 1.000006e+00
1.000016e+00 1.000008e+00
1.000013e+00 1.000007e+00
1.000011e+00 1.000006e+00
1.000012e+00 1.000006e+00
1.000010e+00 1.000007e+00
1.000010e+00 1.000005e+00
1.000013e+00 1.000007e+00
1.000015e+00 1.000008e+00
1.000012e+00 1.000006e+00
1.000013e+00 1.000009e+00
1.000012e+00 1.000008e+00
1.000011e+00 1.000005e+00
1.000013e+00 1.000007e+00
1.000017e+00 1.000007e+00
1.000012e+00 1.000006e+00
1.000012e+00 1.000008e+00
1.000014e+00 1.000007e+00
1.000019e+00 1.000006e+00
1.000013e+00 1.000007e+00
1.000012e+00 1.000006e+00
1.000013e+00 1.000009e+00
1.000013e+00 1.000007e+00
1.000013e+00 1.000008e+00
1.000012e+00 1.000008e+00
1.000012e+00 1.000006e+00
1.000011e+00 1.000005e+00
1.000013e+00 1.000008e+00
1.000014e+00 1.000007e+00
1.000012e+00 1.000009e+00
1.000014e+00 1.000006e+00
1.000016e+00 1.000007e+00
1.000015e+00 1.000007e+00
1.000019e+00 1.000008e+00
1.000017e+00 1.000009e+00
1.000015e+00 1.000009e+00
1.000016e+00 1.000009e+00
1.000017e+00 1.000008e+00
1.000016e+00 1.000007e+00
1.000016e+00 1.000007e+00
1.000015e+00 1.000008e+00
1.000012e+00 1.000008e+00
1.000011e+00 1.000006e+00
1.000010e+00 1.000006e+00
1.000010e+00 1.000008e+00
1.000013e+00 1.000007e+00
1.000011e+00 1.000006e+00
1.000009e+00 1.000006e+00
1.000010e+00 1.000007e+00
1.000010e+00 1.000006e+00
1.000011e+00 1.000006e+00
1.000012e+00 1.000009e+00
1.000012e+00 1.000006e+00
1.000010e+00 1.000006e+00
1.000011e+00 1.000006e+00
1.000011e+00 1.000006e+00
1.000011e+00 1.000006e+00
1.000013e+00 1.000009e+00
1.000012e+00 1.000006e+00
1.000012e+00 1.000006e+00
1.000013e+00 1.000005e+00
1.000012e+00 1.000006e+00
1.000011e+00 1.000007e+00
1.000011e+00 1.000007e+00
1.000011e+00 1.000005e+00
1.000013e+00 1.000007e+00
1.000011e+00 1.000005e+00
1.000013e+00 1.000005e+00
1.000011e+00 1.000005e+00
1.000012e+00 1.000006e+00
1.000012e+00 1.000005e+00
1.000010e+00 1.000005e+00
1.000011e+00 1.000006e+00
1.000012e+00 1.000005e+00
1.000013e+00 1.000006e+00
1.000013e+00 1.000006e+00
1.000013e+00 1.000006e+00
1.000010e+00 1.000005e+00
1.000010e+00 1.000005e+00
1.000014e+00 1.000006e+00
1.000013e+00 1.000008e+00
1.000013e+00 1.000006e+00
1.000012e+00 1.000005e+00
1.000009e+00 1.000005e+00
1.000009e+00 1.000005e+00
1.000010e+00 1.000006e+00
1.000010e+00 1.000008e+00
1.000010e+00 1.000005e+00
1.000010e+00 1.000004e+00
1.000009e+00 1.000005e+00
1.000010e+00 1.000006e+00
1.000010e+00 1.000005e+00
1.000009e+00 1.000005e+00
1.000010e+00 1.000005e+00
1.000010e+00 1.000005e+00
1.000009e+00 1.000005e+00
1.000011e+00 1.000005e+00
1.000011e+00 1.000006e+00
1.000011e+00 1.000005e+00
1.000010e+00 1.000004e+00
1.000011e+00 1.000006e+00
1.000012e+00 1.000006e+00
1.000010e+00 1.000005e+00
1.000011e+00 1.000006e+00
1.000011e+00 1.000005e+00
1.000011e+00 1.000005e+00
1.000011e+00 1.000007e+00
1.000011e+00 1.000006e+00
1.000011e+00 1.000005e+00
1.000012e+00 1.000005e+00
1.000011e+00 1.000005e+00
1.000011e+00 1.000006e+00
1.000009e+00 1.000005e+00
1.000007e+00 1.000005e+00
1.000008e+00 1.000005e+00
1.000009e+00 1.000005e+00
1.000009e+00 1.000006e+00
1.000008e+00 1.000004e+00
1.000012e+00 1.000005e+00
1.000008e+00 1.000004e+00
1.000008e+00 1.000004e+00
1.000010e+00 1.000005e+00
1.000009e+00 1.000005e+00
1.000009e+00 1.000005e+00
1.000009e+00 1.000004e+00
1.000009e+00 1.000005e+00
1.000009e+00 1.000006e+00
1.000009e+00 1.000004e+00
1.000011e+00 1.000005e+00
1.000010e+00 1.000005e+00
1.000010e+00 1.000006e+00
1.000008e+00 1.000004e+00
1.000009e+00 1.000004e+00
1.000011e+00 1.000005e+00
1.000010e+00 1.000006e+00
1.000014e+00 1.000005e+00
1.000011e+00 1.000005e+00
1.000009e+00 1.000005e+00
1.000010e+00 1.000004e+00
1.000010e+00 1.000005e+00
1.000008e+00 1.000004e+00
1.000009e+00 1.000005e+00
1.000009e+00 1.000004e+00
1.000008e+00 1.000005e+00
1.000008e+00 1.000005e+00
1.000009e+00 1.000004e+00
1.000009e+00 1.000005e+00
1.000010e+00 1.000005e+00
1.000009e+00 1.000004e+00
1.000008e+00 1.000004e+00
1.000008e+00 1.000005e+00
1.000015e+00 1.000007e+00
1.000010e+00 1.000005e+00
1.000010e+00 1.000005e+00
1.000011e+00 1.000006e+00
1.000009e+00 1.000005e+00
1.000009e+00 1.000004e+00
1.000009e+00 1.000005e+00
1.000009e+00 1.000005e+00
1.000009e+00 1.000005e+00
1.000007e+00 1.000004e+00
1.000006e+00 1.000004e+00
1.000007e+00 1.000004e+00
1.000009e+00 1.000005e+00
1.000007e+00 1.000004e+00
1.000009e+00 1.000005e+00
1.000010e+00 1.000005e+00
1.000008e+00 1.000004e+00
1.000008e+00 1.000003e+00
