13 152
13 155
11 153
10 198
9 186
8 192
11 172
9 187
14 185
10 174
8 186
7 187
11 170
10 180
9 181
11 155
8 179
7 163
12 170
10 177
9 172
11 160
9 159
8 171
13 159
10 159
9 177
11 151
9 159
8 155
8 157
10 153
9 155
8 157
10 147
8 147
9 150
12 161
10 143
8 155
5 160
4 157
9 152
8 151
10 145
9 137
5 154
4 155
10 135
9 149
6 148
9 133
8 134
5 144
11 144
9 125
8 139
10 145
8 125
8 136
7 154
10 143
9 138
6 144
4 144
8 123
8 133
6 149
9 103
8 133
5 143
4 144
9 103
7 147
10 147
9 128
5 135
4 136
9 132
8 138
6 145
10 104
8 109
5 139
6 146
9 98
7 144
11 128
8 117
8 102
7 142
10 118
8 129
6 147
4 150
7 115
8 141
6 146
8 91
7 154
4 152
4 151
9 93
7 144
11 111
9 124
5 152
4 154
10 116
8 142
6 140
8 103
4 96
6 144
6 148
9 90
7 139
6 143
7 83
7 87
7 147
10 116
8 132
6 137
4 134
7 111
8 137
6 143
8 88
7 134
4 135
4 134
8 82
6 139
10 136
8 109
4 132
4 132
9 124
8 121
6 137
8 84
4 87
6 120
6 127
8 78
6 125
6 126
7 92
4 83
6 119
9 119
7 112
6 130
4 129
8 108
7 118
6 127
12 87
21 130
4 136
4 132
8 91
11 127
19 132
14 120
4 141
4 148
9 144
7 137
6 147
9 133
4 115
6 155
5 165
9 131
7 166
5 175
4 176
7 157
7 197
4 215
10 226
7 298
4 315
4 320
9 366
7 417
4 428
4 429
8 444
4 470
12 472
8 479
8 480
9 466
5 469
7 467
8 465
8 452
8 459
9 472
4 462
7 476
8 467
8 481
9 471
8 471
7 462
4 460
9 488
8 486
9 472
9 465
4 460
4 456
10 485
8 485
8 454
8 469
4 475
8 469
8 485
8 491
9 492
10 470
4 462
4 463
9 459
8 465
6 461
9 451
7 453
4 452
9 471
8 468
7 466
9 449
4 435
9 449
8 448
8 442
8 455
9 456
4 449
4 438
9 448
9 446
10 446
6 443
4 443
7 446
9 453
9 455
9 436
8 459
7 449
4 447
6 440
9 443
8 440
9 454
4 453
4 450
9 445
9 447
10 451
8 462
4 467
4 460
8 440
10 452
6 443
9 459
4 450
4 447
12 452
6 454
9 456
10 457
4 451
8 465
6 445
8 451
9 444
6 445
8 462
4 452
7 458
11 443
9 442
7 454
4 448
7 454
9 460
10 441
7 439
8 447
4 447
8 440
6 441
6 446
12 431
10 436
4 436
4 433
6 437
7 441
4 444
12 440
4 431
4 427
9 430
8 433
10 423
7 438
4 437
4 432
8 424
8 418
11 437
9 429
4 435
4 433
9 434
9 434
9 436
7 434
4 430
4 434
7 447
10 430
9 435
6 457
4 456
4 457
11 441
9 437
8 447
6 442
4 452
4 451
8 443
11 435
6 437
9 436
4 440
4 446
9 437
9 433
8 433
8 438
4 447
4 437
9 418
10 426
7 431
7 447
4 448
8 422
9 429
8 433
8 429
9 442
4 440
8 423
6 420
8 419
10 426
7 428
4 425
4 429
8 416
10 418
9 421
9 418
4 414
4 417
7 415
7 427
9 432
12 426
4 423
4 427
8 437
6 435
6 440
11 421
8 425
4 436
6 436
8 421
9 413
9 414
4 415
4 422
9 411
8 421
9 417
8 420
4 419
4 422
10 408
10 417
10 433
7 432
4 435
4 436
6 427
10 410
9 428
8 432
4 435
4 437
8 427
10 423
10 430
6 435
4 430
8 434
9 440
8 426
6 425
9 428
9 428
4 425
