1.000172e+00 1.000046e+00
1.000114e+00 1.000048e+00
1.000109e+00 1.000067e+00
1.000198e+00 1.000111e+00
1.000280e+00 1.000138e+00
1.000378e+00 1.000198e+00
1.000187e+00 1.000105e+00
1.000280e+00 1.000153e+00
1.000167e+00 1.000097e+00
1.000200e+00 1.000115e+00
1.000256e+00 1.000149e+00
1.000423e+00 1.000241e+00
1.000181e+00 1.000109e+00
1.000268e+00 1.000155e+00
1.000390e+00 1.000213e+00
1.000167e+00 1.000101e+00
1.000264e+00 1.000153e+00
1.000393e+00 1.000223e+00
1.000160e+00 1.000097e+00
1.000240e+00 1.000139e+00
1.000555e+00 1.000302e+00
1.000207e+00 1.000128e+00
1.000273e+00 1.000162e+00
1.000334e+00 1.000196e+00
1.000187e+00 1.000113e+00
1.000248e+00 1.000142e+00
1.000457e+00 1.000256e+00
1.000224e+00 1.000136e+00
1.000269e+00 1.000162e+00
1.000302e+00 1.000180e+00
1.000637e+00 1.000361e+00
1.000269e+00 1.000167e+00
1.000366e+00 1.000219e+00
1.000731e+00 1.000416e+00
1.000212e+00 1.000132e+00
1.000297e+00 1.000179e+00
1.000456e+00 1.000263e+00
1.000217e+00 1.000133e+00
1.000310e+00 1.000184e+00
1.000594e+00 1.000346e+00
1.000921e+00 1.000563e+00
1.000954e+00 1.000529e+00
1.000408e+00 1.000258e+00
1.000755e+00 1.000457e+00
1.000300e+00 1.000188e+00
1.000415e+00 1.000251e+00
1.000628e+00 1.000374e+00
1.000977e+00 1.000596e+00
1.000323e+00 1.000205e+00
1.000493e+00 1.000307e+00
1.001069e+00 1.000633e+00
1.000312e+00 1.000199e+00
1.000404e+00 1.000255e+00
1.000610e+00 1.000368e+00
1.000212e+00 1.000135e+00
1.000383e+00 1.000236e+00
1.000722e+00 1.000442e+00
1.000284e+00 1.000182e+00
1.000387e+00 1.000244e+00
1.000396e+00 1.000251e+00
1.000890e+00 1.000540e+00
1.000346e+00 1.000222e+00
1.000451e+00 1.000285e+00
1.001060e+00 1.000643e+00
1.001415e+00 1.000874e+00
1.000332e+00 1.000217e+00
1.000548e+00 1.000342e+00
1.001227e+00 1.000744e+00
1.000380e+00 1.000246e+00
1.000663e+00 1.000422e+00
1.001011e+00 1.000649e+00
1.001419e+00 1.000903e+00
1.000375e+00 1.000243e+00
1.000809e+00 1.000513e+00
1.000349e+00 1.000224e+00
1.000414e+00 1.000268e+00
1.000646e+00 1.000409e+00
1.000989e+00 1.000627e+00
1.000417e+00 1.000270e+00
1.000494e+00 1.000320e+00
1.001071e+00 1.000668e+00
1.000415e+00 1.000274e+00
1.000426e+00 1.000282e+00
1.000614e+00 1.000387e+00
1.001133e+00 1.000712e+00
1.000391e+00 1.000260e+00
1.000724e+00 1.000466e+00
1.000273e+00 1.000182e+00
1.000423e+00 1.000278e+00
1.000416e+00 1.000271e+00
1.000834e+00 1.000526e+00
1.000364e+00 1.000243e+00
1.000463e+00 1.000303e+00
1.000966e+00 1.000613e+00
1.001318e+00 1.000862e+00
1.000459e+00 1.000307e+00
1.000566e+00 1.000372e+00
1.001056e+00 1.000670e+00
1.000469e+00 1.000311e+00
1.000687e+00 1.000450e+00
1.001008e+00 1.000652e+00
1.001290e+00 1.000844e+00
1.000470e+00 1.000316e+00
1.000799e+00 1.000519e+00
1.000335e+00 1.000226e+00
1.000447e+00 1.000295e+00
1.000678e+00 1.000442e+00
1.000989e+00 1.000648e+00
1.000421e+00 1.000286e+00
1.000521e+00 1.000347e+00
1.001046e+00 1.000678e+00
1.000497e+00 1.000336e+00
1.000693e+00 1.000427e+00
1.000645e+00 1.000435e+00
1.001184e+00 1.000777e+00
1.000443e+00 1.000304e+00
1.000775e+00 1.000517e+00
1.001023e+00 1.000635e+00
1.000370e+00 1.000255e+00
1.000468e+00 1.000314e+00
1.000913e+00 1.000601e+00
1.000414e+00 1.000284e+00
1.000491e+00 1.000334e+00
1.001073e+00 1.000712e+00
1.001481e+00 1.001011e+00
1.000542e+00 1.000369e+00
1.000639e+00 1.000434e+00
1.001258e+00 1.000838e+00
1.000516e+00 1.000347e+00
1.000758e+00 1.000518e+00
1.001135e+00 1.000765e+00
1.001515e+00 1.001031e+00
1.000508e+00 1.000342e+00
1.000924e+00 1.000628e+00
1.000403e+00 1.000279e+00
1.000494e+00 1.000340e+00
1.000788e+00 1.000518e+00
1.001108e+00 1.000758e+00
1.000484e+00 1.000333e+00
1.000580e+00 1.000400e+00
1.001279e+00 1.000862e+00
1.000551e+00 1.000377e+00
1.000761e+00 1.000491e+00
1.000711e+00 1.000498e+00
1.001483e+00 1.001000e+00
1.000528e+00 1.000350e+00
1.000885e+00 1.000612e+00
1.001335e+00 1.000856e+00
1.000460e+00 1.000309e+00
1.000766e+00 1.000495e+00
1.001052e+00 1.000726e+00
1.000470e+00 1.000323e+00
1.000606e+00 1.000419e+00
1.001252e+00 1.000846e+00
1.001736e+00 1.001159e+00
1.000518e+00 1.000351e+00
1.000711e+00 1.000479e+00
1.001452e+00 1.000965e+00
1.000548e+00 1.000350e+00
1.000838e+00 1.000536e+00
1.001267e+00 1.000810e+00
1.001712e+00 1.001076e+00
1.000641e+00 1.000397e+00
1.001007e+00 1.000645e+00
1.000471e+00 1.000295e+00
1.000610e+00 1.000383e+00
1.000932e+00 1.000570e+00
1.001222e+00 1.000730e+00
1.000611e+00 1.000378e+00
1.000718e+00 1.000446e+00
1.001371e+00 1.000849e+00
1.000700e+00 1.000425e+00
1.001001e+00 1.000603e+00
1.000839e+00 1.000513e+00
1.001610e+00 1.000971e+00
1.000751e+00 1.000456e+00
1.000983e+00 1.000600e+00
1.001819e+00 1.001107e+00
1.002161e+00 1.001315e+00
1.000693e+00 1.000421e+00
1.001172e+00 1.000718e+00
1.002146e+00 1.001308e+00
1.000906e+00 1.000566e+00
1.001382e+00 1.000864e+00
1.001893e+00 1.001180e+00
1.002366e+00 1.001473e+00
1.001332e+00 1.000867e+00
1.001831e+00 1.001198e+00
1.002926e+00 1.001882e+00
1.004137e+00 1.002638e+00
1.002355e+00 1.001695e+00
1.002888e+00 1.002048e+00
1.000888e+00 1.000418e+00
1.000912e+00 1.000576e+00
1.000958e+00 1.000580e+00
1.000944e+00 1.000443e+00
1.000972e+00 1.000624e+00
1.000912e+00 1.000519e+00
1.000938e+00 1.000432e+00
1.000941e+00 1.000430e+00
1.000958e+00 1.000430e+00
1.000908e+00 1.000406e+00
1.000985e+00 1.000647e+00
1.000981e+00 1.000445e+00
1.000925e+00 1.000428e+00
1.000988e+00 1.000629e+00
1.000902e+00 1.000420e+00
1.000919e+00 1.000600e+00
1.000904e+00 1.000595e+00
1.000999e+00 1.000655e+00
1.000964e+00 1.000439e+00
1.000991e+00 1.000631e+00
1.000894e+00 1.000427e+00
1.000880e+00 1.000490e+00
1.000943e+00 1.000631e+00
1.001031e+00 1.000508e+00
1.000953e+00 1.000439e+00
1.001004e+00 1.000669e+00
1.000979e+00 1.000467e+00
1.000992e+00 1.000565e+00
1.001068e+00 1.000700e+00
1.000962e+00 1.000448e+00
1.001006e+00 1.000469e+00
1.000997e+00 1.000481e+00
1.001006e+00 1.000477e+00
1.000939e+00 1.000439e+00
1.001001e+00 1.000664e+00
1.001063e+00 1.000502e+00
1.000986e+00 1.000460e+00
1.000970e+00 1.000566e+00
1.001143e+00 1.000770e+00
1.001004e+00 1.000491e+00
1.001004e+00 1.000651e+00
1.001093e+00 1.000696e+00
1.000965e+00 1.000458e+00
1.000971e+00 1.000640e+00
1.001065e+00 1.000555e+00
1.001031e+00 1.000497e+00
1.001111e+00 1.000747e+00
1.000973e+00 1.000458e+00
1.000959e+00 1.000462e+00
1.000991e+00 1.000475e+00
1.001045e+00 1.000492e+00
1.000999e+00 1.000482e+00
1.001097e+00 1.000737e+00
1.001216e+00 1.000588e+00
1.001121e+00 1.000543e+00
1.001094e+00 1.000528e+00
1.000984e+00 1.000507e+00
1.001122e+00 1.000746e+00
1.001163e+00 1.000772e+00
1.001092e+00 1.000529e+00
1.001071e+00 1.000509e+00
1.001051e+00 1.000708e+00
1.001038e+00 1.000506e+00
1.001046e+00 1.000692e+00
1.001014e+00 1.000677e+00
1.001098e+00 1.000744e+00
1.001286e+00 1.000615e+00
1.001191e+00 1.000573e+00
1.001206e+00 1.000775e+00
1.001065e+00 1.000504e+00
1.001140e+00 1.000761e+00
1.001209e+00 1.000585e+00
1.001221e+00 1.000583e+00
1.001227e+00 1.000729e+00
1.001077e+00 1.000512e+00
1.001081e+00 1.000719e+00
1.001145e+00 1.000774e+00
1.001229e+00 1.000604e+00
1.001247e+00 1.000587e+00
1.001130e+00 1.000527e+00
1.001255e+00 1.000829e+00
1.001187e+00 1.000576e+00
1.001213e+00 1.000827e+00
1.001288e+00 1.000630e+00
1.001070e+00 1.000512e+00
1.001213e+00 1.000815e+00
1.001152e+00 1.000562e+00
1.001097e+00 1.000527e+00
1.001172e+00 1.000785e+00
1.001040e+00 1.000519e+00
1.001120e+00 1.000759e+00
1.001104e+00 1.000557e+00
1.001061e+00 1.000514e+00
1.001196e+00 1.000796e+00
1.001061e+00 1.000515e+00
1.001086e+00 1.000753e+00
1.001205e+00 1.000600e+00
1.001001e+00 1.000490e+00
1.000994e+00 1.000656e+00
1.001073e+00 1.000713e+00
1.001122e+00 1.000759e+00
1.001130e+00 1.000538e+00
1.001103e+00 1.000528e+00
1.001042e+00 1.000496e+00
1.001073e+00 1.000714e+00
1.001055e+00 1.000504e+00
1.001112e+00 1.000728e+00
1.001011e+00 1.000488e+00
1.001114e+00 1.000756e+00
1.001200e+00 1.000616e+00
1.001110e+00 1.000530e+00
1.000925e+00 1.000608e+00
1.000974e+00 1.000657e+00
1.001050e+00 1.000624e+00
1.001163e+00 1.000589e+00
1.001242e+00 1.000629e+00
1.001548e+00 1.001064e+00
1.001172e+00 1.000578e+00
1.001210e+00 1.000825e+00
1.001235e+00 1.000819e+00
1.001119e+00 1.000561e+00
1.001123e+00 1.000750e+00
1.000984e+00 1.000494e+00
1.001070e+00 1.000729e+00
1.001179e+00 1.000798e+00
1.001279e+00 1.000637e+00
1.001084e+00 1.000547e+00
1.001045e+00 1.000715e+00
1.000940e+00 1.000478e+00
1.000937e+00 1.000632e+00
1.001002e+00 1.000691e+00
1.001079e+00 1.000548e+00
1.001007e+00 1.000509e+00
1.000954e+00 1.000638e+00
1.000851e+00 1.000446e+00
1.000957e+00 1.000657e+00
1.001037e+00 1.000718e+00
1.001105e+00 1.000569e+00
1.001209e+00 1.000617e+00
1.001019e+00 1.000512e+00
1.000901e+00 1.000619e+00
1.000961e+00 1.000683e+00
1.001016e+00 1.000726e+00
1.001103e+00 1.000587e+00
1.001052e+00 1.000528e+00
1.000932e+00 1.000620e+00
1.000910e+00 1.000629e+00
1.000988e+00 1.000697e+00
1.001028e+00 1.000727e+00
1.001045e+00 1.000564e+00
1.001103e+00 1.000555e+00
1.000945e+00 1.000468e+00
1.001062e+00 1.000708e+00
1.000947e+00 1.000484e+00
1.000989e+00 1.000680e+00
1.001036e+00 1.000535e+00
1.001023e+00 1.000503e+00
1.000976e+00 1.000475e+00
1.000972e+00 1.000632e+00
1.000942e+00 1.000581e+00
1.000982e+00 1.000667e+00
1.001022e+00 1.000549e+00
1.000951e+00 1.000481e+00
1.000884e+00 1.000441e+00
1.000928e+00 1.000627e+00
1.001000e+00 1.000659e+00
1.001008e+00 1.000685e+00
1.000906e+00 1.000452e+00
1.000857e+00 1.000429e+00
1.000890e+00 1.000587e+00
1.000917e+00 1.000584e+00
1.000894e+00 1.000443e+00
1.000943e+00 1.000619e+00
1.000817e+00 1.000414e+00
1.000876e+00 1.000569e+00
1.000880e+00 1.000462e+00
1.000832e+00 1.000422e+00
1.000889e+00 1.000594e+00
1.000916e+00 1.000616e+00
1.000940e+00 1.000490e+00
1.000869e+00 1.000459e+00
1.000829e+00 1.000431e+00
1.000833e+00 1.000554e+00
1.000823e+00 1.000463e+00
1.000845e+00 1.000572e+00
1.000847e+00 1.000443e+00
1.000837e+00 1.000444e+00
1.000867e+00 1.000484e+00
1.000869e+00 1.000452e+00
1.000758e+00 1.000382e+00
1.000787e+00 1.000530e+00
1.000834e+00 1.000446e+00
1.000823e+00 1.000440e+00
1.000859e+00 1.000612e+00
1.000968e+00 1.000529e+00
1.000837e+00 1.000438e+00
1.000778e+00 1.000523e+00
1.000825e+00 1.000563e+00
1.000911e+00 1.000490e+00
1.000857e+00 1.000465e+00
1.000818e+00 1.000430e+00
1.000775e+00 1.000414e+00
1.000817e+00 1.000571e+00
1.000854e+00 1.000465e+00
1.000829e+00 1.000447e+00
1.000839e+00 1.000581e+00
1.000793e+00 1.000423e+00
1.000782e+00 1.000537e+00
1.000836e+00 1.000573e+00
1.000889e+00 1.000494e+00
1.000830e+00 1.000443e+00
1.000820e+00 1.000541e+00
1.000797e+00 1.000524e+00
1.000824e+00 1.000560e+00
1.000853e+00 1.000589e+00
1.000890e+00 1.000482e+00
1.000940e+00 1.000516e+00
1.000874e+00 1.000452e+00
1.000856e+00 1.000542e+00
1.000851e+00 1.000557e+00
1.000902e+00 1.000611e+00
1.000964e+00 1.000516e+00
1.000939e+00 1.000498e+00
1.000824e+00 1.000429e+00
1.000805e+00 1.000496e+00
1.000906e+00 1.000610e+00
1.000946e+00 1.000631e+00
1.000893e+00 1.000469e+00
1.000892e+00 1.000464e+00
1.000837e+00 1.000564e+00
1.000884e+00 1.000604e+00
1.000868e+00 1.000452e+00
1.000791e+00 1.000520e+00
1.000839e+00 1.000555e+00
