12 91
9 67
7 113
8 86
8 65
8 79
7 113
8 78
9 81
13 119
8 105
8 81
9 152
11 141
9 107
9 159
11 147
8 121
9 117
9 157
10 133
10 119
8 159
7 149
10 127
10 116
9 151
10 119
8 107
8 118
9 145
10 112
10 120
10 148
8 138
8 109
9 156
11 147
10 114
9 149
7 153
10 144
10 116
9 148
11 137
10 114
8 123
7 143
11 134
9 115
9 153
11 138
8 113
8 118
9 143
10 132
9 123
9 149
10 142
8 139
9 123
9 154
10 133
9 124
7 140
8 143
10 126
9 123
10 145
9 128
8 119
8 123
10 137
9 120
9 138
11 145
8 131
8 124
9 146
10 144
9 126
9 149
8 142
8 140
9 126
9 147
10 139
9 126
8 137
7 141
9 136
9 121
9 142
9 135
8 123
8 125
10 130
9 122
9 141
10 139
8 139
8 119
9 140
10 135
9 129
9 137
9 135
8 135
9 133
10 137
9 134
9 143
8 150
9 139
9 136
9 146
10 143
9 139
7 144
8 143
9 141
9 150
10 148
9 142
8 136
8 151
10 149
9 144
10 151
9 141
8 140
7 150
10 159
9 136
9 153
9 147
8 146
7 151
10 156
9 130
10 151
9 151
8 142
8 156
10 162
9 149
10 156
9 145
8 154
8 157
9 153
9 157
10 158
9 158
8 160
8 156
9 157
9 159
9 155
9 166
9 154
8 162
9 164
10 159
9 156
10 159
8 165
8 158
10 162
9 151
9 161
9 168
8 159
8 165
9 171
10 165
9 170
9 163
8 167
8 161
10 164
9 164
9 171
9 176
8 164
8 168
9 175
10 175
9 169
10 172
8 166
8 155
9 169
10 168
9 170
10 180
8 182
8 158
9 180
10 162
9 167
9 181
8 190
8 161
9 184
10 162
9 170
9 161
7 192
8 176
9 176
8 175
9 124
9 184
9 173
7 150
9 184
9 159
9 158
9 169
8 182
8 167
9 167
9 169
9 159
9 167
8 170
8 163
9 165
9 158
9 161
9 161
8 162
7 155
9 157
9 149
9 160
9 151
8 151
8 154
9 147
9 150
9 143
9 147
7 145
8 144
9 139
9 134
9 125
8 121
8 127
7 128
7 117
8 118
7 113
7 109
4 116
4 109
7 105
7 100
7 99
7 94
4 100
4 90
7 87
7 87
4 85
7 86
4 84
4 78
8 81
7 81
8 77
7 78
4 77
4 76
7 78
7 74
7 76
7 74
4 68
7 72
7 73
7 74
7 72
7 71
4 73
7 75
7 74
7 69
7 71
7 67
4 65
7 67
7 76
7 66
7 62
7 67
4 65
7 69
7 67
7 65
7 68
7 67
4 62
4 66
8 61
7 66
4 62
8 65
4 68
4 63
8 64
7 62
7 62
7 56
4 61
6 60
7 61
8 60
7 63
8 67
4 58
6 63
7 58
8 61
7 58
7 58
7 65
4 57
7 57
7 60
8 50
7 58
4 58
6 62
8 45
7 59
6 64
8 53
7 58
4 58
8 66
7 53
7 61
8 70
5 56
7 70
7 70
8 63
7 70
7 72
8 76
7 61
7 77
7 76
8 58
7 78
4 78
4 78
13 64
7 83
14 87
10 67
4 83
4 92
7 94
8 77
7 100
10 103
4 109
4 98
8 124
10 123
8 107
7 140
4 149
4 154
9 157
7 176
9 184
8 178
4 203
4 222
12 263
8 261
7 288
4 291
4 300
4 303
4 307
14 317
16 313
9 312
6 313
6 311
15 306
10 312
9 311
9 306
4 304
6 309
9 298
9 303
9 309
10 294
4 292
4 294
9 298
10 302
11 296
9 292
4 291
4 287
9 293
7 304
4 296
7 287
8 288
8 290
9 297
9 303
11 299
7 298
4 294
4 292
9 283
10 299
8 296
11 290
4 292
4 290
10 289
8 295
4 287
4 289
10 295
4 294
4 288
10 276
10 284
12 289
4 295
4 295
4 294
10 283
9 288
8 288
4 290
4 293
10 295
9 287
9 295
4 286
4 284
8 286
10 282
11 294
9 296
4 288
4 287
4 285
9 287
10 285
10 292
9 286
4 282
4 276
10 283
8 282
9 281
9 284
4 281
4 282
9 288
9 284
10 285
4 280
4 277
4 279
4 280
11 280
11 281
11 283
4 286
4 283
10 274
9 285
9 283
4 275
4 269
4 270
4 276
12 280
11 276
10 284
4 277
4 279
4 282
4 276
11 288
10 279
8 281
7 288
7 286
11 286
9 292
9 284
4 288
4 292
4 291
4 288
4 284
12 291
8 286
8 295
9 298
9 291
10 298
9 292
4 295
4 286
10 296
4 292
4 292
10 286
8 300
4 296
9 292
4 295
4 288
10 293
4 292
4 286
10 296
9 298
4 296
9 301
9 298
7 302
9 304
7 307
9 300
4 296
4 296
8 288
10 294
8 305
9 301
4 303
4 300
4 293
9 288
9 295
10 304
8 301
4 293
4 292
10 306
8 308
8 300
9 301
8 300
4 293
4 297
8 299
8 310
10 305
4 306
4 304
4 305
11 301
9 300
4 299
4 301
4 299
10 304
9 309
9 314
8 310
4 304
4 301
10 303
8 312
9 313
4 309
4 309
4 305
10 306
10 297
9 315
4 308
4 310
7 312
9 297
9 303
9 302
8 310
4 307
4 299
4 302
4 301
12 299
11 302
4 308
4 310
9 308
4 304
4 301
10 299
9 306
4 313
4 309
4 303
9 305
11 296
9 313
4 308
4 304
10 299
9 295
10 306
4 309
4 305
4 306
9 305
4 299
4 296
4 294
10 293
