1.000345e+00 1.000246e+00
1.000285e+00 1.000169e+00
1.000499e+00 1.000211e+00
1.000200e+00 1.000085e+00
1.000215e+00 1.000092e+00
1.000220e+00 1.000094e+00
1.000469e+00 1.000200e+00
1.000196e+00 1.000087e+00
1.000230e+00 1.000110e+00
1.000079e+00 1.000036e+00
1.000115e+00 1.000067e+00
1.000138e+00 1.000080e+00
1.000180e+00 1.000102e+00
1.000080e+00 1.000043e+00
1.000104e+00 1.000057e+00
1.000150e+00 1.000086e+00
1.000051e+00 1.000027e+00
1.000080e+00 1.000045e+00
1.000099e+00 1.000054e+00
1.000140e+00 1.000079e+00
1.000079e+00 1.000042e+00
1.000097e+00 1.000053e+00
1.000106e+00 1.000061e+00
1.000141e+00 1.000078e+00
1.000082e+00 1.000042e+00
1.000103e+00 1.000053e+00
1.000147e+00 1.000077e+00
1.000087e+00 1.000044e+00
1.000109e+00 1.000060e+00
1.000107e+00 1.000058e+00
1.000143e+00 1.000073e+00
1.000089e+00 1.000047e+00
1.000103e+00 1.000055e+00
1.000105e+00 1.000052e+00
1.000072e+00 1.000040e+00
1.000102e+00 1.000058e+00
1.000105e+00 1.000056e+00
1.000074e+00 1.000037e+00
1.000084e+00 1.000046e+00
1.000112e+00 1.000063e+00
1.000153e+00 1.000089e+00
1.000058e+00 1.000031e+00
1.000086e+00 1.000048e+00
1.000121e+00 1.000069e+00
1.000070e+00 1.000036e+00
1.000090e+00 1.000049e+00
1.000104e+00 1.000060e+00
1.000135e+00 1.000078e+00
1.000074e+00 1.000039e+00
1.000097e+00 1.000052e+00
1.000147e+00 1.000085e+00
1.000077e+00 1.000041e+00
1.000099e+00 1.000057e+00
1.000108e+00 1.000063e+00
1.000160e+00 1.000090e+00
1.000082e+00 1.000043e+00
1.000109e+00 1.000060e+00
1.000160e+00 1.000093e+00
1.000069e+00 1.000037e+00
1.000088e+00 1.000051e+00
1.000113e+00 1.000063e+00
1.000153e+00 1.000088e+00
1.000088e+00 1.000048e+00
1.000119e+00 1.000066e+00
1.000138e+00 1.000081e+00
1.000136e+00 1.000078e+00
1.000094e+00 1.000051e+00
1.000124e+00 1.000069e+00
1.000120e+00 1.000065e+00
1.000100e+00 1.000054e+00
1.000118e+00 1.000070e+00
1.000128e+00 1.000075e+00
1.000103e+00 1.000053e+00
1.000106e+00 1.000059e+00
1.000130e+00 1.000074e+00
1.000086e+00 1.000047e+00
1.000095e+00 1.000056e+00
1.000114e+00 1.000068e+00
1.000135e+00 1.000076e+00
1.000087e+00 1.000047e+00
1.000113e+00 1.000064e+00
1.000140e+00 1.000080e+00
1.000117e+00 1.000065e+00
1.000090e+00 1.000052e+00
1.000119e+00 1.000067e+00
1.000145e+00 1.000084e+00
1.000097e+00 1.000054e+00
1.000125e+00 1.000071e+00
1.000134e+00 1.000080e+00
1.000149e+00 1.000087e+00
1.000108e+00 1.000060e+00
1.000132e+00 1.000075e+00
1.000138e+00 1.000078e+00
1.000115e+00 1.000065e+00
1.000128e+00 1.000077e+00
1.000137e+00 1.000082e+00
1.000116e+00 1.000063e+00
1.000124e+00 1.000071e+00
1.000142e+00 1.000082e+00
1.000103e+00 1.000058e+00
1.000109e+00 1.000066e+00
1.000126e+00 1.000076e+00
1.000153e+00 1.000088e+00
1.000103e+00 1.000058e+00
1.000125e+00 1.000071e+00
1.000149e+00 1.000086e+00
1.000094e+00 1.000055e+00
1.000113e+00 1.000069e+00
1.000128e+00 1.000074e+00
1.000123e+00 1.000072e+00
1.000121e+00 1.000070e+00
1.000139e+00 1.000080e+00
1.000141e+00 1.000085e+00
1.000102e+00 1.000060e+00
1.000124e+00 1.000072e+00
1.000145e+00 1.000085e+00
1.000107e+00 1.000062e+00
1.000129e+00 1.000075e+00
1.000158e+00 1.000096e+00
1.000127e+00 1.000073e+00
1.000124e+00 1.000071e+00
1.000137e+00 1.000080e+00
1.000107e+00 1.000062e+00
1.000131e+00 1.000080e+00
1.000139e+00 1.000085e+00
1.000142e+00 1.000086e+00
1.000112e+00 1.000065e+00
1.000144e+00 1.000088e+00
1.000124e+00 1.000073e+00
1.000132e+00 1.000078e+00
1.000132e+00 1.000080e+00
1.000163e+00 1.000101e+00
1.000114e+00 1.000066e+00
1.000146e+00 1.000087e+00
1.000153e+00 1.000092e+00
1.000130e+00 1.000077e+00
1.000140e+00 1.000087e+00
1.000168e+00 1.000103e+00
1.000120e+00 1.000070e+00
1.000137e+00 1.000081e+00
1.000136e+00 1.000083e+00
1.000126e+00 1.000075e+00
1.000151e+00 1.000095e+00
1.000150e+00 1.000093e+00
1.000116e+00 1.000069e+00
1.000139e+00 1.000083e+00
1.000132e+00 1.000081e+00
1.000137e+00 1.000083e+00
1.000144e+00 1.000090e+00
1.000149e+00 1.000092e+00
1.000131e+00 1.000079e+00
1.000153e+00 1.000093e+00
1.000121e+00 1.000073e+00
1.000139e+00 1.000086e+00
1.000155e+00 1.000097e+00
1.000128e+00 1.000080e+00
1.000141e+00 1.000087e+00
1.000157e+00 1.000097e+00
1.000143e+00 1.000088e+00
1.000166e+00 1.000104e+00
1.000125e+00 1.000078e+00
1.000132e+00 1.000084e+00
1.000155e+00 1.000097e+00
1.000126e+00 1.000078e+00
1.000158e+00 1.000100e+00
1.000136e+00 1.000085e+00
1.000131e+00 1.000083e+00
1.000156e+00 1.000100e+00
1.000140e+00 1.000087e+00
1.000139e+00 1.000087e+00
1.000149e+00 1.000092e+00
1.000145e+00 1.000090e+00
1.000151e+00 1.000097e+00
1.000141e+00 1.000090e+00
1.000146e+00 1.000091e+00
1.000143e+00 1.000091e+00
1.000157e+00 1.000101e+00
1.000159e+00 1.000100e+00
1.000130e+00 1.000084e+00
1.000148e+00 1.000096e+00
1.000142e+00 1.000091e+00
1.000149e+00 1.000095e+00
1.000154e+00 1.000097e+00
1.000161e+00 1.000103e+00
1.000149e+00 1.000096e+00
1.000133e+00 1.000086e+00
1.000168e+00 1.000109e+00
1.000135e+00 1.000087e+00
1.000166e+00 1.000108e+00
1.000145e+00 1.000095e+00
1.000153e+00 1.000100e+00
1.000150e+00 1.000097e+00
1.000167e+00 1.000110e+00
1.000143e+00 1.000092e+00
1.000160e+00 1.000105e+00
1.000150e+00 1.000098e+00
1.000149e+00 1.000098e+00
1.000158e+00 1.000105e+00
1.000165e+00 1.000109e+00
1.000147e+00 1.000095e+00
1.000165e+00 1.000109e+00
1.000164e+00 1.000107e+00
1.000153e+00 1.000102e+00
1.000162e+00 1.000108e+00
1.000167e+00 1.000111e+00
1.000149e+00 1.000098e+00
1.000182e+00 1.000122e+00
1.000168e+00 1.000111e+00
1.000220e+00 1.000149e+00
1.000207e+00 1.000134e+00
1.000149e+00 1.000097e+00
1.000296e+00 1.000192e+00
1.000170e+00 1.000112e+00
1.000223e+00 1.000145e+00
1.000128e+00 1.000086e+00
1.000199e+00 1.000135e+00
1.000175e+00 1.000116e+00
1.000185e+00 1.000123e+00
1.000188e+00 1.000128e+00
1.000191e+00 1.000128e+00
1.000181e+00 1.000123e+00
1.000175e+00 1.000118e+00
1.000176e+00 1.000120e+00
1.000180e+00 1.000120e+00
1.000181e+00 1.000124e+00
1.000190e+00 1.000127e+00
1.000180e+00 1.000123e+00
1.000180e+00 1.000124e+00
1.000178e+00 1.000121e+00
1.000189e+00 1.000127e+00
1.000184e+00 1.000126e+00
1.000183e+00 1.000123e+00
1.000174e+00 1.000120e+00
1.000206e+00 1.000143e+00
1.000177e+00 1.000119e+00
1.000217e+00 1.000151e+00
1.000171e+00 1.000116e+00
1.000208e+00 1.000145e+00
1.000187e+00 1.000130e+00
1.000176e+00 1.000123e+00
1.000198e+00 1.000136e+00
1.000198e+00 1.000139e+00
1.000206e+00 1.000141e+00
1.000194e+00 1.000135e+00
1.000253e+00 1.000179e+00
1.000192e+00 1.000130e+00
1.000198e+00 1.000139e+00
1.000230e+00 1.000161e+00
1.000213e+00 1.000148e+00
1.000313e+00 1.000216e+00
1.000204e+00 1.000140e+00
1.000268e+00 1.000188e+00
1.000441e+00 1.000308e+00
1.000330e+00 1.000225e+00
1.000491e+00 1.000346e+00
1.000438e+00 1.000298e+00
1.000668e+00 1.000463e+00
1.000724e+00 1.000493e+00
1.000605e+00 1.000423e+00
1.000543e+00 1.000385e+00
1.000597e+00 1.000422e+00
1.000501e+00 1.000357e+00
1.000823e+00 1.000585e+00
1.000924e+00 1.000655e+00
1.000667e+00 1.000473e+00
1.000788e+00 1.000585e+00
1.001435e+00 1.000992e+00
1.000722e+00 1.000526e+00
1.001025e+00 1.000731e+00
1.001180e+00 1.000844e+00
1.000646e+00 1.000479e+00
1.000954e+00 1.000717e+00
1.000610e+00 1.000456e+00
1.000866e+00 1.000656e+00
1.001257e+00 1.000933e+00
1.001256e+00 1.000894e+00
1.000990e+00 1.000738e+00
1.000949e+00 1.000706e+00
1.000748e+00 1.000548e+00
1.001034e+00 1.000787e+00
1.001321e+00 1.000947e+00
1.000646e+00 1.000485e+00
1.000858e+00 1.000650e+00
1.000838e+00 1.000614e+00
1.000762e+00 1.000578e+00
1.001036e+00 1.000790e+00
1.001232e+00 1.000871e+00
1.000785e+00 1.000598e+00
1.000833e+00 1.000634e+00
1.000862e+00 1.000638e+00
1.000716e+00 1.000543e+00
1.001017e+00 1.000783e+00
1.001273e+00 1.000907e+00
1.000693e+00 1.000531e+00
1.000811e+00 1.000622e+00
1.000901e+00 1.000671e+00
1.000781e+00 1.000590e+00
1.000946e+00 1.000730e+00
1.001306e+00 1.000982e+00
1.000716e+00 1.000550e+00
1.000792e+00 1.000608e+00
1.001088e+00 1.000843e+00
1.000773e+00 1.000591e+00
1.000866e+00 1.000671e+00
1.001162e+00 1.000846e+00
1.001290e+00 1.000921e+00
1.000777e+00 1.000594e+00
1.000974e+00 1.000759e+00
1.001723e+00 1.001217e+00
1.000701e+00 1.000540e+00
1.001053e+00 1.000752e+00
1.001296e+00 1.000936e+00
1.000879e+00 1.000676e+00
1.000861e+00 1.000669e+00
1.000991e+00 1.000757e+00
1.000770e+00 1.000594e+00
1.001024e+00 1.000728e+00
1.000965e+00 1.000756e+00
1.000904e+00 1.000667e+00
1.000751e+00 1.000589e+00
1.001060e+00 1.000837e+00
1.000759e+00 1.000589e+00
1.001004e+00 1.000713e+00
1.000833e+00 1.000649e+00
1.001190e+00 1.000935e+00
1.000753e+00 1.000590e+00
1.000866e+00 1.000683e+00
1.001169e+00 1.000917e+00
1.000624e+00 1.000486e+00
1.000988e+00 1.000720e+00
1.000951e+00 1.000747e+00
1.001003e+00 1.000757e+00
1.000818e+00 1.000650e+00
1.000991e+00 1.000787e+00
1.001312e+00 1.000986e+00
1.000898e+00 1.000659e+00
1.000817e+00 1.000648e+00
1.001069e+00 1.000852e+00
1.001163e+00 1.000849e+00
1.000925e+00 1.000734e+00
1.000926e+00 1.000738e+00
1.001233e+00 1.000920e+00
1.000782e+00 1.000622e+00
1.000868e+00 1.000691e+00
1.001238e+00 1.000991e+00
1.000834e+00 1.000656e+00
1.000934e+00 1.000716e+00
1.000870e+00 1.000680e+00
1.001312e+00 1.001017e+00
1.000827e+00 1.000637e+00
1.000932e+00 1.000719e+00
1.001417e+00 1.001085e+00
1.000806e+00 1.000617e+00
1.000919e+00 1.000707e+00
1.000970e+00 1.000743e+00
1.001377e+00 1.001042e+00
1.000727e+00 1.000548e+00
1.001023e+00 1.000778e+00
1.001392e+00 1.001037e+00
1.001674e+00 1.001227e+00
1.000988e+00 1.000745e+00
1.001078e+00 1.000817e+00
1.000776e+00 1.000588e+00
1.000911e+00 1.000687e+00
1.001220e+00 1.000899e+00
1.001372e+00 1.001011e+00
1.001526e+00 1.001126e+00
1.000984e+00 1.000735e+00
1.001227e+00 1.000917e+00
1.000914e+00 1.000684e+00
1.001248e+00 1.000925e+00
1.001419e+00 1.001048e+00
1.001507e+00 1.001121e+00
1.001079e+00 1.000804e+00
1.001116e+00 1.000835e+00
1.001368e+00 1.001024e+00
1.001792e+00 1.001335e+00
1.002149e+00 1.001602e+00
1.001219e+00 1.000909e+00
1.001496e+00 1.001116e+00
1.001260e+00 1.000942e+00
1.001324e+00 1.000991e+00
1.001725e+00 1.001293e+00
1.002040e+00 1.001521e+00
1.001505e+00 1.001128e+00
1.001640e+00 1.001235e+00
1.002016e+00 1.001522e+00
1.002986e+00 1.002264e+00
1.003320e+00 1.002473e+00
1.003498e+00 1.002640e+00
1.004764e+00 1.003587e+00
1.003588e+00 1.002793e+00
1.001085e+00 1.000464e+00
1.001136e+00 1.000777e+00
1.001271e+00 1.000885e+00
1.001352e+00 1.000585e+00
1.001355e+00 1.000537e+00
1.001146e+00 1.000631e+00
1.001104e+00 1.000736e+00
1.001137e+00 1.000777e+00
1.001292e+00 1.000788e+00
1.001334e+00 1.000621e+00
1.001285e+00 1.000579e+00
1.001151e+00 1.000491e+00
1.001180e+00 1.000789e+00
1.001135e+00 1.000492e+00
1.001181e+00 1.000844e+00
1.001430e+00 1.000937e+00
1.001333e+00 1.000616e+00
1.001295e+00 1.000924e+00
1.001184e+00 1.000512e+00
1.001199e+00 1.000779e+00
1.001246e+00 1.000913e+00
1.001516e+00 1.001084e+00
1.001340e+00 1.000645e+00
1.001498e+00 1.001133e+00
1.002112e+00 1.001605e+00
1.002080e+00 1.001021e+00
1.001913e+00 1.000803e+00
1.001454e+00 1.001021e+00
1.001354e+00 1.000617e+00
1.001344e+00 1.000981e+00
1.001188e+00 1.000568e+00
1.001432e+00 1.001061e+00
1.001717e+00 1.001278e+00
1.001867e+00 1.000891e+00
1.001704e+00 1.000793e+00
1.001442e+00 1.000666e+00
1.001421e+00 1.001058e+00
1.001229e+00 1.000588e+00
1.001275e+00 1.001010e+00
1.001539e+00 1.001165e+00
1.001435e+00 1.000674e+00
1.001350e+00 1.000973e+00
1.001834e+00 1.001364e+00
1.002459e+00 1.001191e+00
1.001941e+00 1.000915e+00
1.001996e+00 1.001529e+00
1.002717e+00 1.001458e+00
1.002462e+00 1.001151e+00
1.001754e+00 1.000830e+00
1.001270e+00 1.000590e+00
1.001331e+00 1.001017e+00
1.001608e+00 1.001239e+00
1.002119e+00 1.001061e+00
1.001928e+00 1.000912e+00
1.001526e+00 1.000727e+00
1.001424e+00 1.001065e+00
1.001546e+00 1.001182e+00
1.001791e+00 1.001341e+00
1.001583e+00 1.000758e+00
1.001383e+00 1.000675e+00
1.001316e+00 1.000973e+00
1.001788e+00 1.001321e+00
1.002026e+00 1.001491e+00
1.001545e+00 1.000756e+00
1.001265e+00 1.000605e+00
1.001105e+00 1.000790e+00
1.001174e+00 1.000860e+00
1.001604e+00 1.001206e+00
1.001912e+00 1.001386e+00
1.002036e+00 1.001004e+00
1.001804e+00 1.000892e+00
1.001429e+00 1.000701e+00
1.001248e+00 1.000894e+00
1.001250e+00 1.000915e+00
1.001420e+00 1.001074e+00
1.001644e+00 1.000817e+00
1.001361e+00 1.000669e+00
1.001203e+00 1.000932e+00
1.001152e+00 1.000552e+00
1.001132e+00 1.000829e+00
1.001220e+00 1.000906e+00
1.001354e+00 1.000935e+00
1.001398e+00 1.000689e+00
1.001287e+00 1.000647e+00
1.001125e+00 1.000545e+00
1.001514e+00 1.001131e+00
1.001773e+00 1.001111e+00
1.001892e+00 1.000923e+00
1.002546e+00 1.001287e+00
1.002206e+00 1.001083e+00
1.001636e+00 1.000823e+00
1.001236e+00 1.000891e+00
1.001339e+00 1.001007e+00
1.001570e+00 1.001144e+00
1.001309e+00 1.000645e+00
1.001210e+00 1.000913e+00
1.001178e+00 1.000683e+00
1.001602e+00 1.001182e+00
1.001901e+00 1.001325e+00
1.002031e+00 1.001027e+00
1.002699e+00 1.001341e+00
1.002079e+00 1.001030e+00
1.001528e+00 1.000760e+00
1.001247e+00 1.000834e+00
1.001359e+00 1.000999e+00
1.001566e+00 1.001047e+00
1.002132e+00 1.001047e+00
1.002765e+00 1.001376e+00
1.002133e+00 1.001056e+00
1.001640e+00 1.000777e+00
1.001279e+00 1.000893e+00
1.001167e+00 1.000814e+00
1.001246e+00 1.000605e+00
1.001095e+00 1.000523e+00
1.001088e+00 1.000772e+00
1.001130e+00 1.000656e+00
1.001253e+00 1.000903e+00
1.001475e+00 1.001021e+00
1.001908e+00 1.000951e+00
1.002552e+00 1.001340e+00
1.003300e+00 1.001730e+00
1.002580e+00 1.001246e+00
1.001838e+00 1.001287e+00
1.001353e+00 1.000958e+00
1.001215e+00 1.000601e+00
1.001106e+00 1.000551e+00
1.001010e+00 1.000497e+00
1.001020e+00 1.000742e+00
1.001109e+00 1.000851e+00
1.001249e+00 1.000664e+00
1.001282e+00 1.000645e+00
1.001681e+00 1.001261e+00
1.002313e+00 1.001362e+00
1.001751e+00 1.000875e+00
1.001373e+00 1.001013e+00
1.001422e+00 1.001064e+00
1.001376e+00 1.000709e+00
1.001775e+00 1.001107e+00
1.002460e+00 1.001496e+00
1.002127e+00 1.001089e+00
1.002151e+00 1.001604e+00
1.002299e+00 1.001491e+00
1.001804e+00 1.000923e+00
1.001453e+00 1.001059e+00
1.001870e+00 1.001418e+00
1.001698e+00 1.000844e+00
1.001307e+00 1.000917e+00
1.001183e+00 1.000814e+00
1.001145e+00 1.000557e+00
1.001272e+00 1.000930e+00
1.001233e+00 1.000642e+00
1.001583e+00 1.001228e+00
1.001876e+00 1.001347e+00
1.001576e+00 1.000751e+00
1.001228e+00 1.000617e+00
1.001261e+00 1.000927e+00
1.001205e+00 1.000638e+00
1.001683e+00 1.001303e+00
1.002090e+00 1.001502e+00
1.002224e+00 1.001183e+00
1.001818e+00 1.000957e+00
1.001541e+00 1.000814e+00
1.001230e+00 1.000659e+00
1.001325e+00 1.001029e+00
1.001515e+00 1.001186e+00
1.001657e+00 1.000902e+00
1.001524e+00 1.000788e+00
1.001378e+00 1.001007e+00
1.001348e+00 1.001017e+00
1.001206e+00 1.000645e+00
1.001074e+00 1.000822e+00
1.001176e+00 1.000910e+00
1.001683e+00 1.000913e+00
1.001747e+00 1.000901e+00
1.001591e+00 1.000820e+00
1.001311e+00 1.000678e+00
1.001441e+00 1.001097e+00
1.001693e+00 1.001243e+00
1.002279e+00 1.001209e+00
1.001951e+00 1.001002e+00
1.001695e+00 1.001225e+00
1.002087e+00 1.001483e+00
1.002391e+00 1.001552e+00
1.002557e+00 1.001292e+00
1.002175e+00 1.001119e+00
1.001703e+00 1.000866e+00
1.001449e+00 1.001040e+00
1.001374e+00 1.000914e+00
1.001466e+00 1.001113e+00
1.001627e+00 1.000908e+00
1.001376e+00 1.000714e+00
1.001341e+00 1.000991e+00
1.001285e+00 1.000685e+00
1.001747e+00 1.001218e+00
1.002102e+00 1.001485e+00
1.002265e+00 1.001208e+00
1.001855e+00 1.000997e+00
1.001399e+00 1.000747e+00
1.001207e+00 1.000909e+00
1.001554e+00 1.001171e+00
1.001886e+00 1.001391e+00
1.001598e+00 1.000859e+00
1.001382e+00 1.000735e+00
1.001171e+00 1.000615e+00
1.001117e+00 1.000823e+00
1.001208e+00 1.000893e+00
1.001397e+00 1.001052e+00
1.001553e+00 1.000857e+00
1.002161e+00 1.001165e+00
1.002887e+00 1.001540e+00
1.001960e+00 1.001027e+00
1.001449e+00 1.001031e+00
1.001523e+00 1.001123e+00
1.001707e+00 1.001228e+00
1.001498e+00 1.000811e+00
1.001831e+00 1.001393e+00
1.002385e+00 1.001448e+00
1.001775e+00 1.000964e+00
1.001409e+00 1.001039e+00
1.001462e+00 1.001131e+00
1.001955e+00 1.001132e+00
1.002656e+00 1.001670e+00
1.002353e+00 1.001259e+00
1.001604e+00 1.000860e+00
1.001261e+00 1.000885e+00
1.001287e+00 1.000933e+00
1.001746e+00 1.000977e+00
1.001377e+00 1.000755e+00
1.001186e+00 1.000875e+00
1.001011e+00 1.000749e+00
1.001075e+00 1.000837e+00
1.001210e+00 1.000799e+00
1.001699e+00 1.000968e+00
1.001685e+00 1.000928e+00
1.002207e+00 1.001610e+00
1.002884e+00 1.001629e+00
1.003094e+00 1.001739e+00
1.002197e+00 1.001197e+00
