10 76
10 90
10 80
11 85
9 85
8 85
11 73
11 88
11 83
11 85
9 88
9 85
11 74
11 88
11 77
10 83
8 85
8 86
10 74
10 86
10 79
10 73
8 86
8 88
10 73
10 73
10 84
10 67
8 70
8 81
10 76
10 68
11 85
11 75
9 69
8 71
11 91
11 65
11 73
11 83
9 67
9 63
11 76
11 69
11 67
11 78
8 80
9 64
11 65
11 83
11 66
11 71
8 74
8 80
11 66
11 73
11 72
11 65
8 67
8 75
10 66
11 64
10 81
11 68
9 69
9 65
11 77
11 67
11 62
11 73
8 66
9 67
11 62
11 74
11 67
11 61
9 64
9 75
11 67
11 62
11 78
11 63
9 60
9 63
11 80
11 64
11 60
11 82
8 67
9 63
11 59
11 80
11 64
11 58
9 68
9 79
11 64
11 57
11 80
11 65
8 54
9 56
11 78
11 60
11 57
11 78
9 68
9 63
11 49
11 79
11 58
11 51
9 60
9 77
11 64
11 50
11 78
11 62
8 56
9 48
11 73
11 61
11 48
11 70
8 81
9 62
11 48
11 67
11 64
10 47
9 48
8 64
11 68
11 50
11 60
11 80
9 59
9 51
11 54
11 82
11 50
11 46
9 67
8 79
10 57
11 47
11 73
11 55
8 47
8 46
11 70
11 62
11 47
11 69
9 76
8 63
11 46
11 63
11 80
11 46
9 45
9 52
11 77
10 45
11 45
11 80
9 64
9 48
11 44
11 71
10 58
11 45
9 44
8 68
11 63
11 45
11 65
11 77
8 53
8 45
11 49
11 82
11 50
11 47
8 69
8 76
10 60
11 46
10 72
11 63
9 49
8 51
10 75
11 80
11 51
11 51
8 73
9 79
19 51
9 50
19 78
10 54
19 50
8 48
9 75
10 62
18 49
9 71
8 77
17 80
9 49
15 53
17 74
21 51
15 50
17 47
10 73
10 50
18 48
9 74
17 75
14 60
21 49
9 73
21 75
20 50
8 48
8 52
21 75
19 49
9 47
10 73
17 72
11 48
14 47
16 71
16 75
24 55
12 49
16 71
17 76
20 52
9 69
21 73
20 58
14 51
9 48
10 73
19 54
21 53
8 62
8 80
32 82
31 57
23 82
25 86
8 56
18 55
9 86
11 92
14 68
22 72
7 92
9 91
19 70
10 73
9 100
20 95
15 75
8 76
9 104
10 115
10 107
9 138
7 153
9 196
9 178
9 198
7 263
8 314
4 323
4 331
6 355
6 371
6 390
4 382
8 388
4 388
9 365
7 368
8 380
8 396
4 390
7 387
8 371
8 368
8 381
7 387
4 386
7 403
8 393
4 386
9 395
9 376
4 384
7 402
8 405
8 414
9 393
8 386
4 384
7 382
7 379
8 391
8 409
8 400
4 394
4 397
9 374
8 378
8 392
7 400
4 407
7 394
8 396
8 384
8 371
8 381
4 385
7 406
8 409
9 411
9 388
8 378
4 373
4 372
8 394
8 419
8 393
9 405
4 392
7 386
8 379
8 386
7 392
9 391
4 385
7 399
9 391
7 391
8 372
7 398
4 388
4 398
8 404
9 403
8 392
8 377
4 379
4 376
8 407
8 416
9 412
8 406
4 400
7 387
8 389
8 404
8 408
9 409
4 392
7 402
8 398
8 397
9 390
8 408
4 404
4 414
8 411
9 401
6 407
8 390
4 386
8 402
8 420
8 414
9 418
8 404
4 398
7 389
9 415
7 413
8 417
8 414
4 401
7 415
4 394
8 391
9 402
9 419
4 418
7 425
8 417
9 409
8 396
7 397
4 387
7 397
8 421
8 417
9 419
8 390
4 386
7 385
8 410
8 407
9 410
8 399
4 405
7 394
8 393
8 403
8 386
8 411
4 390
4 400
8 398
8 388
8 395
9 387
4 379
7 400
8 412
9 401
8 387
8 377
4 368
4 360
8 389
8 416
9 396
9 386
4 383
4 381
8 364
9 386
6 388
8 391
4 381
7 401
8 375
8 364
8 381
8 396
4 386
7 389
8 398
8 384
8 356
9 360
4 358
4 367
8 401
8 390
9 385
8 361
4 356
7 342
8 381
8 392
8 383
8 388
4 374
7 355
8 354
8 369
8 368
8 373
4 374
7 377
8 364
8 359
8 344
8 360
5 359
5 362
8 366
9 369
8 363
8 341
5 334
7 347
8 370
8 367
8 366
8 363
4 349
7 333
8 344
8 351
8 368
9 358
4 353
7 355
8 345
8 336
9 348
8 349
5 354
5 359
8 367
9 346
8 340
8 335
5 338
7 352
8 371
8 360
8 352
8 336
5 325
8 333
