1.000144e+00 1.000070e+00
1.000032e+00 1.000016e+00
1.000023e+00 1.000011e+00
1.000022e+00 1.000012e+00
1.000017e+00 1.000011e+00
1.000021e+00 1.000012e+00
1.000020e+00 1.000011e+00
1.000020e+00 1.000010e+00
1.000020e+00 1.000010e+00
1.000021e+00 1.000011e+00
1.000018e+00 1.000010e+00
1.000018e+00 1.000010e+00
1.000019e+00 1.000010e+00
1.000019e+00 1.000010e+00
1.000018e+00 1.000010e+00
1.000020e+00 1.000011e+00
1.000018e+00 1.000010e+00
1.000019e+00 1.000011e+00
1.000019e+00 1.000010e+00
1.000020e+00 1.000011e+00
1.000018e+00 1.000010e+00
1.000019e+00 1.000010e+00
1.000020e+00 1.000012e+00
1.000016e+00 1.000009e+00
1.000018e+00 1.000010e+00
1.000021e+00 1.000011e+00
1.000019e+00 1.000010e+00
1.000019e+00 1.000011e+00
1.000020e+00 1.000011e+00
1.000021e+00 1.000012e+00
1.000018e+00 1.000010e+00
1.000022e+00 1.000012e+00
1.000020e+00 1.000011e+00
1.000019e+00 1.000010e+00
1.000021e+00 1.000013e+00
1.000021e+00 1.000012e+00
1.000019e+00 1.000011e+00
1.000021e+00 1.000012e+00
1.000022e+00 1.000012e+00
1.000020e+00 1.000011e+00
1.000022e+00 1.000014e+00
1.000023e+00 1.000013e+00
1.000022e+00 1.000012e+00
1.000021e+00 1.000012e+00
1.000023e+00 1.000013e+00
1.000021e+00 1.000012e+00
1.000020e+00 1.000012e+00
1.000022e+00 1.000013e+00
1.000022e+00 1.000012e+00
1.000020e+00 1.000011e+00
1.000022e+00 1.000012e+00
1.000021e+00 1.000012e+00
1.000021e+00 1.000012e+00
1.000021e+00 1.000012e+00
1.000023e+00 1.000013e+00
1.000021e+00 1.000012e+00
1.000021e+00 1.000012e+00
1.000023e+00 1.000013e+00
1.000019e+00 1.000011e+00
1.000022e+00 1.000013e+00
1.000022e+00 1.000012e+00
1.000022e+00 1.000013e+00
1.000022e+00 1.000013e+00
1.000022e+00 1.000013e+00
1.000022e+00 1.000014e+00
1.000020e+00 1.000012e+00
1.000022e+00 1.000012e+00
1.000022e+00 1.000013e+00
1.000021e+00 1.000012e+00
1.000022e+00 1.000013e+00
1.000022e+00 1.000013e+00
1.000024e+00 1.000015e+00
1.000021e+00 1.000012e+00
1.000022e+00 1.000013e+00
1.000024e+00 1.000014e+00
1.000021e+00 1.000013e+00
1.000026e+00 1.000017e+00
1.000022e+00 1.000013e+00
1.000024e+00 1.000014e+00
1.000022e+00 1.000013e+00
1.000024e+00 1.000014e+00
1.000024e+00 1.000014e+00
1.000020e+00 1.000013e+00
1.000023e+00 1.000015e+00
1.000025e+00 1.000014e+00
1.000024e+00 1.000014e+00
1.000023e+00 1.000014e+00
1.000025e+00 1.000015e+00
1.000025e+00 1.000015e+00
1.000022e+00 1.000013e+00
1.000026e+00 1.000015e+00
1.000025e+00 1.000015e+00
1.000023e+00 1.000014e+00
1.000024e+00 1.000014e+00
1.000026e+00 1.000017e+00
1.000024e+00 1.000015e+00
1.000022e+00 1.000013e+00
1.000024e+00 1.000015e+00
1.000026e+00 1.000016e+00
1.000022e+00 1.000013e+00
1.000023e+00 1.000015e+00
1.000026e+00 1.000017e+00
1.000027e+00 1.000016e+00
1.000022e+00 1.000013e+00
1.000025e+00 1.000015e+00
1.000026e+00 1.000016e+00
1.000025e+00 1.000016e+00
1.000021e+00 1.000014e+00
1.000026e+00 1.000015e+00
1.000027e+00 1.000017e+00
1.000022e+00 1.000013e+00
1.000025e+00 1.000016e+00
1.000030e+00 1.000020e+00
1.000026e+00 1.000017e+00
1.000022e+00 1.000014e+00
1.000026e+00 1.000016e+00
1.000029e+00 1.000018e+00
1.000022e+00 1.000014e+00
1.000025e+00 1.000016e+00
1.000028e+00 1.000019e+00
1.000031e+00 1.000019e+00
1.000024e+00 1.000015e+00
1.000026e+00 1.000016e+00
1.000031e+00 1.000020e+00
1.000027e+00 1.000017e+00
1.000022e+00 1.000014e+00
1.000026e+00 1.000016e+00
1.000032e+00 1.000021e+00
1.000026e+00 1.000016e+00
1.000026e+00 1.000016e+00
1.000029e+00 1.000020e+00
1.000033e+00 1.000022e+00
1.000028e+00 1.000017e+00
1.000027e+00 1.000017e+00
1.000032e+00 1.000020e+00
1.000030e+00 1.000019e+00
1.000024e+00 1.000016e+00
1.000028e+00 1.000019e+00
1.000032e+00 1.000020e+00
1.000031e+00 1.000020e+00
1.000025e+00 1.000016e+00
1.000030e+00 1.000019e+00
1.000035e+00 1.000024e+00
1.000030e+00 1.000019e+00
1.000025e+00 1.000015e+00
1.000030e+00 1.000020e+00
1.000035e+00 1.000023e+00
1.000023e+00 1.000015e+00
1.000030e+00 1.000021e+00
1.000032e+00 1.000021e+00
1.000038e+00 1.000025e+00
1.000024e+00 1.000015e+00
1.000030e+00 1.000019e+00
1.000037e+00 1.000025e+00
1.000030e+00 1.000020e+00
1.000021e+00 1.000014e+00
1.000029e+00 1.000019e+00
1.000036e+00 1.000024e+00
1.000029e+00 1.000019e+00
1.000028e+00 1.000018e+00
1.000032e+00 1.000023e+00
1.000033e+00 1.000023e+00
1.000031e+00 1.000020e+00
1.000027e+00 1.000017e+00
1.000033e+00 1.000022e+00
1.000036e+00 1.000024e+00
1.000020e+00 1.000014e+00
1.000030e+00 1.000021e+00
1.000034e+00 1.000023e+00
1.000042e+00 1.000029e+00
1.000026e+00 1.000017e+00
1.000033e+00 1.000022e+00
1.000034e+00 1.000024e+00
1.000043e+00 1.000030e+00
1.000027e+00 1.000017e+00
1.000032e+00 1.000022e+00
1.000038e+00 1.000026e+00
1.000028e+00 1.000019e+00
1.000029e+00 1.000021e+00
1.000036e+00 1.000025e+00
1.000036e+00 1.000025e+00
1.000033e+00 1.000021e+00
1.000028e+00 1.000019e+00
1.000036e+00 1.000025e+00
1.000041e+00 1.000029e+00
1.000044e+00 1.000031e+00
1.000030e+00 1.000019e+00
1.000037e+00 1.000025e+00
1.000051e+00 1.000035e+00
1.000029e+00 1.000019e+00
1.000037e+00 1.000026e+00
1.000039e+00 1.000027e+00
1.000045e+00 1.000029e+00
1.000028e+00 1.000018e+00
1.000035e+00 1.000024e+00
1.000040e+00 1.000026e+00
1.000056e+00 1.000039e+00
1.000025e+00 1.000017e+00
1.000032e+00 1.000022e+00
1.000041e+00 1.000026e+00
1.000048e+00 1.000033e+00
1.000035e+00 1.000022e+00
1.000042e+00 1.000030e+00
1.000043e+00 1.000030e+00
1.000063e+00 1.000040e+00
1.000034e+00 1.000022e+00
1.000042e+00 1.000029e+00
1.000054e+00 1.000034e+00
1.000050e+00 1.000033e+00
1.000024e+00 1.000017e+00
1.000041e+00 1.000026e+00
1.000044e+00 1.000030e+00
1.000031e+00 1.000021e+00
1.000035e+00 1.000024e+00
1.000045e+00 1.000031e+00
1.000046e+00 1.000032e+00
1.000056e+00 1.000036e+00
1.000035e+00 1.000023e+00
1.000047e+00 1.000032e+00
1.000072e+00 1.000047e+00
1.000024e+00 1.000017e+00
1.000035e+00 1.000024e+00
1.000049e+00 1.000033e+00
1.000063e+00 1.000041e+00
1.000032e+00 1.000022e+00
1.000045e+00 1.000031e+00
1.000051e+00 1.000035e+00
1.000051e+00 1.000035e+00
1.000035e+00 1.000024e+00
1.000039e+00 1.000027e+00
1.000052e+00 1.000035e+00
1.000058e+00 1.000039e+00
1.000033e+00 1.000022e+00
1.000048e+00 1.000033e+00
1.000054e+00 1.000037e+00
1.000085e+00 1.000058e+00
1.000042e+00 1.000029e+00
1.000056e+00 1.000038e+00
1.000058e+00 1.000040e+00
1.000075e+00 1.000051e+00
1.000036e+00 1.000024e+00
1.000051e+00 1.000035e+00
1.000059e+00 1.000041e+00
1.000035e+00 1.000024e+00
1.000045e+00 1.000031e+00
1.000058e+00 1.000040e+00
1.000060e+00 1.000040e+00
1.000066e+00 1.000045e+00
1.000057e+00 1.000039e+00
1.000064e+00 1.000043e+00
1.000067e+00 1.000045e+00
1.000108e+00 1.000073e+00
1.000049e+00 1.000033e+00
1.000065e+00 1.000045e+00
1.000094e+00 1.000064e+00
1.000041e+00 1.000029e+00
1.000060e+00 1.000042e+00
1.000068e+00 1.000047e+00
1.000075e+00 1.000051e+00
1.000040e+00 1.000028e+00
1.000054e+00 1.000038e+00
1.000068e+00 1.000047e+00
1.000109e+00 1.000074e+00
1.000070e+00 1.000048e+00
1.000062e+00 1.000043e+00
1.000076e+00 1.000052e+00
1.000143e+00 1.000097e+00
1.000061e+00 1.000042e+00
1.000082e+00 1.000057e+00
1.000086e+00 1.000059e+00
1.000138e+00 1.000094e+00
1.000054e+00 1.000037e+00
1.000081e+00 1.000055e+00
1.000112e+00 1.000076e+00
1.000196e+00 1.000133e+00
1.000050e+00 1.000034e+00
1.000102e+00 1.000070e+00
1.000141e+00 1.000098e+00
1.000340e+00 1.000238e+00
1.000252e+00 1.000203e+00
1.000524e+00 1.000390e+00
1.000653e+00 1.000496e+00
1.000796e+00 1.000644e+00
1.001172e+00 1.000960e+00
1.001410e+00 1.001219e+00
1.002380e+00 1.001965e+00
1.001896e+00 1.000883e+00
1.002334e+00 1.001555e+00
1.001991e+00 1.000872e+00
1.001853e+00 1.001235e+00
1.001776e+00 1.000796e+00
1.001659e+00 1.000753e+00
1.001886e+00 1.001285e+00
1.001554e+00 1.000696e+00
1.001517e+00 1.000670e+00
1.001444e+00 1.000631e+00
1.001466e+00 1.000881e+00
1.001587e+00 1.000746e+00
1.001801e+00 1.001218e+00
1.001512e+00 1.000688e+00
1.001381e+00 1.000631e+00
1.002089e+00 1.001058e+00
1.001793e+00 1.000770e+00
1.001363e+00 1.000862e+00
1.001454e+00 1.000999e+00
1.001346e+00 1.000599e+00
1.001352e+00 1.000631e+00
1.001412e+00 1.000659e+00
1.001260e+00 1.000547e+00
1.001225e+00 1.000797e+00
1.001370e+00 1.000905e+00
1.001293e+00 1.000577e+00
1.001446e+00 1.000657e+00
1.001352e+00 1.000615e+00
1.001271e+00 1.000766e+00
1.001201e+00 1.000551e+00
1.001366e+00 1.000955e+00
1.001605e+00 1.000732e+00
1.001302e+00 1.000563e+00
1.001165e+00 1.000776e+00
1.001341e+00 1.000899e+00
1.001451e+00 1.000669e+00
1.001607e+00 1.001069e+00
1.001240e+00 1.000578e+00
1.001211e+00 1.000539e+00
1.001237e+00 1.000821e+00
1.001267e+00 1.000569e+00
1.001170e+00 1.000526e+00
1.001290e+00 1.000887e+00
1.001189e+00 1.000551e+00
1.001165e+00 1.000563e+00
1.001244e+00 1.000555e+00
1.001187e+00 1.000533e+00
1.001086e+00 1.000497e+00
1.001175e+00 1.000814e+00
1.001385e+00 1.000749e+00
1.001218e+00 1.000550e+00
1.001103e+00 1.000695e+00
1.001143e+00 1.000535e+00
1.001168e+00 1.000529e+00
1.001344e+00 1.000933e+00
1.001299e+00 1.000579e+00
1.001093e+00 1.000496e+00
1.001086e+00 1.000735e+00
1.001247e+00 1.000732e+00
1.001064e+00 1.000510e+00
1.001137e+00 1.000808e+00
1.001095e+00 1.000507e+00
1.001125e+00 1.000500e+00
1.001245e+00 1.000826e+00
1.001174e+00 1.000536e+00
1.001082e+00 1.000724e+00
1.001205e+00 1.000838e+00
1.001370e+00 1.000641e+00
1.001193e+00 1.000557e+00
1.001098e+00 1.000566e+00
1.001149e+00 1.000758e+00
1.001058e+00 1.000496e+00
1.001165e+00 1.000796e+00
1.001311e+00 1.000653e+00
1.001154e+00 1.000545e+00
1.001115e+00 1.000776e+00
1.001052e+00 1.000487e+00
1.001129e+00 1.000733e+00
1.001277e+00 1.000857e+00
1.001125e+00 1.000515e+00
1.001033e+00 1.000480e+00
1.001086e+00 1.000600e+00
1.001070e+00 1.000525e+00
1.001004e+00 1.000481e+00
1.001159e+00 1.000835e+00
1.001152e+00 1.000523e+00
1.001069e+00 1.000493e+00
1.001138e+00 1.000767e+00
1.000988e+00 1.000468e+00
1.000897e+00 1.000650e+00
1.001014e+00 1.000751e+00
1.001167e+00 1.000592e+00
1.001210e+00 1.000554e+00
1.001035e+00 1.000473e+00
1.001151e+00 1.000773e+00
1.001057e+00 1.000502e+00
1.001153e+00 1.000800e+00
1.000918e+00 1.000442e+00
1.000958e+00 1.000475e+00
1.001072e+00 1.000514e+00
1.001030e+00 1.000480e+00
1.001047e+00 1.000698e+00
1.001172e+00 1.000803e+00
1.001004e+00 1.000467e+00
1.000877e+00 1.000427e+00
1.001006e+00 1.000701e+00
1.001024e+00 1.000502e+00
1.000989e+00 1.000472e+00
1.001141e+00 1.000813e+00
1.001078e+00 1.000495e+00
1.001567e+00 1.000994e+00
1.001192e+00 1.000553e+00
1.000889e+00 1.000547e+00
1.000816e+00 1.000588e+00
1.000965e+00 1.000712e+00
1.001039e+00 1.000498e+00
1.001115e+00 1.000515e+00
1.000951e+00 1.000450e+00
1.000868e+00 1.000591e+00
1.000950e+00 1.000550e+00
1.001072e+00 1.000753e+00
1.000894e+00 1.000443e+00
1.000919e+00 1.000445e+00
1.000983e+00 1.000648e+00
1.000944e+00 1.000451e+00
1.000865e+00 1.000428e+00
1.000912e+00 1.000626e+00
1.000822e+00 1.000400e+00
1.000852e+00 1.000428e+00
1.000911e+00 1.000451e+00
1.000880e+00 1.000429e+00
1.000901e+00 1.000592e+00
1.000992e+00 1.000673e+00
1.000889e+00 1.000423e+00
1.000834e+00 1.000408e+00
1.000814e+00 1.000417e+00
1.000842e+00 1.000435e+00
1.000819e+00 1.000405e+00
1.000974e+00 1.000676e+00
1.001137e+00 1.000557e+00
1.001016e+00 1.000479e+00
1.000828e+00 1.000536e+00
1.000800e+00 1.000567e+00
1.000790e+00 1.000400e+00
1.000875e+00 1.000610e+00
1.000833e+00 1.000404e+00
1.000885e+00 1.000432e+00
1.000830e+00 1.000409e+00
1.000844e+00 1.000577e+00
1.000741e+00 1.000365e+00
1.000808e+00 1.000598e+00
1.000892e+00 1.000462e+00
1.000870e+00 1.000424e+00
1.000868e+00 1.000595e+00
1.000784e+00 1.000386e+00
1.000737e+00 1.000483e+00
1.000821e+00 1.000561e+00
1.000941e+00 1.000467e+00
1.000824e+00 1.000406e+00
1.000707e+00 1.000353e+00
1.000844e+00 1.000510e+00
1.000820e+00 1.000411e+00
1.000974e+00 1.000694e+00
1.000897e+00 1.000428e+00
1.000746e+00 1.000372e+00
1.000673e+00 1.000470e+00
1.000714e+00 1.000483e+00
1.000704e+00 1.000354e+00
1.000808e+00 1.000564e+00
1.000763e+00 1.000379e+00
1.000758e+00 1.000379e+00
1.000726e+00 1.000464e+00
1.000695e+00 1.000355e+00
1.000623e+00 1.000305e+00
1.000682e+00 1.000496e+00
1.000798e+00 1.000393e+00
1.000761e+00 1.000385e+00
1.000754e+00 1.000387e+00
1.000641e+00 1.000323e+00
1.000636e+00 1.000449e+00
1.000731e+00 1.000493e+00
1.000699e+00 1.000342e+00
1.000651e+00 1.000324e+00
1.000635e+00 1.000457e+00
1.000646e+00 1.000339e+00
1.000699e+00 1.000420e+00
1.000778e+00 1.000547e+00
1.000710e+00 1.000355e+00
1.000601e+00 1.000298e+00
1.000594e+00 1.000419e+00
1.000611e+00 1.000356e+00
1.000626e+00 1.000325e+00
1.000727e+00 1.000535e+00
1.000710e+00 1.000360e+00
1.000629e+00 1.000321e+00
1.000623e+00 1.000425e+00
1.000548e+00 1.000276e+00
1.000541e+00 1.000383e+00
1.000598e+00 1.000418e+00
1.000664e+00 1.000342e+00
1.000677e+00 1.000359e+00
1.000623e+00 1.000314e+00
1.000549e+00 1.000377e+00
1.000561e+00 1.000391e+00
1.000633e+00 1.000425e+00
1.000585e+00 1.000294e+00
1.000549e+00 1.000294e+00
1.000583e+00 1.000412e+00
1.000600e+00 1.000306e+00
1.000596e+00 1.000399e+00
1.000665e+00 1.000430e+00
1.000577e+00 1.000288e+00
1.000501e+00 1.000262e+00
1.000520e+00 1.000383e+00
1.000556e+00 1.000295e+00
1.000563e+00 1.000285e+00
1.000649e+00 1.000459e+00
1.000608e+00 1.000303e+00
1.000532e+00 1.000277e+00
1.000509e+00 1.000350e+00
1.000452e+00 1.000243e+00
1.000499e+00 1.000353e+00
1.000571e+00 1.000392e+00
1.000626e+00 1.000320e+00
1.000593e+00 1.000307e+00
1.000484e+00 1.000251e+00
1.000444e+00 1.000322e+00
1.000474e+00 1.000282e+00
1.000533e+00 1.000337e+00
1.000499e+00 1.000256e+00
1.000490e+00 1.000262e+00
1.000518e+00 1.000350e+00
1.000496e+00 1.000257e+00
1.000460e+00 1.000290e+00
1.000503e+00 1.000321e+00
1.000439e+00 1.000219e+00
