1 1.638923e-02 2.991703e-02 5.515528e-07 1.819775e-02
2 2.493430e-03 5.135651e-03 4.879308e-07 3.012217e-03
3 3.320073e-03 6.408844e-03 4.465331e-07 3.913431e-03
4 2.119959e-03 4.599909e-03 4.029926e-07 2.570369e-03
5 4.242567e-03 7.597549e-03 3.953355e-07 4.933926e-03
6 1.717355e-03 3.463883e-03 3.430909e-07 1.920301e-03
7 5.755497e-03 9.679901e-03 3.281014e-07 6.532458e-03
8 2.283559e-03 4.518618e-03 3.062335e-07 2.581410e-03
9 3.625837e-03 6.015144e-03 2.944030e-07 4.019812e-03
10 1.948375e-03 3.663612e-03 2.748041e-07 2.160183e-03
11 4.165373e-03 7.347618e-03 2.747842e-07 4.629453e-03
12 1.687944e-03 3.038088e-03 2.511685e-07 1.871667e-03
13 4.152062e-03 8.332174e-03 2.485550e-07 4.676717e-03
14 3.404532e-03 5.390664e-03 2.419198e-07 3.681978e-03
15 1.721855e-03 3.070116e-03 2.332623e-07 1.869238e-03
16 3.594790e-03 5.669499e-03 2.300596e-07 3.841565e-03
17 1.571245e-03 2.651468e-03 2.224057e-07 1.674528e-03
18 2.836282e-03 3.258922e-03 2.208119e-07 2.949916e-03
19 2.059699e-03 2.905625e-03 2.169430e-07 2.187258e-03
20 1.600380e-03 2.682384e-03 2.138041e-07 1.718642e-03
21 1.872614e-03 2.754198e-03 2.111697e-07 1.988594e-03
22 1.490291e-03 2.092927e-03 2.089438e-07 1.568490e-03
23 1.561688e-03 1.941116e-03 2.071284e-07 1.658229e-03
24 1.388221e-03 1.923851e-03 2.056380e-07 1.468981e-03
25 1.459997e-03 2.025210e-03 2.043553e-07 1.546992e-03
26 1.164943e-03 1.384849e-03 2.032826e-07 1.235342e-03
27 1.228722e-03 1.616442e-03 2.024116e-07 1.317290e-03
28 1.027827e-03 1.307389e-03 2.017075e-07 1.095051e-03
29 1.073674e-03 1.488477e-03 2.011334e-07 1.156100e-03
30 8.763107e-04 1.159184e-03 2.006687e-07 9.410532e-04
31 8.919314e-04 1.235757e-03 2.002950e-07 9.666020e-04
32 7.352350e-04 9.728063e-04 1.999942e-07 7.957462e-04
1 1.994800e-02 9.080381e-02 1.480647e-03 2.809198e-02
2 1.187781e-02 2.600358e-02 1.286060e-03 1.426109e-02
3 1.126247e-02 2.422397e-02 1.041702e-03 1.326714e-02
4 1.045432e-02 2.178494e-02 4.780772e-04 1.195610e-02
5 6.592711e-03 1.469489e-02 6.090304e-06 7.353163e-03
6 4.457104e-03 1.238885e-02 3.372276e-06 5.445806e-03
7 1.167625e-03 1.727014e-03 1.705935e-06 1.248178e-03
8 4.463325e-03 1.174073e-02 1.141158e-06 5.674840e-03
9 1.153471e-03 1.972838e-03 6.693295e-07 1.253491e-03
10 3.336620e-03 6.150543e-03 5.117630e-07 3.500307e-03
11 9.577684e-04 1.426796e-03 3.494956e-07 9.811755e-04
12 4.340630e-03 1.446097e-02 3.109011e-07 6.129333e-03
13 1.283082e-03 2.508741e-03 2.622880e-07 1.383609e-03
14 2.898147e-03 9.183810e-03 2.562588e-07 3.999012e-03
15 1.260709e-03 1.632435e-03 2.224937e-07 1.305052e-03
16 4.813626e-03 1.195111e-02 2.179757e-07 6.015090e-03
17 1.314791e-03 2.068090e-03 2.105631e-07 1.411679e-03
18 3.726126e-03 8.214354e-03 2.083250e-07 4.462753e-03
19 1.540865e-03 2.721390e-03 2.056010e-07 1.710003e-03
20 2.376853e-03 4.936861e-03 2.042442e-07 2.789241e-03
21 1.086889e-03 1.803135e-03 2.029340e-07 1.179921e-03
22 2.934497e-03 5.475152e-03 2.027667e-07 3.350818e-03
23 6.872343e-04 9.741244e-04 2.016941e-07 7.173204e-04
24 3.177632e-03 5.275328e-03 2.014637e-07 3.545021e-03
25 9.909597e-04 1.753846e-03 2.011849e-07 1.089499e-03
26 1.520183e-03 2.572533e-03 2.010061e-07 1.699660e-03
27 7.079661e-04 1.179830e-03 2.008446e-07 7.607663e-04
28 1.281230e-03 2.174012e-03 2.007467e-07 1.434464e-03
29 5.419387e-04 8.473607e-04 2.006570e-07 5.721675e-04
30 8.603350e-04 1.460834e-03 2.006010e-07 9.543046e-04
31 4.512268e-04 6.677411e-04 2.005599e-07 4.734193e-04
1 2.455355e-02 9.084859e-02 2.048468e-03 2.957732e-02
2 1.757630e-02 3.061961e-02 1.697843e-04 1.949221e-02
3 3.010241e-03 8.644522e-03 5.674250e-06 3.261031e-03
4 5.214983e-03 1.035218e-02 3.054882e-06 5.664943e-03
5 5.086331e-04 1.177900e-03 1.633873e-06 6.090082e-04
6 5.263099e-03 1.019766e-02 1.105471e-06 5.641008e-03
7 9.251422e-04 1.803659e-03 6.362837e-07 9.848704e-04
8 2.858104e-03 6.359220e-03 4.991745e-07 3.088446e-03
9 6.899280e-04 1.353830e-03 3.289484e-07 7.838415e-04
10 4.412912e-03 1.550633e-02 2.975617e-07 6.353935e-03
11 1.347547e-03 1.945558e-03 2.431549e-07 1.471975e-03
12 3.703476e-03 1.236787e-02 2.315205e-07 5.580749e-03
13 1.540515e-03 2.349844e-03 2.140989e-07 1.697807e-03
14 3.200695e-03 9.024197e-03 2.091134e-07 4.413215e-03
15 1.720680e-03 2.842266e-03 2.028025e-07 1.924412e-03
16 2.395838e-03 5.980083e-03 2.003772e-07 3.105430e-03
17 1.337286e-03 2.004775e-03 1.968973e-07 1.463740e-03
18 2.928242e-03 6.787839e-03 1.959018e-07 3.720767e-03
19 1.612544e-03 2.637798e-03 1.946836e-07 1.801232e-03
20 1.769597e-03 3.711452e-03 1.939538e-07 2.129377e-03
21 1.307258e-03 2.040949e-03 1.933164e-07 1.443730e-03
22 1.708100e-03 3.427973e-03 1.929655e-07 2.035231e-03
23 1.008604e-03 1.529588e-03 1.926008e-07 1.106019e-03
24 1.525001e-03 2.734169e-03 1.924021e-07 1.759514e-03
25 7.830737e-04 1.149396e-03 1.922222e-07 8.536138e-04
26 1.222330e-03 1.902658e-03 1.921112e-07 1.375704e-03
27 6.230084e-04 9.351344e-04 1.920243e-07 6.779547e-04
28 8.805787e-04 1.269370e-03 1.919651e-07 9.840885e-04
29 5.060197e-04 7.506439e-04 1.919229e-07 5.500706e-04
1 3.547230e-02 9.086159e-02 4.706856e-03 3.722540e-02
2 3.329284e-02 4.648589e-02 1.586100e-03 3.390026e-02
3 1.357551e-02 2.693319e-02 4.486287e-04 1.417632e-02
4 6.219437e-03 1.423995e-02 1.344009e-05 6.431649e-03
5 1.942006e-03 2.884807e-03 4.164441e-06 1.982886e-03
6 3.285112e-03 5.053382e-03 2.378587e-06 3.387829e-03
7 1.835328e-03 2.600072e-03 1.338031e-06 1.861875e-03
8 1.536393e-03 3.507648e-03 9.065138e-07 1.927478e-03
9 4.767859e-04 1.470489e-03 5.434619e-07 5.321947e-04
10 3.147633e-03 6.288722e-03 5.200045e-07 3.273786e-03
11 6.908505e-04 1.068836e-03 2.870042e-07 7.508115e-04
12 5.477648e-03 1.348380e-02 2.635865e-07 6.320472e-03
13 1.114836e-03 1.570802e-03 2.248322e-07 1.209882e-03
14 3.624943e-03 9.536514e-03 2.165265e-07 4.705429e-03
15 1.504063e-03 2.153099e-03 2.062967e-07 1.624053e-03
16 2.476804e-03 5.965903e-03 2.040977e-07 3.172375e-03
17 1.328814e-03 1.494824e-03 1.984250e-07 1.421964e-03
18 2.493654e-03 5.659215e-03 1.972749e-07 3.229063e-03
19 1.514954e-03 2.116491e-03 1.959931e-07 1.628754e-03
20 1.566350e-03 2.780875e-03 1.952458e-07 1.789844e-03
21 1.252512e-03 1.574276e-03 1.947221e-07 1.352199e-03
22 1.280286e-03 2.144003e-03 1.943979e-07 1.457685e-03
23 1.034123e-03 1.208449e-03 1.941715e-07 1.131991e-03
24 9.344181e-04 1.341017e-03 1.940231e-07 1.038493e-03
25 8.306204e-04 1.046544e-03 1.939232e-07 9.240460e-04
26 6.468873e-04 7.761797e-04 1.938551e-07 7.156426e-04
27 5.999331e-04 8.300336e-04 1.938087e-07 6.783959e-04
1 5.900148e-02 9.095847e-02 8.977710e-03 5.954862e-02
2 5.319745e-02 6.423834e-02 4.362484e-03 5.330671e-02
3 2.413015e-02 4.475178e-02 2.824560e-03 2.457694e-02
4 1.910173e-02 3.598985e-02 2.205054e-03 1.938296e-02
5 1.693463e-02 3.178592e-02 1.888124e-03 1.713302e-02
6 1.570828e-02 2.940409e-02 1.387559e-05 1.587031e-02
7 1.324445e-03 1.972956e-03 4.232765e-06 1.491948e-03
8 8.647545e-03 1.007633e-02 2.472272e-06 8.792164e-03
9 1.477187e-03 1.508571e-03 1.339130e-06 1.531387e-03
10 3.646925e-03 6.321815e-03 9.360662e-07 4.073214e-03
11 1.696406e-03 1.826232e-03 5.456119e-07 1.714259e-03
12 7.241638e-03 8.251443e-03 4.348097e-07 7.363799e-03
13 1.323408e-03 2.164666e-03 3.250796e-07 1.342716e-03
14 4.490275e-03 6.090832e-03 2.828154e-07 4.581834e-03
15 1.260457e-03 1.525318e-03 2.370144e-07 1.263830e-03
16 4.345730e-03 7.132187e-03 2.263272e-07 4.547513e-03
17 1.779476e-03 2.276234e-03 2.146988e-07 1.791686e-03
18 2.492531e-03 3.817289e-03 2.090795e-07 2.583878e-03
19 1.448045e-03 1.671180e-03 2.051411e-07 1.464294e-03
20 2.128917e-03 3.217500e-03 2.032646e-07 2.235683e-03
21 1.195915e-03 1.255735e-03 2.017951e-07 1.221929e-03
22 1.560468e-03 2.181274e-03 2.010250e-07 1.627226e-03
23 1.026801e-03 1.017843e-03 2.005133e-07 1.057585e-03
24 1.007624e-03 1.189847e-03 2.001943e-07 1.032144e-03
25 8.033848e-04 7.886452e-04 1.999855e-07 8.330368e-04
26 6.607145e-04 6.117525e-04 1.998438e-07 6.827226e-04
27 5.586681e-04 5.745795e-04 1.997457e-07 5.842827e-04
1 7.740080e-03 9.702547e-03 2.059890e-07 8.204731e-03
2 3.514463e-03 4.867021e-03 2.038112e-07 3.765764e-03
3 5.719562e-03 7.199988e-03 2.026460e-07 6.080898e-03
4 3.505108e-03 4.743036e-03 2.015643e-07 3.757497e-03
5 4.362149e-03 5.484665e-03 2.008047e-07 4.633212e-03
6 3.138195e-03 4.169828e-03 2.001890e-07 3.358072e-03
7 3.348181e-03 4.219156e-03 1.997261e-07 3.552748e-03
8 2.635939e-03 3.431866e-03 1.993736e-07 2.810149e-03
9 2.521314e-03 3.180901e-03 1.991088e-07 2.672294e-03
10 2.085926e-03 2.672108e-03 1.989124e-07 2.216450e-03
11 1.849864e-03 2.339750e-03 1.987678e-07 1.960171e-03
12 1.551310e-03 1.974185e-03 1.986627e-07 1.645896e-03
13 1.313554e-03 1.669800e-03 1.985867e-07 1.393329e-03
14 1.091778e-03 1.393012e-03 1.985322e-07 1.159325e-03
15 9.029049e-04 1.154604e-03 1.984932e-07 9.595901e-04
16 7.421925e-04 9.511321e-04 1.984654e-07 7.895694e-04
17 6.077626e-04 7.799169e-04 1.984454e-07 6.471577e-04
1 9.118051e-03 9.399067e-03 1.984174e-07 9.698185e-03
2 3.779558e-03 4.842931e-03 1.974103e-07 4.038469e-03
3 5.240398e-03 5.697629e-03 1.970549e-07 5.640854e-03
4 3.846456e-03 4.647309e-03 1.965493e-07 4.074743e-03
5 3.344678e-03 3.900323e-03 1.962063e-07 3.603246e-03
6 2.987327e-03 3.521804e-03 1.958807e-07 3.154008e-03
7 2.790670e-03 3.089028e-03 1.957048e-07 3.015355e-03
8 2.246705e-03 2.599812e-03 1.955040e-07 2.366770e-03
9 2.177750e-03 2.349903e-03 1.954060e-07 2.346850e-03
10 1.626747e-03 1.869609e-03 1.953155e-07 1.714658e-03
11 1.526393e-03 1.653052e-03 1.952670e-07 1.635150e-03
12 1.111167e-03 1.281255e-03 1.952344e-07 1.175985e-03
13 9.424199e-04 1.054977e-03 1.952153e-07 1.006746e-03
14 6.886602e-04 8.124700e-04 1.952039e-07 7.339938e-04
15 5.222010e-04 6.261913e-04 1.951970e-07 5.588817e-04
16 3.804686e-04 4.730266e-04 1.951928e-07 4.076622e-04
1 6.705650e-03 7.128575e-03 1.973035e-07 7.199639e-03
2 3.339436e-03 4.151867e-03 1.969338e-07 3.576274e-03
3 3.361378e-03 3.630842e-03 1.968311e-07 3.648257e-03
4 2.174295e-03 2.659282e-03 1.965517e-07 2.321020e-03
5 2.546940e-03 2.644586e-03 1.964907e-07 2.761780e-03
6 1.486397e-03 1.800471e-03 1.963749e-07 1.582900e-03
7 1.613617e-03 1.701048e-03 1.963365e-07 1.740440e-03
8 9.889431e-04 1.180322e-03 1.963082e-07 1.053180e-03
9 8.727164e-04 9.616782e-04 1.962945e-07 9.395407e-04
10 5.754823e-04 6.818501e-04 1.962869e-07 6.158945e-04
11 4.183003e-04 4.929834e-04 1.962826e-07 4.501657e-04
1 2.300355e-03 2.687865e-03 1.967835e-07 2.479332e-03
2 1.192495e-03 1.486381e-03 1.967505e-07 1.281086e-03
3 1.061706e-03 1.235139e-03 1.967345e-07 1.142527e-03
4 6.893162e-04 8.364563e-04 1.967266e-07 7.398081e-04
5 4.873966e-04 5.876092e-04 1.967225e-07 5.241116e-04
6 3.222591e-04 3.986632e-04 1.967203e-07 3.461670e-04
1 2.550113e-03 3.048698e-03 1.962819e-07 2.729669e-03
2 1.142209e-03 1.428395e-03 1.962520e-07 1.222332e-03
3 1.032371e-03 1.206379e-03 1.962387e-07 1.101442e-03
4 6.484305e-04 7.830033e-04 1.962329e-07 6.927534e-04
5 4.438723e-04 5.369071e-04 1.962303e-07 4.749168e-04
6 2.882283e-04 3.570936e-04 1.962292e-07 3.087925e-04
1 6.025006e-03 7.283708e-03 1.957761e-07 6.447884e-03
2 1.556234e-03 2.072777e-03 1.954473e-07 1.682366e-03
3 2.831284e-03 3.288512e-03 1.953565e-07 3.014914e-03
4 1.336110e-03 1.699810e-03 1.952959e-07 1.437979e-03
5 1.401661e-03 1.620916e-03 1.952655e-07 1.490331e-03
6 8.947984e-04 1.085784e-03 1.952493e-07 9.563185e-04
7 6.956289e-04 8.284052e-04 1.952404e-07 7.420060e-04
8 4.884477e-04 5.926774e-04 1.952355e-07 5.223716e-04
1 6.930901e-03 8.287788e-03 1.953220e-07 7.391758e-03
2 1.728287e-03 2.345600e-03 1.946857e-07 1.874305e-03
3 3.472325e-03 4.037674e-03 1.945283e-07 3.695202e-03
4 1.610621e-03 2.095661e-03 1.944015e-07 1.738508e-03
5 1.875281e-03 2.171662e-03 1.943350e-07 1.993608e-03
6 1.188723e-03 1.470401e-03 1.942948e-07 1.272040e-03
7 1.028029e-03 1.219481e-03 1.942703e-07 1.095208e-03
8 7.507667e-04 9.129460e-04 1.942555e-07 8.021907e-04
9 5.718327e-04 6.985782e-04 1.942463e-07 6.116589e-04
10 4.283883e-04 5.320423e-04 1.942406e-07 4.590759e-04
1 5.595075e-03 6.527791e-03 1.947098e-07 5.951432e-03
2 1.796082e-03 2.419457e-03 1.942658e-07 1.941530e-03
3 2.899664e-03 3.348299e-03 1.941125e-07 3.087204e-03
4 1.582535e-03 2.033226e-03 1.940019e-07 1.698151e-03
5 1.652380e-03 1.926888e-03 1.939359e-07 1.759714e-03
6 1.146423e-03 1.414089e-03 1.938942e-07 1.223778e-03
7 9.647898e-04 1.159369e-03 1.938675e-07 1.029732e-03
8 7.345926e-04 9.026899e-04 1.938504e-07 7.852557e-04
9 5.728534e-04 7.103682e-04 1.938393e-07 6.133958e-04
10 4.436157e-04 5.575154e-04 1.938321e-07 4.757852e-04
1 1.834292e-02 2.992978e-02 1.888424e-07 1.975027e-02
2 1.101186e-02 1.086337e-02 1.828061e-07 1.101870e-02
3 2.774717e-03 5.639114e-03 1.778876e-07 3.471318e-03
4 2.156241e-03 4.619270e-03 1.737649e-07 2.737524e-03
5 2.573683e-03 4.997423e-03 1.699653e-07 3.129857e-03
6 1.952322e-03 4.254521e-03 1.666704e-07 2.505186e-03
7 2.414456e-03 4.476384e-03 1.634961e-07 2.861535e-03
8 1.735041e-03 4.118472e-03 1.608203e-07 2.244083e-03
9 2.239829e-03 4.005547e-03 1.580181e-07 2.603463e-03
10 1.546451e-03 4.328926e-03 1.560797e-07 2.003500e-03
11 2.007528e-03 3.537437e-03 1.532399e-07 2.307567e-03
12 1.408754e-03 4.905715e-03 1.531441e-07 1.817280e-03
13 1.725053e-03 3.063523e-03 1.488290e-07 1.973553e-03
14 1.320253e-03 5.768717e-03 1.475993e-07 1.708105e-03
15 1.358208e-03 2.923822e-03 1.456566e-07 1.631162e-03
16 1.314508e-03 3.949508e-03 1.445324e-07 1.551950e-03
17 1.156159e-03 2.319463e-03 1.424099e-07 1.360559e-03
18 1.175397e-03 4.583401e-03 1.414412e-07 1.428009e-03
19 1.123233e-03 2.884391e-03 1.400138e-07 1.309005e-03
20 9.713636e-04 3.013574e-03 1.387700e-07 1.155098e-03
21 9.282684e-04 2.513899e-03 1.374815e-07 1.085212e-03
22 8.668007e-04 3.156864e-03 1.364694e-07 1.053076e-03
23 7.803365e-04 2.113483e-03 1.352133e-07 9.153215e-04
24 7.854296e-04 3.557160e-03 1.347325e-07 1.026196e-03
25 6.577124e-04 1.667380e-03 1.330981e-07 7.730112e-04
26 7.514686e-04 4.228631e-03 1.324671e-07 1.133109e-03
27 6.491264e-04 2.163452e-03 1.314975e-07 8.311826e-04
28 6.137464e-04 2.779734e-03 1.307676e-07 8.603772e-04
29 5.542048e-04 1.950886e-03 1.297904e-07 7.387036e-04
1 2.264109e-02 3.391111e-02 1.297331e-07 2.609145e-02
2 1.239508e-02 1.342382e-02 1.274816e-07 1.241619e-02
3 5.838309e-03 8.275038e-03 1.267912e-07 6.605934e-03
4 1.260714e-03 4.597998e-03 1.248530e-07 1.561423e-03
5 8.052722e-03 1.037600e-02 1.230791e-07 8.853708e-03
6 1.692558e-03 3.267899e-03 1.212396e-07 2.037753e-03
7 4.843260e-03 6.469313e-03 1.204078e-07 5.290797e-03
8 2.507634e-03 4.642654e-03 1.191685e-07 2.986752e-03
9 2.743451e-03 3.786592e-03 1.182374e-07 3.006572e-03
10 2.072423e-03 4.091094e-03 1.170653e-07 2.519392e-03
11 2.893353e-03 4.521550e-03 1.165675e-07 3.187771e-03
12 1.620600e-03 3.438281e-03 1.152855e-07 2.020481e-03
13 2.957730e-03 4.766326e-03 1.151463e-07 3.256183e-03
14 1.234198e-03 2.775559e-03 1.137648e-07 1.558757e-03
15 2.914349e-03 4.579498e-03 1.133496e-07 3.185587e-03
16 1.669969e-03 3.033821e-03 1.127322e-07 1.898661e-03
17 1.710942e-03 2.463349e-03 1.122663e-07 1.866798e-03
18 1.386266e-03 2.515019e-03 1.117121e-07 1.564983e-03
19 1.674996e-03 2.660174e-03 1.114921e-07 1.836258e-03
20 1.117274e-03 2.054865e-03 1.108526e-07 1.257456e-03
21 1.653963e-03 3.821465e-03 1.106243e-07 1.844389e-03
22 1.323743e-03 2.010110e-03 1.102745e-07 1.443447e-03
23 1.055704e-03 2.413646e-03 1.100167e-07 1.168569e-03
24 1.146929e-03 1.787607e-03 1.097029e-07 1.252100e-03
25 9.672717e-04 3.537410e-03 1.095954e-07 1.122589e-03
26 9.770377e-04 1.637475e-03 1.092287e-07 1.073973e-03
27 9.150997e-04 4.747985e-03 1.091057e-07 1.172856e-03
28 8.733049e-04 1.937451e-03 1.089171e-07 9.733129e-04
29 7.750596e-04 2.909114e-03 1.087775e-07 9.124585e-04
30 7.262775e-04 1.988379e-03 1.086143e-07 8.249866e-04
1 2.114085e-02 3.678381e-02 1.136151e-07 2.421172e-02
2 1.170768e-02 1.479681e-02 1.118995e-07 1.175354e-02
3 6.814856e-03 1.006021e-02 1.113534e-07 7.706394e-03
4 2.419519e-03 3.526709e-03 1.103604e-07 2.591050e-03
5 4.442214e-03 6.783539e-03 1.101902e-07 5.065752e-03
6 1.891054e-03 3.391990e-03 1.088672e-07 2.065452e-03
7 3.864623e-03 5.822992e-03 1.085049e-07 4.342907e-03
8 1.626172e-03 3.172398e-03 1.077219e-07 1.818929e-03
9 2.559506e-03 3.479727e-03 1.072490e-07 2.738313e-03
10 1.517217e-03 3.329272e-03 1.068429e-07 1.687075e-03
11 2.276586e-03 3.416983e-03 1.064629e-07 2.424310e-03
12 1.338414e-03 3.900187e-03 1.061786e-07 1.496218e-03
13 2.429989e-03 4.501964e-03 1.060235e-07 2.660509e-03
14 1.059134e-03 4.056756e-03 1.056149e-07 1.250506e-03
15 2.808083e-03 5.786415e-03 1.053454e-07 3.174921e-03
16 1.318605e-03 1.990258e-03 1.050857e-07 1.411134e-03
17 1.746716e-03 3.610009e-03 1.050364e-07 1.977651e-03
18 1.001765e-03 1.767662e-03 1.047600e-07 1.077884e-03
19 1.850717e-03 3.923031e-03 1.046813e-07 2.110968e-03
20 1.190533e-03 1.913629e-03 1.045774e-07 1.272193e-03
21 1.118096e-03 2.020052e-03 1.044984e-07 1.218991e-03
22 9.685444e-04 1.812010e-03 1.044318e-07 1.038716e-03
23 1.006587e-03 1.874340e-03 1.043834e-07 1.103368e-03
24 7.644871e-04 1.823610e-03 1.043459e-07 8.316818e-04
25 8.497352e-04 1.593226e-03 1.043162e-07 9.312191e-04
26 6.031815e-04 1.702709e-03 1.042988e-07 6.699563e-04
1 2.023386e-02 3.555765e-02 1.080660e-07 2.204156e-02
2 1.088446e-02 1.461693e-02 1.069017e-07 1.094505e-02
3 5.773693e-03 1.434888e-02 1.066239e-07 6.636532e-03
4 2.292198e-03 4.440826e-03 1.060067e-07 2.548650e-03
5 3.487044e-03 1.169459e-02 1.057929e-07 4.080958e-03
6 2.747184e-03 4.736283e-03 1.053727e-07 3.020521e-03
7 2.146919e-03 8.149362e-03 1.051856e-07 2.557641e-03
8 2.411802e-03 4.072006e-03 1.048849e-07 2.644748e-03
9 1.954286e-03 5.566672e-03 1.046984e-07 2.218649e-03
10 2.260340e-03 4.287699e-03 1.044381e-07 2.466316e-03
11 1.661017e-03 6.607615e-03 1.044011e-07 1.978551e-03
12 2.190282e-03 5.097267e-03 1.041703e-07 2.405300e-03
13 1.422072e-03 6.693161e-03 1.041158e-07 1.815997e-03
14 2.099817e-03 6.625565e-03 1.040749e-07 2.374360e-03
15 1.101355e-03 4.512186e-03 1.038270e-07 1.411076e-03
16 1.790443e-03 7.476285e-03 1.037836e-07 2.140633e-03
17 1.013084e-03 1.618465e-03 1.037348e-07 1.105559e-03
18 1.039485e-03 3.986383e-03 1.037287e-07 1.230247e-03
19 6.794916e-04 1.075093e-03 1.036939e-07 7.424219e-04
20 7.098031e-04 2.757619e-03 1.036884e-07 8.692252e-04
21 4.392753e-04 7.448229e-04 1.036784e-07 4.817274e-04
1 1.867318e-02 5.691946e-02 1.063182e-07 2.473023e-02
2 1.375941e-02 1.513373e-02 1.053803e-07 1.381980e-02
3 3.560513e-03 1.457824e-02 1.053692e-07 5.104366e-03
4 1.907439e-03 4.206322e-03 1.046525e-07 2.334883e-03
5 3.894391e-03 1.453117e-02 1.045359e-07 5.126647e-03
6 2.933110e-03 6.774909e-03 1.043066e-07 3.479438e-03
7 1.524387e-03 5.320216e-03 1.040929e-07 1.959150e-03
8 2.953185e-03 6.970732e-03 1.039657e-07 3.520492e-03
9 1.036021e-03 4.486930e-03 1.038172e-07 1.362748e-03
10 2.819648e-03 7.359426e-03 1.037731e-07 3.432639e-03
11 7.235282e-04 3.642906e-03 1.036348e-07 9.746724e-04
12 2.015155e-03 6.673496e-03 1.035777e-07 2.547783e-03
13 1.099511e-03 2.620160e-03 1.035306e-07 1.305079e-03
14 1.024208e-03 3.885764e-03 1.035254e-07 1.376369e-03
15 6.641888e-04 1.516059e-03 1.034871e-07 7.764386e-04
16 8.521762e-04 3.618114e-03 1.034805e-07 1.202982e-03
17 4.984857e-04 1.485015e-03 1.034735e-07 6.180451e-04
18 4.189621e-04 1.718930e-03 1.034702e-07 5.608697e-04
19 2.459479e-04 7.310671e-04 1.034684e-07 3.005843e-04
1 2.169999e-02 5.197794e-02 1.054014e-07 2.636166e-02
2 1.439516e-02 1.462036e-02 1.047091e-07 1.443284e-02
3 2.121558e-03 1.101268e-02 1.044443e-07 3.471947e-03
4 1.826616e-03 5.090027e-03 1.041269e-07 2.497635e-03
5 2.776654e-03 1.003477e-02 1.039926e-07 3.700143e-03
6 2.301414e-03 6.048538e-03 1.038043e-07 2.978542e-03
7 1.586164e-03 6.257414e-03 1.036929e-07 2.179012e-03
8 2.065119e-03 5.269137e-03 1.035474e-07 2.664904e-03
9 1.273933e-03 6.305592e-03 1.034908e-07 1.843993e-03
10 1.346743e-03 4.054361e-03 1.034183e-07 1.745687e-03
11 1.324255e-03 4.980804e-03 1.033794e-07 1.792096e-03
12 9.551407e-04 3.118675e-03 1.033351e-07 1.224811e-03
13 1.022082e-03 4.998483e-03 1.033213e-07 1.475985e-03
14 8.092505e-04 2.978802e-03 1.033039e-07 1.075535e-03
15 5.890813e-04 2.572648e-03 1.032939e-07 8.083442e-04
16 4.701864e-04 2.322005e-03 1.032874e-07 6.590044e-04
17 3.432079e-04 1.767323e-03 1.032839e-07 4.879898e-04
1 2.183258e-02 4.451153e-02 1.052713e-07 2.352692e-02
2 1.152551e-02 1.149915e-02 1.041508e-07 1.152568e-02
3 5.373946e-03 2.627339e-02 1.040312e-07 8.514912e-03
4 2.621345e-03 8.406949e-03 1.038168e-07 3.469850e-03
5 1.915505e-03 9.409273e-03 1.036745e-07 2.707165e-03
6 1.907239e-03 4.450103e-03 1.034953e-07 2.331968e-03
7 2.036656e-03 7.109061e-03 1.034546e-07 2.812585e-03
8 1.460347e-03 2.883636e-03 1.032697e-07 1.715267e-03
9 1.929008e-03 7.435913e-03 1.032277e-07 2.802752e-03
10 1.369665e-03 3.406642e-03 1.031647e-07 1.665303e-03
11 1.219641e-03 4.215640e-03 1.031386e-07 1.603253e-03
12 9.374491e-04 2.303237e-03 1.030969e-07 1.105723e-03
13 9.348224e-04 3.110586e-03 1.030866e-07 1.242684e-03
14 5.608278e-04 1.291816e-03 1.030678e-07 6.402292e-04
15 5.930956e-04 2.532066e-03 1.030643e-07 7.832318e-04
16 3.076650e-04 5.678929e-04 1.030574e-07 3.389185e-04
1 2.376350e-02 4.631166e-02 1.047789e-07 2.531349e-02
2 1.469388e-02 1.458671e-02 1.042397e-07 1.469497e-02
3 1.775785e-03 7.051436e-03 1.039209e-07 2.464586e-03
4 3.995363e-03 6.929776e-03 1.038210e-07 4.675454e-03
5 1.580730e-03 9.286563e-03 1.034966e-07 2.693360e-03
6 1.068024e-03 2.521175e-03 1.032222e-07 1.361515e-03
7 3.114687e-03 9.095962e-03 1.031553e-07 3.962385e-03
8 1.643941e-03 3.568228e-03 1.030538e-07 1.969709e-03
9 1.553285e-03 5.165268e-03 1.030449e-07 2.033506e-03
10 1.217765e-03 2.681051e-03 1.029421e-07 1.427929e-03
11 1.317419e-03 4.308586e-03 1.029246e-07 1.743302e-03
12 1.001931e-03 2.340329e-03 1.029002e-07 1.178157e-03
13 8.067893e-04 1.815943e-03 1.028860e-07 9.631780e-04
14 6.333954e-04 1.679705e-03 1.028765e-07 7.555663e-04
15 4.548920e-04 8.696117e-04 1.028710e-07 5.090183e-04
1 2.228892e-02 3.124474e-02 1.047744e-07 2.284820e-02
2 1.148287e-02 1.156565e-02 1.038170e-07 1.148467e-02
3 5.791708e-03 1.814241e-02 1.037002e-07 8.506762e-03
4 2.338594e-03 4.022053e-03 1.034832e-07 2.809666e-03
5 2.091723e-03 5.981757e-03 1.034633e-07 2.739771e-03
6 1.993929e-03 3.010949e-03 1.031762e-07 2.329501e-03
7 2.082601e-03 7.003019e-03 1.031332e-07 2.937635e-03
8 1.497821e-03 2.228733e-03 1.030251e-07 1.703971e-03
9 1.763644e-03 4.678133e-03 1.029907e-07 2.295779e-03
10 1.372868e-03 2.242266e-03 1.029403e-07 1.576067e-03
11 1.154979e-03 2.562159e-03 1.029124e-07 1.393294e-03
12 9.306886e-04 1.355837e-03 1.028848e-07 1.035941e-03
13 8.237257e-04 1.434539e-03 1.028713e-07 9.516185e-04
14 5.830318e-04 7.030994e-04 1.028617e-07 6.358629e-04
15 4.675834e-04 7.208643e-04 1.028564e-07 5.132285e-04
1 2.122627e-02 2.586100e-02 1.047461e-07 2.153324e-02
2 1.116962e-02 1.114701e-02 1.037824e-07 1.117007e-02
3 4.716741e-03 1.484110e-02 1.036850e-07 7.063597e-03
4 2.277492e-03 3.996494e-03 1.035025e-07 2.828301e-03
5 1.902280e-03 4.976825e-03 1.034147e-07 2.426299e-03
6 1.903996e-03 3.057199e-03 1.032415e-07 2.295967e-03
7 1.788325e-03 5.656063e-03 1.031932e-07 2.415236e-03
8 1.477694e-03 2.278778e-03 1.031195e-07 1.694376e-03
9 1.472899e-03 3.916524e-03 1.030867e-07 1.894546e-03
10 1.078241e-03 1.384835e-03 1.030366e-07 1.192940e-03
11 1.044914e-03 2.414487e-03 1.030161e-07 1.277485e-03
12 7.530783e-04 8.273246e-04 1.030001e-07 8.205225e-04
13 5.833082e-04 7.266274e-04 1.029910e-07 6.365537e-04
14 4.836715e-04 5.645557e-04 1.029852e-07 5.244759e-04
1 2.038032e-02 2.948103e-02 1.046993e-07 2.154730e-02
2 1.125119e-02 1.115343e-02 1.037778e-07 1.125141e-02
3 4.004821e-03 1.516203e-02 1.036952e-07 6.445658e-03
4 2.142875e-03 4.262055e-03 1.035405e-07 2.720836e-03
5 1.826126e-03 5.041921e-03 1.034483e-07 2.275707e-03
6 1.764642e-03 3.246074e-03 1.033234e-07 2.173656e-03
7 1.625212e-03 5.054196e-03 1.033100e-07 2.094971e-03
8 1.262223e-03 2.003379e-03 1.032053e-07 1.471051e-03
9 1.207645e-03 2.904818e-03 1.031763e-07 1.443345e-03
10 8.547603e-04 1.131678e-03 1.031535e-07 9.497209e-04
11 7.630204e-04 1.045007e-03 1.031399e-07 8.353238e-04
12 5.640419e-04 6.362752e-04 1.031311e-07 6.109894e-04
1 1.974215e-02 2.915759e-02 1.046487e-07 2.116291e-02
2 1.108032e-02 1.100207e-02 1.037403e-07 1.108118e-02
3 4.010374e-03 1.512136e-02 1.036698e-07 6.342202e-03
4 2.004527e-03 4.081028e-03 1.035378e-07 2.541103e-03
5 1.745921e-03 4.997069e-03 1.034610e-07 2.195834e-03
6 1.597361e-03 2.932433e-03 1.033604e-07 1.951218e-03
7 1.513340e-03 4.717635e-03 1.033386e-07 1.953064e-03
8 1.107915e-03 1.719489e-03 1.032702e-07 1.275679e-03
9 1.052424e-03 2.254402e-03 1.032475e-07 1.233034e-03
10 7.374883e-04 9.668726e-04 1.032320e-07 8.121574e-04
11 6.332161e-04 7.798283e-04 1.032219e-07 6.881642e-04
12 4.790169e-04 6.053537e-04 1.032155e-07 5.186213e-04
