1.000034e+00 1.000012e+00
1.000008e+00 1.000003e+00
1.000015e+00 1.000005e+00
1.000022e+00 1.000009e+00
1.000019e+00 1.000008e+00
1.000007e+00 1.000002e+00
1.000005e+00 1.000001e+00
1.000005e+00 1.000002e+00
1.000005e+00 1.000001e+00
1.000007e+00 1.000001e+00
1.000009e+00 1.000002e+00
1.000010e+00 1.000002e+00
1.000009e+00 1.000003e+00
1.000181e+00 1.000019e+00
1.000070e+00 1.000016e+00
1.000062e+00 1.000009e+00
1.000011e+00 1.000003e+00
1.000008e+00 1.000001e+00
1.000024e+00 1.000003e+00
1.000010e+00 1.000001e+00
1.000011e+00 1.000003e+00
1.000013e+00 1.000003e+00
1.000014e+00 1.000003e+00
1.000016e+00 1.000003e+00
1.000014e+00 1.000003e+00
