17 86
14 148
16 191
22 201
20 222
15 225
15 218
34 223
15 216
14 219
41 223
17 205
15 209
47 203
17 208
28 202
33 213
18 223
28 259
57 264
16 252
15 261
16 275
15 286
26 272
14 273
15 270
12 268
13 268
16 263
17 266
10 261
11 265
19 275
22 288
24 275
25 275
34 278
129 271
18 267
24 275
25 292
24 292
25 291
30 319
27 309
127 310
34 302
42 312
37 298
23 302
111 305
50 302
47 299
34 318
25 306
168 271
44 278
114 271
58 272
33 269
49 273
126 277
54 280
22 264
35 262
95 255
60 256
36 268
64 272
84 257
50 247
36 244
17 241
1829 234
72 236
1741 232
94 236
315 225
67 233
111 235
67 240
31 247
44 248
16 251
59 248
9 248
9 245
11 244
15 239
11 240
10 240
12 243
10 248
10 247
11 241
11 237
8 238
8 240
7 239
44 237
45 233
38 230
19 225
30 230
54 235
79 251
925 254
174 255
585 313
112 315
1426 284
128 242
163 262
369 227
911 213
530 198
51 190
65 156
33 140
40 145
41 156
27 157
22 155
34 157
37 163
46 168
43 160
23 162
35 150
87 149
24 153
25 155
44 156
54 167
56 165
21 175
19 172
21 175
25 174
48 176
23 174
18 178
34 179
28 188
49 204
47 201
24 202
117 182
37 154
25 156
58 153
22 145
42 142
23 156
34 178
13 203
14 199
13 189
29 179
19 165
17 160
15 156
18 147
18 146
15 148
16 153
15 167
16 160
18 164
20 174
22 172
55 155
62 155
29 152
28 161
32 191
21 190
33 185
47 184
43 177
62 168
41 158
40 149
37 147
20 145
18 144
23 145
26 146
17 147
12 147
9 146
16 146
10 147
24 148
20 148
22 148
18 148
30 155
54 156
20 156
14 157
28 158
26 158
19 160
18 157
12 156
14 156
26 156
16 154
17 157
17 151
20 148
19 147
18 147
11 146
15 148
23 146
20 145
15 145
23 147
10 148
20 148
12 147
9 147
20 147
9 146
10 145
10 146
9 148
9 147
10 144
18 143
14 145
11 145
8 146
11 147
10 146
15 146
10 148
10 147
10 147
12 144
20 141
11 139
26 137
28 138
20 138
28 137
19 140
33 138
6 138
13 138
40 137
10 140
19 139
12 138
7 138
14 138
19 135
14 135
16 136
14 136
13 136
13 137
16 139
9 139
10 139
24 141
10 139
13 139
13 137
10 137
17 137
12 138
12 137
11 138
9 136
18 131
12 130
11 129
9 127
9 129
16 129
11 130
5 130
11 130
18 131
11 131
10 132
9 132
11 134
10 135
10 135
9 134
6 134
12 135
10 134
10 134
10 135
8 135
11 132
11 132
13 130
10 131
10 133
6 134
9 134
11 134
11 136
11 136
11 135
11 137
13 137
9 137
12 136
11 135
5 135
11 134
5 134
10 136
10 135
5 135
8 135
5 135
8 135
12 136
15 134
12 136
5 136
10 136
14 136
11 135
11 131
11 129
12 131
12 131
13 128
12 127
4 127
10 127
12 128
7 128
5 128
11 128
9 130
11 130
11 130
5 129
11 131
5 131
9 128
10 127
8 126
10 126
11 126
15 126
21 124
5 124
17 125
7 125
6 125
8 125
6 125
11 124
15 122
12 122
8 121
12 119
16 118
12 118
14 118
5 118
14 118
5 118
9 118
13 120
7 118
5 118
7 118
7 118
7 118
7 118
4 117
4 117
11 118
4 118
10 118
4 119
13 119
13 119
13 119
12 119
13 119
18 121
4 121
13 121
16 119
15 119
12 118
14 118
11 119
9 119
8 119
11 121
7 121
13 121
7 120
5 120
17 122
6 120
14 120
8 120
6 120
7 120
11 120
7 118
9 118
8 118
5 118
21 118
5 118
12 116
14 117
8 117
20 115
12 115
5 115
5 115
22 116
5 116
11 114
15 113
9 113
13 112
4 112
20 114
12 115
4 115
4 115
