1.000264e+00 1.000028e+00
1.000038e+00 1.000016e+00
1.000061e+00 1.000031e+00
1.000090e+00 1.000046e+00
1.000111e+00 1.000065e+00
1.000160e+00 1.000099e+00
1.000200e+00 1.000120e+00
1.000219e+00 1.000124e+00
1.000209e+00 1.000119e+00
1.000153e+00 1.000074e+00
1.000155e+00 1.000088e+00
1.000331e+00 1.000138e+00
1.000230e+00 1.000147e+00
1.000210e+00 1.000128e+00
1.000208e+00 1.000115e+00
1.000198e+00 1.000119e+00
1.000159e+00 1.000102e+00
1.000180e+00 1.000110e+00
1.000212e+00 1.000125e+00
1.000197e+00 1.000112e+00
1.000147e+00 1.000074e+00
1.000185e+00 1.000100e+00
1.000304e+00 1.000155e+00
1.000308e+00 1.000168e+00
1.000276e+00 1.000155e+00
1.000265e+00 1.000149e+00
1.000272e+00 1.000153e+00
1.000285e+00 1.000162e+00
1.000306e+00 1.000177e+00
1.000323e+00 1.000191e+00
1.000351e+00 1.000212e+00
1.000268e+00 1.000148e+00
1.000298e+00 1.000182e+00
1.000571e+00 1.000308e+00
1.000595e+00 1.000366e+00
1.000609e+00 1.000375e+00
1.000687e+00 1.000419e+00
1.000900e+00 1.000542e+00
1.000505e+00 1.000307e+00
1.000422e+00 1.000272e+00
1.000619e+00 1.000415e+00
1.001020e+00 1.000654e+00
1.001117e+00 1.000657e+00
1.001579e+00 1.000936e+00
1.003440e+00 1.001959e+00
1.005616e+00 1.003136e+00
1.002846e+00 1.001465e+00
1.003103e+00 1.001753e+00
1.004410e+00 1.002504e+00
1.006532e+00 1.003656e+00
1.009387e+00 1.005188e+00
1.005435e+00 1.002869e+00
1.005728e+00 1.003180e+00
1.006118e+00 1.003404e+00
1.007104e+00 1.003965e+00
1.010120e+00 1.005548e+00
1.005737e+00 1.002873e+00
1.004423e+00 1.002389e+00
1.001851e+00 1.001064e+00
1.001174e+00 1.000634e+00
1.001455e+00 1.000829e+00
1.002485e+00 1.001420e+00
1.001099e+00 1.000670e+00
1.000771e+00 1.000425e+00
1.000684e+00 1.000372e+00
1.000754e+00 1.000432e+00
1.000566e+00 1.000324e+00
1.000475e+00 1.000302e+00
1.001199e+00 1.000693e+00
1.002353e+00 1.001347e+00
1.001584e+00 1.001019e+00
1.002110e+00 1.001211e+00
1.003963e+00 1.002314e+00
1.006753e+00 1.003918e+00
1.008619e+00 1.004943e+00
1.010212e+00 1.005769e+00
1.010920e+00 1.006210e+00
1.014217e+00 1.008069e+00
1.017412e+00 1.009786e+00
1.020700e+00 1.011745e+00
1.023978e+00 1.013458e+00
1.027266e+00 1.015298e+00
1.030559e+00 1.017140e+00
1.033861e+00 1.018975e+00
1.037190e+00 1.020797e+00
1.040508e+00 1.022626e+00
1.042214e+00 1.023540e+00
1.043848e+00 1.024449e+00
1.047216e+00 1.026287e+00
1.050491e+00 1.028130e+00
1.053846e+00 1.029950e+00
1.057226e+00 1.031754e+00
1.060573e+00 1.033585e+00
1.063919e+00 1.035420e+00
1.067289e+00 1.037237e+00
1.070627e+00 1.039079e+00
1.073994e+00 1.040903e+00
1.075727e+00 1.041805e+00
1.077373e+00 1.042716e+00
1.080914e+00 1.044441e+00
1.083974e+00 1.046475e+00
1.087341e+00 1.048306e+00
1.090641e+00 1.050177e+00
1.093953e+00 1.052044e+00
1.097230e+00 1.053935e+00
1.100555e+00 1.055788e+00
1.100965e+00 1.055871e+00
1.104177e+00 1.058715e+00
1.105726e+00 1.058371e+00
1.077815e+00 1.046339e+00
1.080442e+00 1.048822e+00
1.030901e+00 1.016852e+00
1.022869e+00 1.014315e+00
1.023791e+00 1.015554e+00
1.025764e+00 1.017001e+00
1.028291e+00 1.018595e+00
1.013975e+00 1.008353e+00
1.002849e+00 1.001726e+00
1.000397e+00 1.000152e+00
1.000096e+00 1.000049e+00
1.000126e+00 1.000075e+00
1.000347e+00 1.000184e+00
1.000980e+00 1.000631e+00
1.001627e+00 1.001099e+00
1.001832e+00 1.001278e+00
1.001721e+00 1.001184e+00
1.001532e+00 1.001050e+00
1.001524e+00 1.001060e+00
1.002068e+00 1.001431e+00
1.003410e+00 1.002334e+00
1.000803e+00 1.000513e+00
1.000264e+00 1.000161e+00
1.000371e+00 1.000182e+00
1.000217e+00 1.000157e+00
1.000349e+00 1.000258e+00
1.000548e+00 1.000404e+00
1.000779e+00 1.000562e+00
1.000682e+00 1.000496e+00
1.000729e+00 1.000530e+00
1.001145e+00 1.000837e+00
1.000492e+00 1.000300e+00
1.000132e+00 1.000066e+00
1.000191e+00 1.000126e+00
1.000602e+00 1.000326e+00
1.001488e+00 1.001108e+00
1.002747e+00 1.002059e+00
1.002977e+00 1.002254e+00
1.003378e+00 1.002565e+00
1.001026e+00 1.000682e+00
1.000408e+00 1.000268e+00
1.000176e+00 1.000128e+00
1.000128e+00 1.000091e+00
1.000051e+00 1.000033e+00
1.000046e+00 1.000036e+00
1.000097e+00 1.000053e+00
1.000121e+00 1.000069e+00
1.000096e+00 1.000078e+00
1.000104e+00 1.000078e+00
1.000104e+00 1.000066e+00
1.000082e+00 1.000050e+00
1.000054e+00 1.000036e+00
1.000043e+00 1.000032e+00
1.000039e+00 1.000029e+00
1.000037e+00 1.000018e+00
1.000046e+00 1.000031e+00
1.000088e+00 1.000053e+00
1.000095e+00 1.000069e+00
1.000129e+00 1.000092e+00
1.000166e+00 1.000120e+00
1.000220e+00 1.000170e+00
1.000372e+00 1.000283e+00
1.000816e+00 1.000619e+00
1.000603e+00 1.000391e+00
1.000421e+00 1.000312e+00
1.000103e+00 1.000072e+00
1.000160e+00 1.000125e+00
1.000342e+00 1.000203e+00
1.000308e+00 1.000209e+00
1.000351e+00 1.000236e+00
1.000459e+00 1.000319e+00
1.000576e+00 1.000417e+00
1.000530e+00 1.000400e+00
1.000362e+00 1.000286e+00
1.000250e+00 1.000201e+00
1.000204e+00 1.000166e+00
1.000130e+00 1.000079e+00
1.000117e+00 1.000096e+00
1.000316e+00 1.000183e+00
1.000267e+00 1.000208e+00
1.000337e+00 1.000253e+00
1.000425e+00 1.000305e+00
1.000480e+00 1.000348e+00
1.000486e+00 1.000372e+00
1.000482e+00 1.000387e+00
1.000539e+00 1.000431e+00
1.000697e+00 1.000563e+00
1.000376e+00 1.000286e+00
1.000421e+00 1.000345e+00
1.001495e+00 1.001135e+00
1.002656e+00 1.002179e+00
1.004492e+00 1.003671e+00
1.006785e+00 1.005548e+00
1.009215e+00 1.007522e+00
1.011576e+00 1.009434e+00
1.013911e+00 1.011323e+00
1.016299e+00 1.013244e+00
1.018708e+00 1.015182e+00
1.019947e+00 1.016157e+00
1.021093e+00 1.017105e+00
1.023541e+00 1.019023e+00
1.025844e+00 1.020968e+00
1.028232e+00 1.022901e+00
1.030615e+00 1.024832e+00
1.032999e+00 1.026763e+00
1.035402e+00 1.028689e+00
1.037818e+00 1.030615e+00
1.040223e+00 1.032546e+00
1.042627e+00 1.034477e+00
1.043877e+00 1.035454e+00
1.045038e+00 1.036408e+00
1.047515e+00 1.038327e+00
1.049853e+00 1.040268e+00
1.052289e+00 1.042192e+00
1.054688e+00 1.044131e+00
1.057145e+00 1.046050e+00
1.059519e+00 1.048000e+00
1.061928e+00 1.049938e+00
1.064353e+00 1.051870e+00
1.066743e+00 1.053813e+00
1.067996e+00 1.054793e+00
1.069157e+00 1.055749e+00
1.071631e+00 1.057676e+00
1.073977e+00 1.059621e+00
1.076362e+00 1.061565e+00
1.078787e+00 1.063495e+00
1.081249e+00 1.065412e+00
1.083680e+00 1.067340e+00
1.086116e+00 1.069269e+00
1.088550e+00 1.071199e+00
1.090953e+00 1.073140e+00
1.092240e+00 1.074107e+00
1.093364e+00 1.075078e+00
1.095857e+00 1.077002e+00
1.098199e+00 1.078949e+00
1.100624e+00 1.080882e+00
1.103037e+00 1.082818e+00
1.105448e+00 1.084756e+00
1.107856e+00 1.086696e+00
1.110287e+00 1.088627e+00
1.112738e+00 1.090548e+00
1.115184e+00 1.092470e+00
1.116472e+00 1.093436e+00
1.117650e+00 1.094385e+00
1.120110e+00 1.096324e+00
1.122456e+00 1.098274e+00
1.124880e+00 1.100211e+00
1.127303e+00 1.102146e+00
1.129793e+00 1.104055e+00
1.132174e+00 1.106008e+00
1.134615e+00 1.107945e+00
1.136977e+00 1.109906e+00
1.139436e+00 1.111833e+00
1.140679e+00 1.112816e+00
1.141815e+00 1.113787e+00
1.144334e+00 1.115704e+00
1.146709e+00 1.117644e+00
1.149174e+00 1.119568e+00
1.151642e+00 1.121487e+00
1.154067e+00 1.123423e+00
1.156486e+00 1.125361e+00
1.158942e+00 1.127284e+00
1.161380e+00 1.129212e+00
1.163837e+00 1.131138e+00
1.165044e+00 1.132138e+00
1.166229e+00 1.133093e+00
1.168703e+00 1.135026e+00
1.171061e+00 1.136973e+00
1.173533e+00 1.138892e+00
1.175907e+00 1.140847e+00
1.178323e+00 1.142788e+00
1.180754e+00 1.144725e+00
1.183200e+00 1.146653e+00
1.185664e+00 1.148576e+00
1.188119e+00 1.150501e+00
1.189365e+00 1.151487e+00
1.190580e+00 1.152426e+00
1.193085e+00 1.154349e+00
1.195457e+00 1.156290e+00
1.197864e+00 1.158240e+00
1.200334e+00 1.160165e+00
1.202780e+00 1.162094e+00
1.205190e+00 1.164044e+00
1.207635e+00 1.165978e+00
1.210076e+00 1.167912e+00
1.212531e+00 1.169839e+00
1.213812e+00 1.170810e+00
1.214932e+00 1.171793e+00
1.217474e+00 1.173702e+00
1.219834e+00 1.175651e+00
1.222274e+00 1.177587e+00
1.224762e+00 1.179498e+00
1.227190e+00 1.181435e+00
1.229685e+00 1.183345e+00
1.232065e+00 1.185308e+00
1.234537e+00 1.187232e+00
1.236973e+00 1.189164e+00
1.238256e+00 1.190136e+00
1.239406e+00 1.191108e+00
1.241934e+00 1.193024e+00
1.244304e+00 1.194970e+00
1.246719e+00 1.196917e+00
1.249156e+00 1.198855e+00
1.251576e+00 1.200800e+00
1.254005e+00 1.202742e+00
1.256469e+00 1.204670e+00
1.258877e+00 1.206615e+00
1.261294e+00 1.208564e+00
1.262587e+00 1.209531e+00
1.263711e+00 1.210510e+00
1.266280e+00 1.212406e+00
1.268663e+00 1.214338e+00
1.271114e+00 1.216270e+00
1.273613e+00 1.218178e+00
1.276099e+00 1.220089e+00
1.278603e+00 1.221991e+00
1.281076e+00 1.223914e+00
1.283498e+00 1.225857e+00
1.285954e+00 1.227788e+00
1.287131e+00 1.228803e+00
1.288353e+00 1.229745e+00
1.290910e+00 1.231643e+00
1.293287e+00 1.233590e+00
1.295720e+00 1.235531e+00
1.298159e+00 1.237471e+00
1.300602e+00 1.239408e+00
1.303021e+00 1.241358e+00
1.305452e+00 1.243304e+00
1.307890e+00 1.245244e+00
1.310319e+00 1.247190e+00
1.311616e+00 1.248155e+00
1.312771e+00 1.249123e+00
1.315265e+00 1.251066e+00
1.317674e+00 1.252997e+00
1.320182e+00 1.254898e+00
1.322560e+00 1.256872e+00
1.325006e+00 1.258814e+00
1.327457e+00 1.260746e+00
1.329911e+00 1.262679e+00
1.332418e+00 1.264583e+00
1.334821e+00 1.266541e+00
1.336117e+00 1.267508e+00
1.337273e+00 1.268475e+00
1.339819e+00 1.270388e+00
1.342218e+00 1.272321e+00
1.344667e+00 1.274249e+00
1.347136e+00 1.276179e+00
1.349576e+00 1.278127e+00
1.351952e+00 1.280102e+00
1.354456e+00 1.282012e+00
1.356704e+00 1.284047e+00
1.359212e+00 1.285963e+00
1.360490e+00 1.286928e+00
1.361684e+00 1.287880e+00
1.364255e+00 1.289775e+00
1.366600e+00 1.291739e+00
1.368947e+00 1.293726e+00
1.371414e+00 1.295657e+00
1.373906e+00 1.297567e+00
1.376341e+00 1.299504e+00
1.378699e+00 1.301486e+00
1.381136e+00 1.303429e+00
1.383553e+00 1.305376e+00
1.384845e+00 1.306345e+00
1.385979e+00 1.307322e+00
1.388552e+00 1.309219e+00
1.390977e+00 1.311136e+00
1.393338e+00 1.313118e+00
1.395836e+00 1.315032e+00
1.398330e+00 1.316940e+00
1.400814e+00 1.318855e+00
1.403311e+00 1.320766e+00
1.405808e+00 1.322674e+00
1.408280e+00 1.324603e+00
1.409572e+00 1.325566e+00
1.410775e+00 1.326515e+00
1.413291e+00 1.328443e+00
1.415722e+00 1.330360e+00
1.418129e+00 1.332327e+00
1.420632e+00 1.334239e+00
1.423031e+00 1.336202e+00
1.425458e+00 1.338156e+00
1.427893e+00 1.340103e+00
1.430346e+00 1.342041e+00
1.432779e+00 1.343983e+00
1.433990e+00 1.344997e+00
1.435206e+00 1.345941e+00
1.437703e+00 1.347878e+00
1.440066e+00 1.349833e+00
1.442486e+00 1.351786e+00
1.444904e+00 1.353738e+00
1.447317e+00 1.355693e+00
1.449773e+00 1.357627e+00
1.452270e+00 1.359536e+00
1.454748e+00 1.361458e+00
1.457171e+00 1.363401e+00
1.458435e+00 1.364388e+00
1.459571e+00 1.365360e+00
1.462126e+00 1.367270e+00
1.464555e+00 1.369186e+00
1.466857e+00 1.371200e+00
1.469349e+00 1.373123e+00
1.471788e+00 1.375053e+00
1.474254e+00 1.376986e+00
1.476746e+00 1.378901e+00
1.479235e+00 1.380813e+00
1.481685e+00 1.382750e+00
1.482964e+00 1.383728e+00
1.484158e+00 1.384678e+00
1.486704e+00 1.386592e+00
1.489134e+00 1.388509e+00
1.491563e+00 1.390463e+00
1.494067e+00 1.392373e+00
1.496475e+00 1.394334e+00
1.498915e+00 1.396281e+00
1.501403e+00 1.398199e+00
1.503726e+00 1.400212e+00
1.506143e+00 1.402166e+00
1.507429e+00 1.403136e+00
1.508629e+00 1.404082e+00
1.511073e+00 1.406065e+00
1.513507e+00 1.407982e+00
1.515933e+00 1.409924e+00
1.518344e+00 1.411875e+00
1.520827e+00 1.413799e+00
1.523208e+00 1.415775e+00
1.525722e+00 1.417680e+00
1.528154e+00 1.419622e+00
1.530585e+00 1.421570e+00
1.531882e+00 1.422536e+00
1.533078e+00 1.423486e+00
