31 39
25 275
25 281
25 283
25 259
25 255
24 235
24 204
23 183
23 171
24 133
13 111
11 92
10 100
9 96
8 93
4 92
5 92
7 92
8 96
8 98
8 102
8 102
7 102
5 104
60 102
28 100
20 102
16 104
18 94
18 92
16 84
12 84
8 82
6 82
8 82
10 84
12 84
12 92
10 92
10 92
8 93
6 94
4 94
6 94
8 94
8 92
8 92
8 92
7 92
31 39
21 327
24 301
26 155
27 80
26 54
29 48
34 43
28 56
25 74
22 72
9 75
4 63
4 43
10 47
12 56
5 67
6 69
3 70
3 72
10 82
7 80
11 82
9 112
9 113
62 235
28 188
26 120
22 111
21 97
16 91
10 91
7 91
10 91
12 92
12 94
10 98
8 101
7 105
6 103
6 101
8 103
8 102
6 100
4 99
4 99
4 99
4 100
4 100
4 98
31 39
21 327
24 301
26 155
27 80
26 54
29 48
34 43
28 56
25 74
22 72
9 75
4 63
4 43
10 47
12 56
5 67
6 69
3 70
3 72
10 82
7 80
11 82
9 112
9 113
62 235
28 188
26 120
22 111
21 97
16 91
10 91
7 91
10 91
12 92
12 94
10 98
8 101
7 105
6 103
6 101
8 103
8 102
6 100
4 99
4 99
4 99
4 100
4 100
4 98
31 39
21 327
24 301
26 155
27 80
26 54
29 48
34 43
28 56
25 74
22 72
9 75
4 63
4 43
10 47
12 56
5 67
6 69
3 70
3 72
10 82
7 80
11 82
9 112
9 113
62 235
28 188
26 120
22 111
21 97
16 91
10 91
7 91
10 91
12 92
12 94
10 98
8 101
7 105
6 103
6 101
8 103
8 102
6 100
4 99
4 99
4 99
4 100
4 100
4 98
31 39
21 327
24 301
26 155
27 80
26 54
29 48
34 43
28 56
25 74
22 72
9 75
4 63
4 43
10 47
12 56
5 67
6 69
3 70
3 72
10 82
7 80
11 82
9 112
9 113
62 235
28 188
26 120
22 111
21 97
16 91
10 91
7 91
10 91
12 92
12 94
10 98
8 101
7 105
6 103
6 101
8 103
8 102
6 100
4 99
4 99
4 99
4 100
4 100
4 98
31 39
21 327
24 301
26 155
27 80
26 54
29 48
34 43
28 56
25 74
22 72
9 75
4 63
4 43
10 47
12 56
5 67
6 69
3 70
3 72
10 82
7 80
11 82
9 112
9 113
62 235
28 188
26 120
22 111
21 97
16 91
10 91
7 91
10 91
12 92
12 94
10 98
8 101
7 105
6 103
6 101
8 103
8 102
6 100
4 99
4 99
4 99
4 100
4 100
4 98
31 39
22 318
24 297
25 83
24 44
25 27
26 29
30 31
30 33
26 34
26 53
11 53
6 73
3 74
3 75
3 75
3 75
3 75
3 75
3 75
3 75
3 75
3 75
3 75
3 75
60 173
30 241
27 148
24 118
20 100
18 92
12 86
4 86
8 86
12 93
13 95
12 99
12 104
8 108
4 108
4 108
6 109
8 107
8 106
7 106
6 102
4 100
3 100
4 100
5 99
