10 145
12 153
10 156
10 177
10 171
7 171
7 164
7 171
7 180
7 166
5 166
5 173
7 168
7 166
7 178
6 170
4 166
4 172
7 167
7 155
7 163
6 159
4 166
7 155
7 156
7 163
7 168
7 164
4 151
4 167
7 163
6 171
8 159
7 169
4 160
6 148
7 147
7 156
7 152
7 162
4 166
4 160
7 136
7 154
6 155
8 149
4 166
4 162
8 150
7 145
7 150
8 145
4 144
4 153
7 158
8 131
7 143
5 144
7 141
4 137
7 147
9 147
7 116
7 145
4 145
8 150
7 144
7 150
8 139
7 138
4 150
4 147
8 113
7 144
10 148
7 109
4 143
4 143
9 145
7 116
7 150
8 134
4 108
4 125
7 150
8 118
7 143
7 152
7 125
4 116
7 142
7 144
7 97
7 149
4 151
4 150
7 124
7 142
8 113
7 145
4 146
6 145
8 103
7 141
7 137
7 90
4 126
4 142
7 138
7 105
7 136
9 117
4 105
4 115
7 135
8 104
7 128
7 131
4 134
7 85
7 134
7 128
8 82
7 133
4 131
4 128
8 126
7 131
9 124
7 127
4 132
4 131
9 90
7 133
7 126
8 88
4 102
4 130
7 128
9 106
7 129
5 129
7 81
4 92
7 128
9 121
7 128
7 125
4 129
7 82
7 129
5 128
9 91
7 127
4 127
4 128
8 107
7 124
10 122
7 119
4 127
4 127
9 107
7 120
7 125
9 90
4 106
7 127
5 129
8 96
7 127
5 126
8 86
4 96
7 128
10 125
7 122
7 122
4 127
8 85
7 131
7 127
9 87
7 127
4 125
4 123
9 91
7 126
5 126
8 122
4 129
4 130
10 120
7 132
7 123
8 100
4 99
7 121
7 117
8 105
7 126
7 117
7 109
4 106
7 119
5 120
8 114
7 119
4 120
7 117
7 119
7 114
8 113
7 125
4 126
4 125
8 107
7 118
5 132
8 114
4 119
4 132
7 123
7 116
7 122
5 128
4 135
8 126
7 121
7 118
7 123
7 125
4 131
4 144
8 133
4 141
8 132
7 139
4 143
4 141
8 143
4 152
24 139
4 159
4 149
4 160
8 163
4 176
8 170
7 182
4 182
4 195
8 210
4 220
8 236
7 242
4 249
4 259
4 274
4 287
9 312
4 328
4 320
4 343
8 376
4 395
4 409
13 388
8 389
7 382
8 394
8 395
9 398
9 390
6 394
6 382
8 399
9 392
9 388
9 389
6 396
6 398
9 391
9 397
9 397
8 406
4 406
4 407
9 400
9 404
9 395
10 381
6 387
4 388
9 391
7 403
9 394
10 383
6 382
4 385
8 396
7 394
7 402
5 398
4 395
9 394
9 388
9 397
9 396
10 394
4 400
4 401
10 395
4 398
4 407
10 424
4 416
4 425
9 412
10 426
11 416
4 419
4 420
4 413
4 419
12 411
12 429
8 432
4 426
4 425
4 420
4 423
4 422
6 418
13 427
8 438
4 447
4 443
14 429
12 430
4 428
4 426
11 445
8 438
4 427
4 423
12 427
7 434
4 438
4 434
5 431
16 418
11 447
4 439
4 444
6 444
4 445
15 446
10 447
9 445
4 458
4 456
13 449
10 441
9 452
4 460
4 463
4 466
4 460
13 451
11 468
8 462
4 455
4 455
14 456
11 467
4 474
4 474
4 474
4 476
16 461
12 455
4 466
4 460
4 466
4 458
4 456
15 459
12 470
4 475
4 476
4 478
4 466
4 466
17 455
9 451
12 423
11 431
10 431
12 413
4 412
4 423
8 440
9 440
4 442
4 435
4 441
4 439
4 428
16 434
11 438
9 429
4 429
4 428
4 428
12 427
11 423
4 439
4 443
4 449
4 445
4 453
4 447
20 446
9 439
8 433
11 421
11 428
4 429
4 433
4 434
4 437
4 436
14 415
13 428
9 425
8 421
4 421
4 412
4 417
11 456
4 454
4 448
5 446
4 447
4 441
17 436
11 436
4 436
4 441
11 417
13 429
4 426
4 426
4 427
4 423
10 436
11 421
11 435
4 436
4 438
4 430
4 428
14 435
12 441
11 421
5 414
4 409
11 423
11 422
4 422
4 429
4 424
9 406
10 425
8 414
4 421
4 420
4 424
4 419
4 417
13 421
13 415
4 414
4 413
11 399
10 400
10 404
10 393
4 399
4 397
4 400
10 407
4 414
4 408
11 417
4 420
4 417
13 399
4 396
4 396
8 416
9 395
4 397
