1.000199e+00 1.000057e+00
1.000100e+00 1.000046e+00
1.000132e+00 1.000084e+00
1.000386e+00 1.000183e+00
1.000473e+00 1.000226e+00
1.000619e+00 1.000318e+00
1.000714e+00 1.000361e+00
1.000651e+00 1.000350e+00
1.000883e+00 1.000514e+00
1.000683e+00 1.000400e+00
1.000783e+00 1.000457e+00
1.000790e+00 1.000461e+00
1.000791e+00 1.000453e+00
1.000698e+00 1.000398e+00
1.000894e+00 1.000515e+00
1.000838e+00 1.000455e+00
1.000978e+00 1.000551e+00
1.001015e+00 1.000555e+00
1.001032e+00 1.000604e+00
1.000736e+00 1.000415e+00
1.000875e+00 1.000514e+00
1.001049e+00 1.000584e+00
1.001316e+00 1.000742e+00
1.000909e+00 1.000552e+00
1.001095e+00 1.000649e+00
1.000808e+00 1.000470e+00
1.000792e+00 1.000469e+00
1.000938e+00 1.000538e+00
1.001030e+00 1.000591e+00
1.001293e+00 1.000709e+00
1.000967e+00 1.000580e+00
1.001088e+00 1.000612e+00
1.000773e+00 1.000465e+00
1.001116e+00 1.000670e+00
1.001378e+00 1.000821e+00
1.000734e+00 1.000440e+00
1.000780e+00 1.000470e+00
1.001256e+00 1.000757e+00
1.000708e+00 1.000421e+00
1.000886e+00 1.000536e+00
1.001240e+00 1.000746e+00
1.001457e+00 1.000881e+00
1.000678e+00 1.000413e+00
1.001002e+00 1.000612e+00
1.001083e+00 1.000618e+00
1.000831e+00 1.000513e+00
1.001101e+00 1.000609e+00
1.001237e+00 1.000754e+00
1.000781e+00 1.000472e+00
1.000851e+00 1.000525e+00
1.001341e+00 1.000829e+00
1.000726e+00 1.000449e+00
1.001094e+00 1.000620e+00
1.001076e+00 1.000616e+00
1.001521e+00 1.000949e+00
1.000679e+00 1.000425e+00
1.000982e+00 1.000617e+00
1.001647e+00 1.000992e+00
1.000637e+00 1.000404e+00
1.001117e+00 1.000649e+00
1.001159e+00 1.000723e+00
1.000691e+00 1.000435e+00
1.000857e+00 1.000539e+00
1.001270e+00 1.000801e+00
1.001728e+00 1.001100e+00
1.000722e+00 1.000460e+00
1.000903e+00 1.000561e+00
1.001449e+00 1.000926e+00
1.000825e+00 1.000523e+00
1.000956e+00 1.000614e+00
1.001304e+00 1.000816e+00
1.001655e+00 1.001048e+00
1.000855e+00 1.000524e+00
1.001100e+00 1.000715e+00
1.000636e+00 1.000399e+00
1.000869e+00 1.000556e+00
1.001075e+00 1.000621e+00
1.001260e+00 1.000797e+00
1.000741e+00 1.000466e+00
1.000896e+00 1.000582e+00
1.001347e+00 1.000861e+00
1.000847e+00 1.000538e+00
1.001174e+00 1.000729e+00
1.001105e+00 1.000665e+00
1.001473e+00 1.000937e+00
1.000891e+00 1.000577e+00
1.001068e+00 1.000697e+00
1.001502e+00 1.000949e+00
1.000756e+00 1.000503e+00
1.001239e+00 1.000780e+00
1.001173e+00 1.000763e+00
1.000990e+00 1.000555e+00
1.001368e+00 1.000903e+00
1.001311e+00 1.000852e+00
1.001642e+00 1.001064e+00
1.001835e+00 1.001177e+00
1.000856e+00 1.000570e+00
1.001375e+00 1.000890e+00
1.000911e+00 1.000603e+00
1.001044e+00 1.000689e+00
1.001377e+00 1.000881e+00
1.001461e+00 1.000959e+00
1.000930e+00 1.000622e+00
1.001152e+00 1.000768e+00
1.001445e+00 1.000946e+00
1.000790e+00 1.000529e+00
1.001225e+00 1.000778e+00
1.001423e+00 1.000900e+00
1.001372e+00 1.000778e+00
1.000908e+00 1.000615e+00
1.001371e+00 1.000911e+00
1.000879e+00 1.000592e+00
1.001235e+00 1.000797e+00
1.001285e+00 1.000782e+00
1.001659e+00 1.001106e+00
1.000985e+00 1.000666e+00
1.001148e+00 1.000783e+00
1.001721e+00 1.001145e+00
1.002016e+00 1.001306e+00
1.000852e+00 1.000585e+00
1.001286e+00 1.000875e+00
1.001841e+00 1.001224e+00
1.000841e+00 1.000579e+00
1.001435e+00 1.000988e+00
1.001864e+00 1.001243e+00
1.002241e+00 1.001513e+00
1.000932e+00 1.000636e+00
1.001629e+00 1.001118e+00
1.001055e+00 1.000720e+00
1.001151e+00 1.000794e+00
1.001513e+00 1.001003e+00
1.001846e+00 1.001224e+00
1.001112e+00 1.000753e+00
1.001277e+00 1.000883e+00
1.002022e+00 1.001393e+00
1.001093e+00 1.000751e+00
1.001455e+00 1.000960e+00
1.001544e+00 1.001009e+00
1.002273e+00 1.001560e+00
1.000957e+00 1.000656e+00
1.001583e+00 1.001105e+00
1.002405e+00 1.001549e+00
1.000858e+00 1.000596e+00
1.001489e+00 1.001027e+00
1.001774e+00 1.001236e+00
1.001108e+00 1.000767e+00
1.001251e+00 1.000875e+00
1.001965e+00 1.001378e+00
1.002322e+00 1.001522e+00
1.000910e+00 1.000632e+00
1.001363e+00 1.000954e+00
1.002200e+00 1.001509e+00
1.001026e+00 1.000711e+00
1.001519e+00 1.001072e+00
1.001978e+00 1.001383e+00
1.002367e+00 1.001601e+00
1.000971e+00 1.000675e+00
1.001677e+00 1.001188e+00
1.001081e+00 1.000762e+00
1.001248e+00 1.000885e+00
1.001591e+00 1.001093e+00
1.001927e+00 1.001343e+00
1.001168e+00 1.000818e+00
1.001336e+00 1.000948e+00
1.002056e+00 1.001464e+00
1.001081e+00 1.000766e+00
1.001537e+00 1.001043e+00
1.001473e+00 1.001047e+00
1.002310e+00 1.001603e+00
1.001111e+00 1.000786e+00
1.001610e+00 1.001153e+00
1.002396e+00 1.001607e+00
1.000979e+00 1.000697e+00
1.001606e+00 1.001132e+00
1.001805e+00 1.001287e+00
1.001201e+00 1.000859e+00
1.001313e+00 1.000941e+00
1.001953e+00 1.001410e+00
1.002451e+00 1.001765e+00
1.001155e+00 1.000822e+00
1.001443e+00 1.001037e+00
1.002159e+00 1.001560e+00
1.001227e+00 1.000882e+00
1.001575e+00 1.001140e+00
1.002001e+00 1.001424e+00
1.002401e+00 1.001729e+00
1.001287e+00 1.000916e+00
1.001741e+00 1.001268e+00
1.002569e+00 1.001864e+00
1.001182e+00 1.000849e+00
1.001773e+00 1.001286e+00
1.002162e+00 1.001507e+00
1.001483e+00 1.001060e+00
1.001486e+00 1.001084e+00
1.001991e+00 1.001455e+00
1.001412e+00 1.001026e+00
1.001686e+00 1.001176e+00
1.001570e+00 1.001148e+00
1.002018e+00 1.001469e+00
1.001304e+00 1.000940e+00
1.001676e+00 1.001231e+00
1.001815e+00 1.001272e+00
1.001291e+00 1.000948e+00
1.001719e+00 1.001216e+00
1.001781e+00 1.001305e+00
1.002364e+00 1.001694e+00
1.001474e+00 1.001075e+00
1.001809e+00 1.001334e+00
1.002123e+00 1.001547e+00
1.001392e+00 1.001021e+00
1.001617e+00 1.001189e+00
1.001860e+00 1.001371e+00
1.001434e+00 1.001054e+00
1.001643e+00 1.001214e+00
1.002024e+00 1.001489e+00
1.002144e+00 1.001517e+00
1.001534e+00 1.001129e+00
1.001740e+00 1.001284e+00
1.002286e+00 1.001660e+00
1.001584e+00 1.001164e+00
1.001974e+00 1.001388e+00
1.002291e+00 1.001618e+00
1.001999e+00 1.001401e+00
1.001970e+00 1.001455e+00
1.001905e+00 1.001414e+00
1.002357e+00 1.001576e+00
1.002862e+00 1.002085e+00
1.002015e+00 1.001484e+00
1.001937e+00 1.001431e+00
1.001716e+00 1.001274e+00
1.001852e+00 1.001385e+00
1.001835e+00 1.001331e+00
1.002390e+00 1.001772e+00
1.002680e+00 1.001885e+00
1.002060e+00 1.001493e+00
1.002878e+00 1.002026e+00
1.002418e+00 1.001701e+00
1.002121e+00 1.001500e+00
1.002437e+00 1.001700e+00
1.002630e+00 1.001806e+00
1.002119e+00 1.001463e+00
1.003039e+00 1.002074e+00
1.001761e+00 1.001218e+00
1.002690e+00 1.001805e+00
1.002764e+00 1.001836e+00
1.003123e+00 1.002117e+00
1.002193e+00 1.001467e+00
1.002992e+00 1.002008e+00
1.002299e+00 1.001536e+00
1.002307e+00 1.001545e+00
1.002656e+00 1.001775e+00
1.003050e+00 1.002038e+00
1.002165e+00 1.001441e+00
1.003199e+00 1.002138e+00
1.002516e+00 1.001680e+00
1.002548e+00 1.001707e+00
1.002983e+00 1.001999e+00
1.003261e+00 1.002185e+00
1.004148e+00 1.002778e+00
1.005166e+00 1.003460e+00
1.003248e+00 1.002180e+00
1.004134e+00 1.002788e+00
1.004553e+00 1.003072e+00
1.004716e+00 1.003195e+00
1.004143e+00 1.002845e+00
1.005066e+00 1.003491e+00
1.006140e+00 1.004209e+00
1.000854e+00 1.000250e+00
1.000656e+00 1.000293e+00
1.000619e+00 1.000284e+00
1.000616e+00 1.000197e+00
1.000645e+00 1.000272e+00
1.000683e+00 1.000316e+00
1.000653e+00 1.000284e+00
1.000579e+00 1.000302e+00
1.000545e+00 1.000213e+00
1.000608e+00 1.000233e+00
1.000689e+00 1.000237e+00
1.000675e+00 1.000230e+00
1.000640e+00 1.000241e+00
1.000575e+00 1.000360e+00
1.000608e+00 1.000262e+00
1.000691e+00 1.000270e+00
1.000721e+00 1.000273e+00
1.000705e+00 1.000265e+00
1.000713e+00 1.000417e+00
1.000681e+00 1.000472e+00
1.000748e+00 1.000359e+00
1.000798e+00 1.000321e+00
1.000810e+00 1.000480e+00
1.000829e+00 1.000465e+00
1.000820e+00 1.000313e+00
1.000750e+00 1.000463e+00
1.000733e+00 1.000503e+00
1.000805e+00 1.000354e+00
1.000870e+00 1.000608e+00
1.000922e+00 1.000437e+00
1.000902e+00 1.000376e+00
1.000879e+00 1.000566e+00
1.000890e+00 1.000626e+00
1.000979e+00 1.000468e+00
1.001038e+00 1.000695e+00
1.001266e+00 1.000648e+00
1.001642e+00 1.001074e+00
1.001845e+00 1.001277e+00
1.001603e+00 1.000707e+00
1.001404e+00 1.000631e+00
1.001393e+00 1.000873e+00
1.001462e+00 1.000674e+00
1.001419e+00 1.000614e+00
1.001405e+00 1.000976e+00
1.001512e+00 1.000750e+00
1.001522e+00 1.000718e+00
1.001948e+00 1.001061e+00
1.002773e+00 1.001294e+00
1.002318e+00 1.001077e+00
1.002425e+00 1.001719e+00
1.002849e+00 1.001541e+00
1.002582e+00 1.001229e+00
1.002217e+00 1.001045e+00
1.002106e+00 1.001281e+00
1.002705e+00 1.001775e+00
1.003206e+00 1.002001e+00
1.003281e+00 1.001583e+00
1.004138e+00 1.002062e+00
1.003497e+00 1.001640e+00
1.002852e+00 1.001345e+00
1.002957e+00 1.002078e+00
1.003228e+00 1.002278e+00
1.003516e+00 1.001722e+00
1.004343e+00 1.002117e+00
1.005105e+00 1.002497e+00
1.005860e+00 1.002928e+00
1.006731e+00 1.003243e+00
1.005091e+00 1.002417e+00
1.004643e+00 1.003209e+00
1.005187e+00 1.003755e+00
1.006258e+00 1.004319e+00
1.005549e+00 1.002654e+00
1.004488e+00 1.002137e+00
1.004627e+00 1.003295e+00
1.004800e+00 1.002388e+00
1.004448e+00 1.002158e+00
1.004520e+00 1.003166e+00
1.005090e+00 1.003626e+00
1.006068e+00 1.003806e+00
1.004892e+00 1.002326e+00
1.004477e+00 1.003119e+00
1.004953e+00 1.003584e+00
1.005771e+00 1.003156e+00
1.006691e+00 1.003347e+00
1.005204e+00 1.002539e+00
1.004403e+00 1.002990e+00
1.004335e+00 1.003031e+00
1.005093e+00 1.003223e+00
1.005733e+00 1.002858e+00
1.006463e+00 1.003216e+00
1.004995e+00 1.002441e+00
1.004052e+00 1.002880e+00
1.003770e+00 1.002647e+00
1.004293e+00 1.002234e+00
1.005106e+00 1.002998e+00
1.004533e+00 1.002239e+00
1.004099e+00 1.002890e+00
1.003486e+00 1.002439e+00
1.003632e+00 1.002585e+00
1.004431e+00 1.002344e+00
1.005184e+00 1.002644e+00
1.006016e+00 1.003101e+00
1.005346e+00 1.002620e+00
1.004155e+00 1.001999e+00
1.003729e+00 1.002573e+00
1.004147e+00 1.003010e+00
1.005106e+00 1.003639e+00
1.003989e+00 1.001975e+00
1.003544e+00 1.001648e+00
1.003503e+00 1.002501e+00
1.003742e+00 1.002207e+00
1.004455e+00 1.002288e+00
1.005341e+00 1.003831e+00
1.003949e+00 1.001961e+00
1.003263e+00 1.002179e+00
1.003303e+00 1.002347e+00
1.003577e+00 1.002560e+00
1.004340e+00 1.002209e+00
1.005076e+00 1.002605e+00
1.005973e+00 1.003307e+00
1.004534e+00 1.002224e+00
1.003577e+00 1.002423e+00
1.003577e+00 1.002541e+00
1.004152e+00 1.002153e+00
1.005017e+00 1.002651e+00
1.005742e+00 1.002937e+00
1.006582e+00 1.003273e+00
1.004362e+00 1.002121e+00
1.003473e+00 1.002390e+00
1.002732e+00 1.001299e+00
1.002283e+00 1.001026e+00
1.002180e+00 1.001440e+00
1.001978e+00 1.000817e+00
1.001909e+00 1.001244e+00
1.002017e+00 1.001137e+00
1.002081e+00 1.001031e+00
1.002141e+00 1.001081e+00
1.002643e+00 1.001949e+00
1.003305e+00 1.001751e+00
1.003548e+00 1.002590e+00
1.003824e+00 1.002169e+00
1.004596e+00 1.002450e+00
1.003781e+00 1.001908e+00
1.003243e+00 1.001606e+00
1.002982e+00 1.002109e+00
1.003117e+00 1.002273e+00
1.003369e+00 1.002436e+00
1.004085e+00 1.002142e+00
1.003417e+00 1.001728e+00
1.002960e+00 1.002079e+00
1.003333e+00 1.002445e+00
1.003796e+00 1.002676e+00
1.003912e+00 1.002080e+00
1.004696e+00 1.002502e+00
1.005442e+00 1.002902e+00
1.006162e+00 1.003278e+00
1.004812e+00 1.002439e+00
1.003786e+00 1.002598e+00
1.003231e+00 1.002256e+00
1.002626e+00 1.001284e+00
1.002319e+00 1.001531e+00
1.002570e+00 1.001847e+00
1.003184e+00 1.001960e+00
1.003408e+00 1.001958e+00
1.003627e+00 1.001940e+00
1.004332e+00 1.002342e+00
1.003349e+00 1.001753e+00
1.002837e+00 1.001331e+00
1.002485e+00 1.001697e+00
1.002176e+00 1.001454e+00
1.002176e+00 1.001553e+00
1.002567e+00 1.001583e+00
1.003210e+00 1.002283e+00
1.002850e+00 1.001519e+00
1.003334e+00 1.002503e+00
1.003723e+00 1.002714e+00
1.003993e+00 1.002129e+00
1.004550e+00 1.002472e+00
1.005548e+00 1.003959e+00
1.004142e+00 1.002165e+00
1.003536e+00 1.002522e+00
1.003657e+00 1.002634e+00
1.003963e+00 1.002639e+00
1.003480e+00 1.001868e+00
1.002811e+00 1.001492e+00
1.003134e+00 1.002423e+00
1.004138e+00 1.002978e+00
1.004261e+00 1.002337e+00
1.004670e+00 1.002916e+00
1.004351e+00 1.002331e+00
1.003588e+00 1.001855e+00
1.002927e+00 1.002143e+00
1.003413e+00 1.002556e+00
1.003898e+00 1.002825e+00
1.004046e+00 1.002216e+00
1.004777e+00 1.002583e+00
1.003648e+00 1.001949e+00
1.002890e+00 1.002090e+00
1.002410e+00 1.001736e+00
1.002465e+00 1.001832e+00
1.002673e+00 1.001460e+00
1.002204e+00 1.001187e+00
1.002059e+00 1.001490e+00
1.002482e+00 1.001861e+00
1.003043e+00 1.001739e+00
1.003329e+00 1.002492e+00
1.002679e+00 1.001463e+00
1.002144e+00 1.001174e+00
1.002183e+00 1.001611e+00
1.002674e+00 1.001993e+00
1.003337e+00 1.002342e+00
1.003613e+00 1.002566e+00
1.003773e+00 1.002102e+00
1.004334e+00 1.002453e+00
1.003585e+00 1.001950e+00
1.002975e+00 1.001547e+00
1.003363e+00 1.002477e+00
1.003844e+00 1.002728e+00
1.002680e+00 1.001464e+00
1.002243e+00 1.001628e+00
1.001988e+00 1.001077e+00
1.001883e+00 1.001352e+00
1.002322e+00 1.001701e+00
1.002468e+00 1.001833e+00
1.002518e+00 1.001468e+00
1.002403e+00 1.001344e+00
1.002886e+00 1.002174e+00
1.003731e+00 1.002687e+00
1.003357e+00 1.001856e+00
1.003554e+00 1.002626e+00
1.003881e+00 1.002811e+00
1.002982e+00 1.001637e+00
1.003313e+00 1.002556e+00
1.004085e+00 1.002979e+00
1.004062e+00 1.002236e+00
1.003552e+00 1.002574e+00
1.003702e+00 1.002736e+00
