17 138
18 118
20 131
20 121
18 149
17 161
17 170
22 169
19 163
22 163
24 157
21 164
17 163
15 159
15 162
19 174
16 166
17 170
18 180
16 175
20 187
17 188
16 179
21 176
18 200
24 198
24 187
24 184
25 185
25 190
26 191
24 188
23 195
24 178
23 181
16 195
24 197
24 196
25 171
25 168
20 163
16 166
25 183
21 169
21 181
22 173
20 191
20 180
19 193
18 197
19 185
17 190
18 194
18 196
18 201
17 193
20 199
22 188
24 196
19 192
18 195
19 199
19 199
17 197
22 194
21 196
19 198
20 202
24 205
20 200
17 215
17 232
17 245
24 264
18 283
23 303
30 341
30 329
30 325
52 334
19 341
37 334
45 331
58 329
38 344
51 341
37 347
21 335
18 349
74 337
63 341
41 358
58 365
50 379
30 365
8 351
12 367
91 404
49 423
21 434
55 465
10 453
52 476
53 494
56 499
47 504
34 495
26 493
