1.000034e+00 1.000009e+00
1.000053e+00 1.000014e+00
1.000045e+00 1.000009e+00
1.000045e+00 1.000010e+00
1.000043e+00 1.000012e+00
1.000047e+00 1.000014e+00
1.000048e+00 1.000014e+00
1.000058e+00 1.000016e+00
1.000067e+00 1.000021e+00
1.000057e+00 1.000020e+00
1.000054e+00 1.000019e+00
1.000066e+00 1.000022e+00
1.000067e+00 1.000023e+00
1.000064e+00 1.000017e+00
1.000063e+00 1.000015e+00
1.000080e+00 1.000020e+00
1.000076e+00 1.000019e+00
1.000081e+00 1.000021e+00
1.000078e+00 1.000020e+00
1.000088e+00 1.000024e+00
1.000102e+00 1.000029e+00
1.000087e+00 1.000026e+00
1.000101e+00 1.000031e+00
1.000102e+00 1.000031e+00
1.000101e+00 1.000030e+00
1.000112e+00 1.000031e+00
1.000087e+00 1.000035e+00
1.000114e+00 1.000039e+00
1.000094e+00 1.000037e+00
1.000107e+00 1.000044e+00
1.000112e+00 1.000045e+00
1.000126e+00 1.000048e+00
1.000132e+00 1.000050e+00
1.000133e+00 1.000039e+00
1.000121e+00 1.000037e+00
1.000145e+00 1.000045e+00
1.000169e+00 1.000051e+00
1.000142e+00 1.000045e+00
1.000138e+00 1.000045e+00
1.000140e+00 1.000046e+00
1.000147e+00 1.000049e+00
1.000205e+00 1.000075e+00
1.000220e+00 1.000077e+00
1.000217e+00 1.000079e+00
1.000299e+00 1.000124e+00
1.000252e+00 1.000109e+00
1.000329e+00 1.000142e+00
1.000285e+00 1.000109e+00
1.000296e+00 1.000105e+00
1.000286e+00 1.000098e+00
1.000313e+00 1.000102e+00
1.000288e+00 1.000098e+00
1.000329e+00 1.000110e+00
1.000305e+00 1.000116e+00
1.000374e+00 1.000146e+00
1.000323e+00 1.000107e+00
1.000334e+00 1.000129e+00
1.000299e+00 1.000103e+00
1.000329e+00 1.000122e+00
1.000354e+00 1.000135e+00
1.000391e+00 1.000149e+00
1.000434e+00 1.000166e+00
1.000426e+00 1.000167e+00
1.000490e+00 1.000177e+00
1.000483e+00 1.000199e+00
1.000465e+00 1.000161e+00
1.000570e+00 1.000231e+00
1.000621e+00 1.000251e+00
1.000498e+00 1.000172e+00
1.000553e+00 1.000199e+00
1.000640e+00 1.000271e+00
1.000655e+00 1.000259e+00
1.000731e+00 1.000264e+00
1.000928e+00 1.000352e+00
1.001047e+00 1.000395e+00
1.001447e+00 1.000606e+00
1.001835e+00 1.000881e+00
1.003158e+00 1.001225e+00
1.004669e+00 1.001646e+00
1.007486e+00 1.002918e+00
1.013126e+00 1.006509e+00
1.017473e+00 1.005243e+00
1.016460e+00 1.004972e+00
1.015360e+00 1.005107e+00
1.014320e+00 1.004646e+00
1.012298e+00 1.003788e+00
1.013746e+00 1.004495e+00
1.018868e+00 1.005954e+00
1.022875e+00 1.008620e+00
1.024090e+00 1.007831e+00
1.019835e+00 1.006640e+00
1.017017e+00 1.007866e+00
1.017267e+00 1.005420e+00
1.016081e+00 1.005430e+00
1.016917e+00 1.006103e+00
1.022843e+00 1.009124e+00
1.029610e+00 1.012036e+00
1.022177e+00 1.007388e+00
1.018864e+00 1.006521e+00
1.023350e+00 1.008565e+00
1.024105e+00 1.008313e+00
1.029236e+00 1.007629e+00
1.027213e+00 1.006823e+00
1.021702e+00 1.005416e+00
1.014161e+00 1.003538e+00
1.008383e+00 1.002863e+00
1.006222e+00 1.002147e+00
1.005147e+00 1.001834e+00
